1.000000e+00 0.000000e+00 0.000000e+00 0.000000e+00 0.000000e+00 1.000000e+00 0.000000e+00 0.000000e+00 0.000000e+00 0.000000e+00 1.000000e+00 0.000000e+00
9.999906e-01 -2.707273e-03 -3.391027e-03 -8.985869e-04 2.699794e-03 9.999939e-01 -2.208177e-03 -2.374128e-03 3.396984e-03 2.199001e-03 9.999918e-01 6.766874e-01
9.999718e-01 -1.692060e-03 -7.320212e-03 -1.301684e-02 1.664424e-03 9.999915e-01 -3.779771e-03 -5.239890e-03 7.326546e-03 3.767480e-03 9.999661e-01 1.373856e+00
9.999358e-01 -1.800055e-03 -1.118863e-02 -2.554147e-02 1.743179e-03 9.999855e-01 -5.090990e-03 -8.308290e-03 1.119763e-02 5.071160e-03 9.999244e-01 2.092795e+00
9.998680e-01 -8.849683e-04 -1.622402e-02 -4.140152e-02 7.903335e-04 9.999826e-01 -5.838490e-03 -1.086551e-02 1.622890e-02 5.824897e-03 9.998513e-01 2.838297e+00
9.997835e-01 -1.475238e-03 -2.075503e-02 -5.938570e-02 1.351214e-03 9.999812e-01 -5.988364e-03 -1.920884e-02 2.076348e-02 5.959023e-03 9.997667e-01 3.585096e+00
9.996799e-01 3.081432e-04 -2.529716e-02 -8.562394e-02 -4.950669e-04 9.999726e-01 -7.383184e-03 -2.685355e-02 2.529419e-02 7.393345e-03 9.996527e-01 4.340903e+00
9.995398e-01 2.722924e-03 -3.021179e-02 -1.147661e-01 -2.967923e-03 9.999631e-01 -8.067506e-03 -3.662144e-02 3.018870e-02 8.153460e-03 9.995110e-01 5.123786e+00
9.993924e-01 3.156989e-03 -3.470978e-02 -1.455019e-01 -3.383318e-03 9.999734e-01 -6.463813e-03 -4.600477e-02 3.468845e-02 6.577320e-03 9.993765e-01 5.919454e+00
9.992138e-01 2.407103e-03 -3.957379e-02 -1.782222e-01 -2.562375e-03 9.999892e-01 -3.873362e-03 -5.387512e-02 3.956404e-02 3.971720e-03 9.992091e-01 6.728597e+00
9.990621e-01 2.447009e-03 -4.323064e-02 -2.124472e-01 -2.501478e-03 9.999961e-01 -1.205915e-03 -6.455999e-02 4.322752e-02 1.312925e-03 9.990644e-01 7.542464e+00
9.989417e-01 3.719595e-03 -4.584464e-02 -2.566843e-01 -3.795013e-03 9.999916e-01 -1.558162e-03 -7.815849e-02 4.583845e-02 1.730494e-03 9.989474e-01 8.360361e+00
9.988219e-01 3.029756e-03 -4.843235e-02 -2.982962e-01 -3.121071e-03 9.999935e-01 -1.809885e-03 -8.547021e-02 4.842655e-02 1.958914e-03 9.988248e-01 9.185453e+00
9.987378e-01 5.566636e-04 -5.022440e-02 -3.371213e-01 -7.064908e-04 9.999954e-01 -2.965451e-03 -8.695927e-02 5.022252e-02 2.997191e-03 9.987336e-01 1.002549e+01
9.986116e-01 5.437147e-04 -5.267480e-02 -3.785732e-01 -6.736663e-04 9.999968e-01 -2.449331e-03 -9.292495e-02 5.267329e-02 2.481416e-03 9.986087e-01 1.086493e+01
9.985278e-01 -1.413249e-03 -5.422449e-02 -4.246280e-01 1.283601e-03 9.999962e-01 -2.425689e-03 -1.047482e-01 5.422772e-02 2.352515e-03 9.985258e-01 1.172480e+01
9.984244e-01 8.189809e-04 -5.610677e-02 -4.807686e-01 -1.102063e-03 9.999868e-01 -5.014660e-03 -1.129029e-01 5.610192e-02 5.068592e-03 9.984122e-01 1.258977e+01
9.983445e-01 1.057448e-03 -5.750821e-02 -5.349107e-01 -1.488522e-03 9.999711e-01 -7.453547e-03 -1.294167e-01 5.749867e-02 7.526810e-03 9.983172e-01 1.345898e+01
9.982179e-01 4.313941e-03 -5.951762e-02 -5.908725e-01 -4.844859e-03 9.999497e-01 -8.778933e-03 -1.446617e-01 5.947676e-02 9.051642e-03 9.981887e-01 1.434022e+01
9.981622e-01 5.198105e-03 -6.037624e-02 -6.544026e-01 -5.725780e-03 9.999469e-01 -8.570053e-03 -1.588749e-01 6.032849e-02 8.900004e-03 9.981389e-01 1.523174e+01
9.980745e-01 4.322181e-03 -6.187502e-02 -7.098517e-01 -4.779035e-03 9.999624e-01 -7.237414e-03 -1.732369e-01 6.184142e-02 7.519182e-03 9.980577e-01 1.612109e+01
9.979816e-01 4.688829e-03 -6.333079e-02 -7.693575e-01 -5.060848e-03 9.999709e-01 -5.715086e-03 -1.876559e-01 6.330215e-02 6.024058e-03 9.979762e-01 1.702096e+01
9.979124e-01 4.019948e-03 -6.445623e-02 -8.270573e-01 -4.392127e-03 9.999745e-01 -5.633464e-03 -2.006308e-01 6.443194e-02 5.904804e-03 9.979046e-01 1.792922e+01
9.978086e-01 3.868748e-03 -6.605257e-02 -8.916392e-01 -4.319319e-03 9.999684e-01 -6.679961e-03 -2.104853e-01 6.602463e-02 6.950625e-03 9.977938e-01 1.883439e+01
9.977314e-01 2.440947e-03 -6.727648e-02 -9.512714e-01 -2.949553e-03 9.999678e-01 -7.461646e-03 -2.240178e-01 6.725610e-02 7.643154e-03 9.977065e-01 1.974207e+01
9.976833e-01 2.139811e-03 -6.799553e-02 -1.010961e+00 -2.525903e-03 9.999812e-01 -5.592721e-03 -2.406464e-01 6.798229e-02 5.751515e-03 9.976699e-01 2.066386e+01
9.976598e-01 3.575302e-03 -6.827922e-02 -1.075396e+00 -3.733626e-03 9.999906e-01 -2.191297e-03 -2.532460e-01 6.827074e-02 2.441098e-03 9.976638e-01 2.159075e+01
9.977058e-01 4.188475e-03 -6.756922e-02 -1.141109e+00 -4.098474e-03 9.999905e-01 1.470552e-03 -2.619704e-01 6.757474e-02 -1.190248e-03 9.977135e-01 2.251728e+01
9.978159e-01 2.964591e-03 -6.598945e-02 -1.206997e+00 -2.703982e-03 9.999882e-01 4.038208e-03 -2.686471e-01 6.600064e-02 -3.850954e-03 9.978121e-01 2.345379e+01
9.979006e-01 2.782143e-03 -6.470456e-02 -1.267635e+00 -2.481188e-03 9.999857e-01 4.731109e-03 -2.742571e-01 6.471680e-02 -4.560633e-03 9.978932e-01 2.439832e+01
9.979894e-01 3.301525e-03 -6.329455e-02 -1.333633e+00 -3.191937e-03 9.999932e-01 1.832433e-03 -2.809614e-01 6.330017e-02 -1.626716e-03 9.979932e-01 2.535412e+01
9.980297e-01 3.814217e-03 -6.262743e-02 -1.394688e+00 -4.011236e-03 9.999874e-01 -3.020458e-03 -2.882610e-01 6.261512e-02 3.265720e-03 9.980324e-01 2.630037e+01
9.981118e-01 2.531479e-03 -6.137150e-02 -1.456299e+00 -2.894962e-03 9.999788e-01 -5.834466e-03 -3.000136e-01 6.135543e-02 6.001117e-03 9.980979e-01 2.726023e+01
9.981560e-01 -3.569046e-04 -6.069999e-02 -1.516654e+00 5.355765e-05 9.999875e-01 -4.999032e-03 -3.122718e-01 6.070102e-02 4.986563e-03 9.981435e-01 2.821332e+01
9.981319e-01 -2.108218e-03 -6.105994e-02 -1.576365e+00 2.110955e-03 9.999978e-01 -1.968720e-05 -3.254340e-01 6.105984e-02 -1.092443e-04 9.981341e-01 2.917798e+01
9.980742e-01 -6.032742e-03 -6.173801e-02 -1.636987e+00 6.261262e-03 9.999742e-01 3.508654e-03 -3.385034e-01 6.171525e-02 -3.888454e-03 9.980862e-01 3.016928e+01
9.979279e-01 -1.298392e-02 -6.301791e-02 -1.690317e+00 1.318493e-02 9.999092e-01 2.774982e-03 -3.492619e-01 6.297616e-02 -3.600119e-03 9.980085e-01 3.114392e+01
9.978071e-01 -1.533610e-02 -6.438749e-02 -1.746750e+00 1.528334e-02 9.998823e-01 -1.311889e-03 -3.540301e-01 6.440003e-02 3.249558e-04 9.979241e-01 3.211014e+01
9.977269e-01 -1.571902e-02 -6.552841e-02 -1.817297e+00 1.543000e-02 9.998689e-01 -4.914381e-03 -3.722799e-01 6.559707e-02 3.892106e-03 9.978386e-01 3.308976e+01
9.976244e-01 -1.386441e-02 -6.747871e-02 -1.894564e+00 1.349528e-02 9.998914e-01 -5.923084e-03 -3.833554e-01 6.755350e-02 4.998369e-03 9.977031e-01 3.406758e+01
9.975858e-01 -1.373542e-02 -6.807256e-02 -1.962940e+00 1.345168e-02 9.998988e-01 -4.624781e-03 -3.932789e-01 6.812920e-02 3.697925e-03 9.976697e-01 3.506518e+01
9.975274e-01 -1.029948e-02 -6.952030e-02 -2.042696e+00 1.017544e-02 9.999459e-01 -2.138090e-03 -4.054424e-01 6.953856e-02 1.425403e-03 9.975782e-01 3.606527e+01
9.974399e-01 -1.061435e-02 -7.071825e-02 -2.114209e+00 1.058873e-02 9.999437e-01 -7.371217e-04 -4.197217e-01 7.072209e-02 -1.358217e-05 9.974961e-01 3.706307e+01
9.973707e-01 -9.152188e-03 -7.188855e-02 -2.188542e+00 9.333339e-03 9.999541e-01 2.184367e-03 -4.310101e-01 7.186525e-02 -2.849584e-03 9.974103e-01 3.805580e+01
9.973921e-01 -9.515981e-03 -7.154342e-02 -2.263005e+00 9.918350e-03 9.999369e-01 5.270966e-03 -4.429087e-01 7.148875e-02 -5.966813e-03 9.974236e-01 3.905185e+01
9.973758e-01 -3.822541e-03 -7.229750e-02 -2.347748e+00 4.353377e-03 9.999647e-01 7.186239e-03 -4.449222e-01 7.226747e-02 -7.482119e-03 9.973572e-01 4.004848e+01
9.973589e-01 -4.491521e-03 -7.249117e-02 -2.424496e+00 4.994125e-03 9.999647e-01 6.753558e-03 -4.550442e-01 7.245828e-02 -7.097751e-03 9.973462e-01 4.105177e+01
9.973665e-01 -4.660835e-03 -7.237658e-02 -2.498733e+00 5.055507e-03 9.999733e-01 5.270811e-03 -4.636781e-01 7.235009e-02 -5.622831e-03 9.973634e-01 4.204809e+01
9.973721e-01 -2.657088e-03 -7.240118e-02 -2.581419e+00 2.897067e-03 9.999907e-01 3.209771e-03 -4.753245e-01 7.239197e-02 -3.411087e-03 9.973704e-01 4.303480e+01
9.973252e-01 -2.760874e-03 -7.303990e-02 -2.661672e+00 2.992056e-03 9.999909e-01 3.055917e-03 -4.826227e-01 7.303079e-02 -3.266282e-03 9.973243e-01 4.403782e+01
9.972043e-01 -5.198688e-03 -7.454267e-02 -2.725839e+00 5.543443e-03 9.999749e-01 4.418786e-03 -4.948560e-01 7.451782e-02 -4.819655e-03 9.972080e-01 4.502146e+01
9.971569e-01 -5.186693e-03 -7.517463e-02 -2.805018e+00 5.645403e-03 9.999667e-01 5.890713e-03 -5.077074e-01 7.514158e-02 -6.298356e-03 9.971530e-01 4.600272e+01
9.971592e-01 -2.765161e-03 -7.527221e-02 -2.887530e+00 2.985352e-03 9.999916e-01 2.812913e-03 -5.269414e-01 7.526380e-02 -3.029636e-03 9.971591e-01 4.698937e+01
9.970931e-01 -2.291671e-03 -7.615845e-02 -2.969020e+00 2.197699e-03 9.999967e-01 -1.317676e-03 -5.367707e-01 7.616122e-02 1.146472e-03 9.970949e-01 4.795053e+01
9.970498e-01 -1.558166e-03 -7.674191e-02 -3.047897e+00 1.366350e-03 9.999958e-01 -2.551934e-03 -5.534068e-01 7.674556e-02 2.439549e-03 9.970477e-01 4.891434e+01
9.970425e-01 -2.513759e-03 -7.681150e-02 -3.127356e+00 2.593501e-03 9.999962e-01 9.384112e-04 -5.665009e-01 7.680885e-02 -1.134846e-03 9.970452e-01 4.989815e+01
9.970139e-01 -4.997473e-03 -7.706035e-02 -3.200715e+00 5.330716e-03 9.999773e-01 4.119345e-03 -5.759358e-01 7.703802e-02 -4.517831e-03 9.970179e-01 5.088184e+01
9.969861e-01 -7.233990e-03 -7.724202e-02 -3.276879e+00 7.633555e-03 9.999590e-01 4.878892e-03 -5.882037e-01 7.720355e-02 -5.453819e-03 9.970004e-01 5.184383e+01
9.969190e-01 -1.061337e-02 -7.771649e-02 -3.345176e+00 1.094405e-02 9.999328e-01 3.830170e-03 -5.999178e-01 7.767062e-02 -4.668903e-03 9.969681e-01 5.279734e+01
9.968361e-01 -1.354921e-02 -7.832154e-02 -3.414162e+00 1.380906e-02 9.999008e-01 2.777098e-03 -6.155217e-01 7.827614e-02 -3.849859e-03 9.969243e-01 5.375869e+01
9.967131e-01 -1.532866e-02 -7.954881e-02 -3.487996e+00 1.569078e-02 9.998692e-01 3.928974e-03 -6.259622e-01 7.947818e-02 -5.164243e-03 9.968232e-01 5.470932e+01
9.965695e-01 -1.838265e-02 -8.069319e-02 -3.564039e+00 1.907502e-02 9.997875e-01 7.817722e-03 -6.291650e-01 8.053233e-02 -9.330127e-03 9.967083e-01 5.566896e+01
9.964866e-01 -1.966379e-02 -8.141186e-02 -3.641228e+00 2.081149e-02 9.996953e-01 1.327283e-02 -6.383638e-01 8.112606e-02 -1.492050e-02 9.965922e-01 5.661988e+01
9.964751e-01 -1.788898e-02 -8.195914e-02 -3.723866e+00 1.920313e-02 9.996989e-01 1.527403e-02 -6.387591e-01 8.166122e-02 -1.679406e-02 9.965186e-01 5.757243e+01
9.963969e-01 -1.667437e-02 -8.315803e-02 -3.809143e+00 1.765860e-02 9.997823e-01 1.111413e-02 -6.398213e-01 8.295461e-02 -1.254254e-02 9.964744e-01 5.851130e+01
9.963141e-01 -1.464755e-02 -8.452017e-02 -3.892337e+00 1.496037e-02 9.998834e-01 3.068898e-03 -6.424656e-01 8.446536e-02 -4.322039e-03 9.964170e-01 5.943464e+01
9.962757e-01 -1.306733e-02 -8.522883e-02 -3.977731e+00 1.297294e-02 9.999145e-01 -1.661221e-03 -6.534472e-01 8.524325e-02 5.493652e-04 9.963600e-01 6.034537e+01
9.962357e-01 -7.970402e-03 -8.631872e-02 -4.063884e+00 7.955438e-03 9.999682e-01 -5.173509e-04 -6.666178e-01 8.632010e-02 -1.712998e-04 9.962674e-01 6.125871e+01
9.961330e-01 -4.638808e-03 -8.773553e-02 -4.150945e+00 4.772600e-03 9.999877e-01 1.315239e-03 -6.764083e-01 8.772835e-02 -1.728879e-03 9.961429e-01 6.215321e+01
9.960321e-01 -2.850581e-03 -8.894901e-02 -4.232731e+00 3.133751e-03 9.999905e-01 3.044025e-03 -6.903779e-01 8.893948e-02 -3.310691e-03 9.960315e-01 6.304471e+01
9.959237e-01 -2.562774e-03 -9.016368e-02 -4.313607e+00 2.853153e-03 9.999911e-01 3.091837e-03 -7.034032e-01 9.015496e-02 -3.336484e-03 9.959222e-01 6.390540e+01
9.957664e-01 -9.178755e-04 -9.191547e-02 -4.395722e+00 1.262768e-03 9.999924e-01 3.694189e-03 -7.109312e-01 9.191138e-02 -3.794617e-03 9.957600e-01 6.475280e+01
9.956388e-01 -2.089195e-04 -9.329169e-02 -4.478838e+00 6.002924e-04 9.999911e-01 4.167111e-03 -7.248234e-01 9.328999e-02 -4.204939e-03 9.956301e-01 6.559218e+01
9.954991e-01 -6.056081e-04 -9.476928e-02 -4.560210e+00 1.060609e-03 9.999882e-01 4.750843e-03 -7.351762e-01 9.476528e-02 -4.829973e-03 9.954879e-01 6.643264e+01
9.953841e-01 -1.057578e-03 -9.596516e-02 -4.641898e+00 1.632235e-03 9.999812e-01 5.909873e-03 -7.452130e-01 9.595711e-02 -6.039232e-03 9.953671e-01 6.724245e+01
9.952381e-01 1.285977e-03 -9.746472e-02 -4.725711e+00 -4.597690e-04 9.999638e-01 8.498976e-03 -7.514761e-01 9.747212e-02 -8.413694e-03 9.952027e-01 6.803452e+01
9.951082e-01 2.695165e-03 -9.875476e-02 -4.810575e+00 -1.451989e-03 9.999188e-01 1.265823e-02 -7.592175e-01 9.878086e-02 -1.245291e-02 9.950313e-01 6.881724e+01
9.949322e-01 5.651799e-03 -1.003886e-01 -4.897471e+00 -4.269342e-03 9.998932e-01 1.398055e-02 -7.610581e-01 1.004569e-01 -1.348111e-02 9.948501e-01 6.959233e+01
9.947819e-01 7.797114e-03 -1.017263e-01 -4.982282e+00 -6.820305e-03 9.999273e-01 9.946608e-03 -7.706801e-01 1.017964e-01 -9.200901e-03 9.947627e-01 7.035280e+01
9.946591e-01 7.313942e-03 -1.029551e-01 -5.065077e+00 -7.050368e-03 9.999709e-01 2.923766e-03 -7.843496e-01 1.029734e-01 -2.182279e-03 9.946817e-01 7.108704e+01
9.945021e-01 6.087366e-03 -1.045393e-01 -5.136532e+00 -6.405021e-03 9.999758e-01 -2.703172e-03 -7.949014e-01 1.045203e-01 3.357887e-03 9.945171e-01 7.177922e+01
9.944676e-01 6.710238e-03 -1.048295e-01 -5.214166e+00 -7.107377e-03 9.999689e-01 -3.415318e-03 -8.065861e-01 1.048033e-01 4.141486e-03 9.944843e-01 7.246676e+01
9.943625e-01 8.938706e-03 -1.056567e-01 -5.297912e+00 -8.924479e-03 9.999600e-01 6.074556e-04 -8.253550e-01 1.056579e-01 3.388998e-04 9.944025e-01 7.314514e+01
9.941936e-01 9.282599e-03 -1.072047e-01 -5.370630e+00 -8.995871e-03 9.999545e-01 3.157887e-03 -8.451270e-01 1.072291e-01 -2.175152e-03 9.942320e-01 7.379889e+01
9.941027e-01 5.772994e-03 -1.082887e-01 -5.438939e+00 -5.810739e-03 9.999831e-01 -3.301806e-05 -8.588685e-01 1.082866e-01 6.620605e-04 9.941195e-01 7.443652e+01
9.940939e-01 -2.449211e-03 -1.084960e-01 -5.494279e+00 1.944065e-03 9.999868e-01 -4.761423e-03 -8.772271e-01 1.085063e-01 4.522378e-03 9.940855e-01 7.504736e+01
9.941948e-01 -6.522838e-03 -1.073971e-01 -5.553405e+00 5.553268e-03 9.999411e-01 -9.324495e-03 -8.904714e-01 1.074516e-01 8.673960e-03 9.941725e-01 7.564658e+01
9.945228e-01 -4.087344e-03 -1.044399e-01 -5.617850e+00 3.113433e-03 9.999502e-01 -9.486413e-03 -9.029239e-01 1.044734e-01 9.109287e-03 9.944860e-01 7.623152e+01
9.949634e-01 6.564517e-04 -1.002368e-01 -5.683582e+00 -1.316292e-03 9.999779e-01 -6.516823e-03 -9.146773e-01 1.002303e-01 6.615942e-03 9.949423e-01 7.680803e+01
9.953979e-01 -1.036675e-03 -9.582225e-02 -5.731944e+00 7.090012e-04 9.999938e-01 -3.453587e-03 -9.242512e-01 9.582524e-02 3.369755e-03 9.953925e-01 7.735764e+01
9.959042e-01 -5.036976e-03 -9.027419e-02 -5.770879e+00 5.137328e-03 9.999864e-01 8.793066e-04 -9.355776e-01 9.026854e-02 -1.339473e-03 9.959166e-01 7.790649e+01
9.965665e-01 -9.365271e-03 -8.226501e-02 -5.802406e+00 9.746446e-03 9.999435e-01 4.233137e-03 -9.466727e-01 8.222072e-02 -5.020394e-03 9.966015e-01 7.843029e+01
9.974309e-01 -5.705890e-03 -7.140693e-02 -5.842077e+00 6.017591e-03 9.999733e-01 4.150775e-03 -9.538094e-01 7.138134e-02 -4.569809e-03 9.974386e-01 7.894902e+01
9.984260e-01 -2.924225e-04 -5.608483e-02 -5.877015e+00 5.021500e-04 9.999929e-01 3.725413e-03 -9.572618e-01 5.608334e-02 -3.747712e-03 9.984191e-01 7.945082e+01
9.992644e-01 4.434398e-03 -3.809175e-02 -5.896136e+00 -4.249662e-03 9.999788e-01 4.929361e-03 -9.653138e-01 3.811280e-02 -4.763858e-03 9.992621e-01 7.993982e+01
9.998649e-01 2.667414e-03 -1.621627e-02 -5.888955e+00 -2.573888e-03 9.999800e-01 5.785598e-03 -9.690352e-01 1.623138e-02 -5.743078e-03 9.998518e-01 8.042323e+01
9.999493e-01 -7.359323e-04 1.004024e-02 -5.865326e+00 6.632603e-04 9.999736e-01 7.239489e-03 -9.748704e-01 -1.004530e-02 -7.232463e-03 9.999234e-01 8.089174e+01
9.992181e-01 -1.725861e-03 3.949903e-02 -5.828053e+00 1.355406e-03 9.999549e-01 9.403696e-03 -9.833840e-01 -3.951348e-02 -9.342806e-03 9.991754e-01 8.135139e+01
9.973636e-01 -2.323936e-03 7.252870e-02 -5.774702e+00 1.499542e-03 9.999337e-01 1.141884e-02 -9.902680e-01 -7.255043e-02 -1.127997e-02 9.973010e-01 8.180804e+01
9.939067e-01 -2.140647e-03 1.102042e-01 -5.705759e+00 7.883888e-04 9.999239e-01 1.231259e-02 -9.930628e-01 -1.102221e-01 -1.215068e-02 9.938327e-01 8.225159e+01
9.883922e-01 -2.210923e-03 1.519075e-01 -5.615223e+00 2.607978e-04 9.999173e-01 1.285631e-02 -9.961544e-01 -1.519234e-01 -1.266746e-02 9.883111e-01 8.268165e+01
9.804078e-01 -2.823338e-03 1.969585e-01 -5.502681e+00 1.874335e-04 9.999102e-01 1.340040e-02 -9.998578e-01 -1.969787e-01 -1.310094e-02 9.803202e-01 8.310297e+01
9.692995e-01 -6.156755e-04 2.458821e-01 -5.370896e+00 -2.346088e-03 9.999282e-01 1.175235e-02 -1.005259e+00 -2.458717e-01 -1.196841e-02 9.692285e-01 8.350881e+01
9.543060e-01 3.427921e-04 2.988308e-01 -5.213985e+00 -3.423917e-03 9.999462e-01 9.787114e-03 -1.014789e+00 -2.988114e-01 -1.036307e-02 9.542559e-01 8.389779e+01
9.349561e-01 1.017806e-03 3.547619e-01 -5.036798e+00 -4.056126e-03 9.999612e-01 7.820830e-03 -1.013588e+00 -3.547402e-01 -8.751092e-03 9.349240e-01 8.426711e+01
9.112816e-01 1.406201e-03 4.117813e-01 -4.834328e+00 -4.579108e-03 9.999669e-01 6.718865e-03 -1.017509e+00 -4.117582e-01 -8.008370e-03 9.112579e-01 8.461985e+01
8.828028e-01 1.632851e-03 4.697409e-01 -4.616162e+00 -4.664217e-03 9.999751e-01 5.289669e-03 -1.020310e+00 -4.697205e-01 -6.860708e-03 8.827885e-01 8.494791e+01
8.499149e-01 4.045404e-04 5.269198e-01 -4.372396e+00 -2.457197e-03 9.999919e-01 3.195688e-03 -1.018866e+00 -5.269142e-01 -4.010809e-03 8.499090e-01 8.525399e+01
8.138376e-01 3.361591e-04 5.810923e-01 -4.110398e+00 -2.284050e-03 9.999940e-01 2.620390e-03 -1.025512e+00 -5.810879e-01 -3.459816e-03 8.138334e-01 8.554148e+01
7.744930e-01 -1.075045e-03 6.325816e-01 -3.834878e+00 -1.910695e-03 9.999900e-01 4.038775e-03 -1.031308e+00 -6.325796e-01 -4.336674e-03 7.744832e-01 8.581194e+01
7.323859e-01 -1.358505e-03 6.808884e-01 -3.544794e+00 -3.729708e-03 9.999750e-01 6.006942e-03 -1.030954e+00 -6.808796e-01 -6.938915e-03 7.323625e-01 8.606455e+01
6.875193e-01 -2.777753e-03 7.261608e-01 -3.239627e+00 -2.960850e-03 9.999736e-01 6.628451e-03 -1.033631e+00 -7.261601e-01 -6.707242e-03 6.874930e-01 8.629686e+01
6.409612e-01 -4.558433e-03 7.675597e-01 -2.926662e+00 -2.861781e-04 9.999809e-01 6.177728e-03 -1.041439e+00 -7.675732e-01 -4.179343e-03 6.409477e-01 8.650604e+01
5.944693e-01 -7.144073e-03 8.040866e-01 -2.595602e+00 4.647312e-03 9.999744e-01 5.448673e-03 -1.044333e+00 -8.041049e-01 4.977721e-04 5.944873e-01 8.668835e+01
5.483325e-01 -5.302347e-03 8.362436e-01 -2.263447e+00 2.273140e-03 9.999857e-01 4.850063e-03 -1.049662e+00 -8.362573e-01 -7.585487e-04 5.483367e-01 8.685907e+01
5.012773e-01 -2.716562e-03 8.652824e-01 -1.926284e+00 -1.839009e-03 9.999895e-01 4.204855e-03 -1.054354e+00 -8.652847e-01 -3.699060e-03 5.012671e-01 8.701943e+01
4.559518e-01 -6.234410e-04 8.900043e-01 -1.586127e+00 -3.602308e-03 9.999903e-01 2.545958e-03 -1.061558e+00 -8.899972e-01 -4.366904e-03 4.559451e-01 8.715916e+01
4.136969e-01 -3.250705e-03 9.104089e-01 -1.229293e+00 2.916499e-03 9.999932e-01 2.245294e-03 -1.063234e+00 -9.104100e-01 1.726335e-03 4.137035e-01 8.727603e+01
3.742353e-01 -1.117009e-02 9.272665e-01 -8.641159e-01 1.754753e-02 9.998337e-01 4.962251e-03 -1.062438e+00 -9.271678e-01 1.441418e-02 3.743690e-01 8.736691e+01
3.389965e-01 -1.496802e-02 9.406686e-01 -4.987740e-01 2.173967e-02 9.997311e-01 8.073322e-03 -1.059557e+00 -9.405364e-01 1.771300e-02 3.392307e-01 8.746131e+01
3.058773e-01 -1.070378e-02 9.520108e-01 -1.343320e-01 1.915204e-02 9.998036e-01 5.087660e-03 -1.058836e+00 -9.518783e-01 1.667675e-02 3.060222e-01 8.755882e+01
2.750760e-01 -2.861948e-03 9.614182e-01 2.325376e-01 8.396401e-03 9.999646e-01 5.743580e-04 -1.063219e+00 -9.613858e-01 7.914460e-03 2.750903e-01 8.766172e+01
2.468602e-01 1.342056e-03 9.690502e-01 6.088557e-01 3.090487e-03 9.999929e-01 -2.172194e-03 -1.079551e+00 -9.690462e-01 3.531066e-03 2.468543e-01 8.774888e+01
2.213209e-01 2.630630e-03 9.751975e-01 1.004745e+00 4.754769e-03 9.999816e-01 -3.776580e-03 -1.090780e+00 -9.751894e-01 5.472675e-03 2.213043e-01 8.781988e+01
1.979368e-01 3.985638e-03 9.802067e-01 1.405790e+00 1.224779e-02 9.999036e-01 -6.538971e-03 -1.094140e+00 -9.801383e-01 1.329967e-02 1.978689e-01 8.787537e+01
1.778515e-01 1.022112e-02 9.840042e-01 1.820933e+00 1.965431e-02 9.997097e-01 -1.393663e-02 -1.085820e+00 -9.838610e-01 2.181858e-02 1.775990e-01 8.792477e+01
1.581771e-01 1.676054e-02 9.872685e-01 2.241276e+00 2.188923e-02 9.995507e-01 -2.047608e-02 -1.082090e+00 -9.871681e-01 2.484940e-02 1.577391e-01 8.797741e+01
1.403733e-01 1.756131e-02 9.899429e-01 2.680083e+00 1.880942e-02 9.996149e-01 -2.040006e-02 -1.091241e+00 -9.899200e-01 2.148387e-02 1.399890e-01 8.803759e+01
1.250675e-01 1.292446e-02 9.920640e-01 3.138022e+00 1.718143e-02 9.997370e-01 -1.519045e-02 -1.109861e+00 -9.919995e-01 1.894491e-02 1.248126e-01 8.809127e+01
1.106166e-01 9.386891e-03 9.938188e-01 3.606669e+00 1.757176e-02 9.997806e-01 -1.139902e-02 -1.125171e+00 -9.937078e-01 1.872407e-02 1.104274e-01 8.813649e+01
9.755021e-02 6.545902e-03 9.952091e-01 4.083016e+00 1.978078e-02 9.997681e-01 -8.514796e-03 -1.139338e+00 -9.950340e-01 2.051663e-02 9.739810e-02 8.816917e+01
8.593869e-02 5.693491e-03 9.962842e-01 4.579287e+00 2.355027e-02 9.996927e-01 -7.744397e-03 -1.147004e+00 -9.960221e-01 2.412831e-02 8.577819e-02 8.820052e+01
7.562375e-02 6.491719e-03 9.971153e-01 5.090864e+00 2.634466e-02 9.996167e-01 -8.506051e-03 -1.151158e+00 -9.967883e-01 2.691193e-02 7.542374e-02 8.823102e+01
6.764878e-02 6.684685e-03 9.976868e-01 5.618446e+00 2.847621e-02 9.995572e-01 -8.628065e-03 -1.160675e+00 -9.973027e-01 2.899402e-02 6.742847e-02 8.826112e+01
6.198450e-02 7.105665e-03 9.980518e-01 6.164969e+00 2.998597e-02 9.995100e-01 -8.978340e-03 -1.167041e+00 -9.976266e-01 3.048407e-02 6.174106e-02 8.829208e+01
5.629381e-02 8.021098e-03 9.983820e-01 6.730896e+00 3.122862e-02 9.994643e-01 -9.790621e-03 -1.175935e+00 -9.979257e-01 3.172925e-02 5.601317e-02 8.832112e+01
5.036302e-02 8.829718e-03 9.986919e-01 7.311468e+00 3.127769e-02 9.994565e-01 -1.041378e-02 -1.180145e+00 -9.982411e-01 3.176124e-02 5.005948e-02 8.835037e+01
4.613857e-02 8.789202e-03 9.988964e-01 7.911175e+00 3.400279e-02 9.993680e-01 -1.036393e-02 -1.187899e+00 -9.983562e-01 3.444344e-02 4.581056e-02 8.837161e+01
4.316339e-02 8.620949e-03 9.990308e-01 8.530285e+00 3.496743e-02 9.993371e-01 -1.013437e-02 -1.198066e+00 -9.984559e-01 3.537098e-02 4.283332e-02 8.839775e+01
4.023402e-02 8.120703e-03 9.991573e-01 9.170727e+00 3.608417e-02 9.993029e-01 -9.574922e-03 -1.207940e+00 -9.985385e-01 3.643900e-02 3.991294e-02 8.842116e+01
3.784254e-02 7.544294e-03 9.992552e-01 9.827381e+00 3.788992e-02 9.992416e-01 -8.979110e-03 -1.216138e+00 -9.985651e-01 3.820149e-02 3.752799e-02 8.844369e+01
3.703305e-02 7.083362e-03 9.992889e-01 1.050203e+01 4.269733e-02 9.990505e-01 -8.664009e-03 -1.226446e+00 -9.984015e-01 4.298782e-02 3.669545e-02 8.846355e+01
3.820751e-02 6.619377e-03 9.992479e-01 1.119526e+01 4.648679e-02 9.988836e-01 -8.394446e-03 -1.236159e+00 -9.981879e-01 4.677256e-02 3.785715e-02 8.848363e+01
4.050378e-02 6.506244e-03 9.991582e-01 1.191061e+01 4.898544e-02 9.987634e-01 -8.489440e-03 -1.246603e+00 -9.979779e-01 4.928806e-02 4.013498e-02 8.851234e+01
4.428331e-02 6.194576e-03 9.989998e-01 1.263033e+01 5.234848e-02 9.985926e-01 -8.512535e-03 -1.259515e+00 -9.976465e-01 5.267308e-02 4.389671e-02 8.854291e+01
4.866354e-02 5.742486e-03 9.987987e-01 1.336957e+01 5.292749e-02 9.985637e-01 -8.319872e-03 -1.268323e+00 -9.974119e-01 5.326879e-02 4.828971e-02 8.857991e+01
5.252191e-02 3.787993e-03 9.986126e-01 1.413231e+01 5.429826e-02 9.985027e-01 -6.643387e-03 -1.279245e+00 -9.971425e-01 5.457185e-02 5.223758e-02 8.862148e+01
5.676542e-02 2.104666e-03 9.983853e-01 1.490686e+01 5.459134e-02 9.984952e-01 -5.208809e-03 -1.287768e+00 -9.968939e-01 5.479887e-02 5.656510e-02 8.866565e+01
6.114686e-02 2.230420e-04 9.981288e-01 1.569143e+01 5.170813e-02 9.986565e-01 -3.390877e-03 -1.294804e+00 -9.967885e-01 5.181871e-02 6.105318e-02 8.871963e+01
6.511933e-02 -6.772539e-04 9.978773e-01 1.648800e+01 5.127082e-02 9.986812e-01 -2.668024e-03 -1.298330e+00 -9.965595e-01 5.133573e-02 6.506817e-02 8.877817e+01
6.928021e-02 3.389155e-04 9.975972e-01 1.728567e+01 4.838050e-02 9.988221e-01 -3.699216e-03 -1.309816e+00 -9.964234e-01 4.852053e-02 6.918221e-02 8.883861e+01
7.275929e-02 3.948914e-03 9.973417e-01 1.808733e+01 4.668750e-02 9.988824e-01 -7.361018e-03 -1.329809e+00 -9.962562e-01 4.709898e-02 7.249361e-02 8.889971e+01
7.435357e-02 9.453439e-03 9.971871e-01 1.889117e+01 4.097995e-02 9.990814e-01 -1.252700e-02 -1.342159e+00 -9.963896e-01 4.179610e-02 7.389787e-02 8.896835e+01
7.425084e-02 1.250089e-02 9.971612e-01 1.971090e+01 3.829752e-02 9.991481e-01 -1.537751e-02 -1.362137e+00 -9.965039e-01 3.933059e-02 7.370883e-02 8.903931e+01
7.428740e-02 1.195328e-02 9.971652e-01 2.053084e+01 3.623221e-02 9.992356e-01 -1.467734e-02 -1.382971e+00 -9.965785e-01 3.721984e-02 7.379752e-02 8.911090e+01
7.466738e-02 1.024268e-02 9.971559e-01 2.134751e+01 3.391217e-02 9.993428e-01 -1.280450e-02 -1.408695e+00 -9.966317e-01 3.477180e-02 7.427096e-02 8.917753e+01
7.448489e-02 9.099416e-03 9.971806e-01 2.217391e+01 3.523625e-02 9.993099e-01 -1.175083e-02 -1.425584e+00 -9.965994e-01 3.601216e-02 7.411286e-02 8.924463e+01
7.490649e-02 8.419058e-03 9.971550e-01 2.299503e+01 3.321251e-02 9.993885e-01 -1.093285e-02 -1.447725e+00 -9.966373e-01 3.393696e-02 7.458107e-02 8.931786e+01
7.480410e-02 8.862299e-03 9.971589e-01 2.381817e+01 3.204703e-02 9.994226e-01 -1.128650e-02 -1.467498e+00 -9.966832e-01 3.280025e-02 7.447691e-02 8.939539e+01
7.515123e-02 9.016120e-03 9.971314e-01 2.462705e+01 2.856592e-02 9.995293e-01 -1.119074e-02 -1.495696e+00 -9.967629e-01 2.932498e-02 7.485830e-02 8.946084e+01
7.427785e-02 1.063349e-02 9.971809e-01 2.544543e+01 2.635828e-02 9.995729e-01 -1.262237e-02 -1.513135e+00 -9.968892e-01 2.722154e-02 7.396584e-02 8.952810e+01
7.162601e-02 1.001506e-02 9.973813e-01 2.626493e+01 2.343185e-02 9.996567e-01 -1.172065e-02 -1.535616e+00 -9.971563e-01 2.420999e-02 7.136675e-02 8.959223e+01
6.771831e-02 8.260551e-03 9.976703e-01 2.707944e+01 2.088949e-02 9.997348e-01 -9.695548e-03 -1.557593e+00 -9.974858e-01 2.149738e-02 6.752779e-02 8.965594e+01
6.308899e-02 5.799248e-03 9.979911e-01 2.789323e+01 1.960384e-02 9.997830e-01 -7.048937e-03 -1.577406e+00 -9.978153e-01 2.000917e-02 6.296161e-02 8.970975e+01
5.676246e-02 3.609338e-03 9.983812e-01 2.870938e+01 1.791159e-02 9.998288e-01 -4.632926e-03 -1.599189e+00 -9.982270e-01 1.814557e-02 5.668810e-02 8.976332e+01
4.946222e-02 3.847104e-03 9.987686e-01 2.951905e+01 1.741793e-02 9.998372e-01 -4.713812e-03 -1.615123e+00 -9.986241e-01 1.762963e-02 4.938716e-02 8.980374e+01
4.083400e-02 4.760968e-03 9.991546e-01 3.032556e+01 1.745956e-02 9.998326e-01 -5.477745e-03 -1.629409e+00 -9.990134e-01 1.766848e-02 4.074404e-02 8.983720e+01
3.078983e-02 5.135115e-03 9.995127e-01 3.112790e+01 1.810512e-02 9.998199e-01 -5.694418e-03 -1.643154e+00 -9.993619e-01 1.827163e-02 3.069131e-02 8.986333e+01
2.063373e-02 3.810768e-03 9.997798e-01 3.192044e+01 1.967695e-02 9.997975e-01 -4.216933e-03 -1.660593e+00 -9.995935e-01 1.975963e-02 2.055457e-02 8.987812e+01
1.001497e-02 2.820077e-03 9.999459e-01 3.271730e+01 1.925725e-02 9.998100e-01 -3.012565e-03 -1.674883e+00 -9.997644e-01 1.928638e-02 9.958760e-03 8.988476e+01
-1.136831e-03 1.805744e-03 9.999977e-01 3.350840e+01 2.047410e-02 9.997888e-01 -1.782091e-03 -1.689954e+00 -9.997897e-01 2.047203e-02 -1.173562e-03 8.988231e+01
-1.186868e-02 1.854606e-03 9.999278e-01 3.428869e+01 2.074145e-02 9.997836e-01 -1.608147e-03 -1.706448e+00 -9.997144e-01 2.072087e-02 -1.190458e-02 8.987154e+01
-2.263401e-02 2.451580e-03 9.997408e-01 3.507108e+01 2.142340e-02 9.997686e-01 -1.966625e-03 -1.720935e+00 -9.995143e-01 2.137334e-02 -2.268129e-02 8.984724e+01
-3.312934e-02 3.464367e-03 9.994451e-01 3.584298e+01 2.117982e-02 9.997719e-01 -2.763437e-03 -1.736620e+00 -9.992266e-01 2.107651e-02 -3.319516e-02 8.981897e+01
-4.295773e-02 4.390452e-03 9.990672e-01 3.661310e+01 2.249418e-02 9.997411e-01 -3.426212e-03 -1.750524e+00 -9.988236e-01 2.232602e-02 -4.304537e-02 8.977717e+01
-5.264910e-02 4.909438e-03 9.986010e-01 3.738742e+01 2.390342e-02 9.997076e-01 -3.654621e-03 -1.768944e+00 -9.983269e-01 2.367757e-02 -5.275106e-02 8.973491e+01
-6.262897e-02 5.742995e-03 9.980204e-01 3.815067e+01 2.447589e-02 9.996915e-01 -4.216671e-03 -1.777840e+00 -9.977367e-01 2.416335e-02 -6.275021e-02 8.968923e+01
-7.203872e-02 6.377374e-03 9.973814e-01 3.890154e+01 2.500777e-02 9.996767e-01 -4.585793e-03 -1.787569e+00 -9.970883e-01 2.461193e-02 -7.217492e-02 8.963276e+01
-8.042658e-02 6.384341e-03 9.967401e-01 3.964377e+01 2.605958e-02 9.996511e-01 -4.300250e-03 -1.797291e+00 -9.964198e-01 2.562877e-02 -8.056489e-02 8.957058e+01
-8.788371e-02 5.234927e-03 9.961170e-01 4.037661e+01 2.725664e-02 9.996244e-01 -2.848607e-03 -1.810706e+00 -9.957578e-01 2.690046e-02 -8.799339e-02 8.950662e+01
-9.321709e-02 3.923088e-03 9.956381e-01 4.109724e+01 3.029808e-02 9.995403e-01 -1.101792e-03 -1.819600e+00 -9.951847e-01 3.006321e-02 -9.329310e-02 8.943784e+01
-9.704909e-02 2.580539e-03 9.952763e-01 4.180889e+01 3.334534e-02 9.994437e-01 6.601499e-04 -1.828817e+00 -9.947208e-01 3.325189e-02 -9.708114e-02 8.936713e+01
-9.943497e-02 1.647110e-03 9.950427e-01 4.251186e+01 3.566317e-02 9.993620e-01 1.909573e-03 -1.836641e+00 -9.944048e-01 3.567625e-02 -9.943028e-02 8.928961e+01
-1.011273e-01 7.894729e-04 9.948732e-01 4.320075e+01 3.621389e-02 9.993399e-01 2.888068e-03 -1.846529e+00 -9.942142e-01 3.632029e-02 -1.010891e-01 8.921970e+01
-1.016890e-01 1.211094e-03 9.948155e-01 4.386980e+01 3.758379e-02 9.992900e-01 2.625233e-03 -1.857308e+00 -9.941060e-01 3.765590e-02 -1.016623e-01 8.915118e+01
-1.007471e-01 2.239225e-03 9.949095e-01 4.452473e+01 3.870264e-02 9.992494e-01 1.670136e-03 -1.869050e+00 -9.941590e-01 3.867388e-02 -1.007581e-01 8.908373e+01
-9.788986e-02 3.819198e-03 9.951899e-01 4.516280e+01 3.946753e-02 9.992209e-01 4.747630e-05 -1.880726e+00 -9.944143e-01 3.928233e-02 -9.796433e-02 8.902333e+01
-9.268627e-02 4.135129e-03 9.956868e-01 4.578571e+01 3.946431e-02 9.992209e-01 -4.761606e-04 -1.894869e+00 -9.949130e-01 3.924996e-02 -9.277725e-02 8.896909e+01
-8.435557e-02 4.689822e-03 9.964247e-01 4.639255e+01 3.932311e-02 9.992256e-01 -1.373979e-03 -1.908633e+00 -9.956595e-01 3.906662e-02 -8.447467e-02 8.891990e+01
-7.327584e-02 4.627407e-03 9.973010e-01 4.697620e+01 3.833513e-02 9.992633e-01 -1.819870e-03 -1.922109e+00 -9.965747e-01 3.809831e-02 -7.339925e-02 8.888735e+01
-5.969213e-02 4.860534e-03 9.982050e-01 4.754571e+01 3.843909e-02 9.992576e-01 -2.567022e-03 -1.933609e+00 -9.974765e-01 3.821686e-02 -5.983465e-02 8.886546e+01
-4.240870e-02 6.237764e-03 9.990809e-01 4.809138e+01 3.776653e-02 9.992758e-01 -4.635879e-03 -1.947444e+00 -9.983863e-01 3.753522e-02 -4.261357e-02 8.885509e+01
-2.100551e-02 8.779975e-03 9.997408e-01 4.862080e+01 3.693893e-02 9.992855e-01 -7.999855e-03 -1.961810e+00 -9.990967e-01 3.676132e-02 -2.131482e-02 8.885716e+01
3.861151e-03 1.160954e-02 9.999252e-01 4.914070e+01 3.565949e-02 9.992950e-01 -1.173993e-02 -1.978420e+00 -9.993565e-01 3.570215e-02 3.444438e-03 8.887373e+01
3.190318e-02 1.299795e-02 9.994064e-01 4.965128e+01 3.387652e-02 9.993269e-01 -1.407832e-02 -1.997837e+00 -9.989167e-01 3.430556e-02 3.144138e-02 8.891212e+01
6.505733e-02 1.210718e-02 9.978081e-01 5.017158e+01 3.168130e-02 9.993973e-01 -1.419209e-02 -2.015939e+00 -9.973785e-01 3.253516e-02 6.463455e-02 8.896755e+01
1.033387e-01 8.931973e-03 9.946061e-01 5.068448e+01 3.131423e-02 9.994348e-01 -1.222886e-02 -2.036445e+00 -9.941532e-01 3.240904e-02 1.030006e-01 8.904084e+01
1.453933e-01 4.769691e-03 9.893624e-01 5.118658e+01 2.988556e-02 9.995109e-01 -9.210496e-03 -2.054381e+00 -9.889225e-01 3.090679e-02 1.451797e-01 8.914051e+01
1.907786e-01 2.280635e-04 9.816331e-01 5.169233e+01 2.888303e-02 9.995657e-01 -5.845594e-03 -2.067640e+00 -9.812081e-01 2.946775e-02 1.906892e-01 8.926292e+01
2.393156e-01 -3.154954e-03 9.709367e-01 5.216948e+01 2.476426e-02 9.996892e-01 -2.855492e-03 -2.083878e+00 -9.706260e-01 2.472790e-02 2.393194e-01 8.941056e+01
2.903857e-01 -5.418210e-03 9.568943e-01 5.263736e+01 2.185238e-02 9.997607e-01 -9.705404e-04 -2.101848e+00 -9.566601e-01 2.119225e-02 2.904346e-01 8.958866e+01
3.447239e-01 -5.997177e-03 9.386850e-01 5.308425e+01 2.201122e-02 9.997563e-01 -1.696072e-03 -2.114525e+00 -9.384460e-01 2.124628e-02 3.447718e-01 8.978898e+01
4.027027e-01 -6.147627e-03 9.153102e-01 5.351667e+01 2.540826e-02 9.996672e-01 -4.464492e-03 -2.129147e+00 -9.149781e-01 2.505430e-02 4.027249e-01 9.000914e+01
4.623881e-01 -3.198333e-03 8.866719e-01 5.392854e+01 2.724918e-02 9.995724e-01 -1.060452e-02 -2.144473e+00 -8.862588e-01 2.906449e-02 4.622776e-01 9.025737e+01
5.212343e-01 -7.810068e-04 8.534132e-01 5.431440e+01 2.916465e-02 9.994318e-01 -1.689809e-02 -2.166034e+00 -8.529151e-01 3.369736e-02 5.209609e-01 9.053341e+01
5.787512e-01 3.755143e-03 8.154955e-01 5.467441e+01 2.510118e-02 9.994336e-01 -2.241626e-02 -2.176028e+00 -8.151178e-01 3.344334e-02 5.783291e-01 9.083939e+01
6.338968e-01 6.188886e-03 7.733929e-01 5.500742e+01 2.170470e-02 9.994318e-01 -2.578755e-02 -2.193853e+00 -7.731130e-01 3.313291e-02 6.334023e-01 9.117022e+01
6.861177e-01 7.550009e-03 7.274513e-01 5.532311e+01 2.004409e-02 9.993703e-01 -2.927737e-02 -2.202988e+00 -7.272143e-01 3.466882e-02 6.855344e-01 9.152097e+01
7.341922e-01 5.187112e-03 6.789219e-01 5.561777e+01 2.023809e-02 9.993593e-01 -2.952098e-02 -2.221130e+00 -6.786400e-01 3.541416e-02 7.336168e-01 9.189668e+01
7.785953e-01 1.759072e-03 6.275239e-01 5.587844e+01 1.859567e-02 9.994922e-01 -2.587420e-02 -2.234730e+00 -6.272508e-01 3.181476e-02 7.781672e-01 9.228870e+01
8.193576e-01 -3.352933e-03 5.732730e-01 5.611936e+01 1.861126e-02 9.996114e-01 -2.075389e-02 -2.246143e+00 -5.729806e-01 2.767418e-02 8.191015e-01 9.269542e+01
8.550077e-01 -5.460424e-03 5.185866e-01 5.632849e+01 1.635656e-02 9.997310e-01 -1.644090e-02 -2.251386e+00 -5.183573e-01 2.253939e-02 8.548671e-01 9.312454e+01
8.851429e-01 -8.422082e-03 4.652430e-01 5.650958e+01 1.521727e-02 9.998253e-01 -1.085207e-02 -2.262350e+00 -4.650704e-01 1.668537e-02 8.851165e-01 9.356709e+01
9.101186e-01 -8.572222e-03 4.142592e-01 5.667635e+01 1.233514e-02 9.999034e-01 -6.409136e-03 -2.280670e+00 -4.141642e-01 1.094302e-02 9.101364e-01 9.402584e+01
9.297711e-01 -6.314453e-03 3.680841e-01 5.681349e+01 8.436227e-03 9.999558e-01 -4.155534e-03 -2.295426e+00 -3.680416e-01 6.968937e-03 9.297832e-01 9.448068e+01
9.447072e-01 -6.509547e-04 3.279146e-01 5.692844e+01 1.468904e-03 9.999964e-01 -2.246718e-03 -2.308895e+00 -3.279119e-01 2.604165e-03 9.447047e-01 9.494537e+01
9.562358e-01 3.807044e-03 2.925725e-01 5.703519e+01 -2.723063e-03 9.999878e-01 -4.112169e-03 -2.313202e+00 -2.925846e-01 3.135510e-03 9.562345e-01 9.541260e+01
9.651455e-01 5.502887e-03 2.616562e-01 5.714243e+01 -4.412091e-03 9.999790e-01 -4.756095e-03 -2.315992e+00 -2.616768e-01 3.435872e-03 9.651494e-01 9.589123e+01
9.709056e-01 -3.531729e-04 2.394624e-01 5.725296e+01 1.606025e-03 9.999860e-01 -5.036828e-03 -2.322678e+00 -2.394573e-01 5.274867e-03 9.708926e-01 9.636894e+01
9.746342e-01 -4.096533e-03 2.237662e-01 5.735378e+01 5.181142e-03 9.999775e-01 -4.260149e-03 -2.336728e+00 -2.237437e-01 5.311451e-03 9.746335e-01 9.685003e+01
9.774520e-01 -2.480226e-05 2.111576e-01 5.744251e+01 1.032012e-03 9.999886e-01 -4.659741e-03 -2.343302e+00 -2.111551e-01 4.772591e-03 9.774409e-01 9.734620e+01
9.794883e-01 5.428395e-03 2.014281e-01 5.753100e+01 -4.675214e-03 9.999802e-01 -4.214756e-03 -2.347452e+00 -2.014469e-01 3.186584e-03 9.794942e-01 9.785071e+01
9.806758e-01 1.299288e-02 1.952077e-01 5.762213e+01 -1.215184e-02 9.999110e-01 -5.505465e-03 -2.354217e+00 -1.952619e-01 3.026942e-03 9.807465e-01 9.836564e+01
9.811857e-01 1.820664e-02 1.922061e-01 5.771020e+01 -1.681353e-02 9.998192e-01 -8.876688e-03 -2.365375e+00 -1.923330e-01 5.478016e-03 9.813144e-01 9.889029e+01
9.813721e-01 1.889378e-02 1.911854e-01 5.781226e+01 -1.704273e-02 9.997907e-01 -1.132180e-02 -2.378009e+00 -1.913593e-01 7.852571e-03 9.814886e-01 9.942186e+01
9.808879e-01 1.747228e-02 1.937874e-01 5.792182e+01 -1.491176e-02 9.997813e-01 -1.466397e-02 -2.392474e+00 -1.940013e-01 1.149400e-02 9.809339e-01 9.997112e+01
9.801168e-01 1.556108e-02 1.978105e-01 5.803742e+01 -1.159979e-02 9.997086e-01 -2.116875e-02 -2.402249e+00 -1.980822e-01 1.845328e-02 9.800117e-01 1.005185e+02
9.792448e-01 1.606322e-02 2.020435e-01 5.815228e+01 -1.107300e-02 9.996057e-01 -2.580490e-02 -2.411856e+00 -2.023783e-01 2.303209e-02 9.790365e-01 1.010854e+02
9.782207e-01 2.100629e-02 2.065018e-01 5.826460e+01 -1.617747e-02 9.995554e-01 -2.504493e-02 -2.430158e+00 -2.069361e-01 2.115879e-02 9.781256e-01 1.016703e+02
9.768966e-01 2.399113e-02 2.123616e-01 5.837877e+01 -1.997182e-02 9.995789e-01 -2.105193e-02 -2.443596e+00 -2.127772e-01 1.632431e-02 9.769644e-01 1.022713e+02
9.759564e-01 2.024884e-02 2.170230e-01 5.851537e+01 -1.715003e-02 9.997224e-01 -1.615283e-02 -2.460974e+00 -2.172899e-01 1.204251e-02 9.760328e-01 1.028742e+02
9.752047e-01 1.590739e-02 2.207324e-01 5.865990e+01 -1.401598e-02 9.998504e-01 -1.013248e-02 -2.479746e+00 -2.208606e-01 6.787462e-03 9.752818e-01 1.034883e+02
9.743967e-01 1.336945e-02 2.244376e-01 5.880587e+01 -1.253326e-02 9.999082e-01 -5.150010e-03 -2.495841e+00 -2.244859e-01 2.205218e-03 9.744748e-01 1.041207e+02
9.737967e-01 8.313431e-03 2.272681e-01 5.896023e+01 -7.512114e-03 9.999621e-01 -4.390604e-03 -2.507776e+00 -2.272960e-01 2.568292e-03 9.738223e-01 1.047538e+02
9.737623e-01 4.669834e-03 2.275198e-01 5.911424e+01 -3.108259e-03 9.999691e-01 -7.221280e-03 -2.523836e+00 -2.275465e-01 6.324619e-03 9.737467e-01 1.053931e+02
9.737962e-01 4.118010e-03 2.273852e-01 5.926694e+01 -8.482504e-04 9.998949e-01 -1.447567e-02 -2.532075e+00 -2.274209e-01 1.390348e-02 9.736973e-01 1.060462e+02
9.739685e-01 6.613633e-03 2.265871e-01 5.941854e+01 -1.870452e-03 9.997747e-01 -2.114146e-02 -2.544521e+00 -2.266759e-01 2.016729e-02 9.737614e-01 1.067097e+02
9.745742e-01 8.817650e-03 2.238914e-01 5.957292e+01 -3.364674e-03 9.996886e-01 -2.472529e-02 -2.562253e+00 -2.240397e-01 2.334330e-02 9.743004e-01 1.073922e+02
9.752157e-01 6.304596e-03 2.211666e-01 5.973047e+01 -1.810008e-03 9.997878e-01 -2.051897e-02 -2.576207e+00 -2.212490e-01 1.961011e-02 9.750202e-01 1.080845e+02
9.755739e-01 2.482941e-03 2.196573e-01 5.988836e+01 3.973356e-04 9.999145e-01 -1.306744e-02 -2.592390e+00 -2.196710e-01 1.283553e-02 9.754896e-01 1.087954e+02
9.761555e-01 2.866663e-03 2.170533e-01 6.004208e+01 -1.320545e-03 9.999727e-01 -7.267927e-03 -2.615572e+00 -2.170682e-01 6.807999e-03 9.761327e-01 1.095176e+02
9.765563e-01 5.911313e-03 2.151810e-01 6.019472e+01 -4.287863e-03 9.999587e-01 -8.010603e-03 -2.629651e+00 -2.152195e-01 6.900139e-03 9.765413e-01 1.102434e+02
9.769741e-01 1.110590e-02 2.130688e-01 6.034249e+01 -8.612537e-03 9.998832e-01 -1.262677e-02 -2.639816e+00 -2.131842e-01 1.050097e-02 9.769556e-01 1.109837e+02
9.777683e-01 1.128231e-02 2.093844e-01 6.049921e+01 -7.712621e-03 9.998108e-01 -1.785721e-02 -2.656234e+00 -2.095462e-01 1.584531e-02 9.776703e-01 1.117393e+02
9.786541e-01 9.015415e-03 2.053166e-01 6.065998e+01 -4.884878e-03 9.997755e-01 -2.061590e-02 -2.673239e+00 -2.054564e-01 1.917288e-02 9.784785e-01 1.125055e+02
9.795572e-01 5.863710e-03 2.010805e-01 6.081941e+01 -2.041022e-03 9.998133e-01 -1.921279e-02 -2.691258e+00 -2.011556e-01 1.840962e-02 9.793863e-01 1.132782e+02
9.803021e-01 1.704687e-03 1.974966e-01 6.098015e+01 1.740471e-03 9.998494e-01 -1.726925e-02 -2.710922e+00 -1.974963e-01 1.727282e-02 9.801515e-01 1.140635e+02
9.807157e-01 6.086728e-04 1.954388e-01 6.114365e+01 2.309678e-03 9.998892e-01 -1.470406e-02 -2.729805e+00 -1.954261e-01 1.487190e-02 9.806057e-01 1.148700e+02
9.810352e-01 -3.380468e-03 1.938001e-01 6.130663e+01 5.903385e-03 9.999052e-01 -1.244211e-02 -2.744853e+00 -1.937397e-01 1.335022e-02 9.809621e-01 1.156672e+02
