1.000000e+00 0.000000e+00 0.000000e+00 0.000000e+00 0.000000e+00 1.000000e+00 0.000000e+00 0.000000e+00 0.000000e+00 0.000000e+00 1.000000e+00 0.000000e+00
9.990538e-01 -1.166107e-03 4.347659e-02 4.617909e-02 1.273699e-03 9.999962e-01 -2.447080e-03 -1.849467e-02 -4.347357e-02 2.500140e-03 9.990514e-01 1.020492e+00
9.960922e-01 -5.578171e-03 8.814321e-02 1.429230e-01 6.264897e-03 9.999521e-01 -7.516296e-03 -3.809193e-02 -8.809706e-02 8.039132e-03 9.960795e-01 2.029433e+00
9.910732e-01 -5.280673e-03 1.332142e-01 2.798513e-01 6.880686e-03 9.999096e-01 -1.155333e-02 -6.331405e-02 -1.331412e-01 1.236680e-02 9.910199e-01 3.027232e+00
9.838948e-01 -3.038989e-03 1.787228e-01 4.620220e-01 5.642447e-03 9.998852e-01 -1.406051e-02 -8.946673e-02 -1.786595e-01 1.484250e-02 9.837990e-01 4.023387e+00
9.744685e-01 -5.623911e-03 2.244538e-01 6.914074e-01 8.959348e-03 9.998640e-01 -1.384453e-02 -1.203938e-01 -2.243454e-01 1.550202e-02 9.743864e-01 5.014469e+00
9.629504e-01 -6.367042e-03 2.696035e-01 9.701964e-01 1.070362e-02 9.998359e-01 -1.461797e-02 -1.605808e-01 -2.694661e-01 1.696211e-02 9.628605e-01 6.007514e+00
9.496652e-01 -8.974834e-03 3.131381e-01 1.291846e+00 1.512451e-02 9.997374e-01 -1.721524e-02 -1.935932e-01 -3.129014e-01 2.108477e-02 9.495516e-01 6.971410e+00
9.346170e-01 -1.101442e-02 3.554851e-01 1.657554e+00 1.893810e-02 9.996436e-01 -1.881761e-02 -2.252924e-01 -3.551511e-01 2.431947e-02 9.344925e-01 7.923137e+00
9.174877e-01 -1.145472e-02 3.975991e-01 2.058969e+00 2.085399e-02 9.995958e-01 -1.932396e-02 -2.566403e-01 -3.972170e-01 2.602103e-02 9.173557e-01 8.848100e+00
8.979368e-01 -1.125039e-02 4.399807e-01 2.497763e+00 2.129941e-02 9.996127e-01 -1.790873e-02 -2.883809e-01 -4.396088e-01 2.545224e-02 8.978286e-01 9.749960e+00
8.762245e-01 -1.120359e-02 4.817729e-01 2.986212e+00 2.202440e-02 9.996161e-01 -1.681090e-02 -3.257760e-01 -4.813996e-01 2.534088e-02 8.761349e-01 1.064285e+01
8.524448e-01 -1.134567e-02 5.226942e-01 3.510647e+00 2.280227e-02 9.996200e-01 -1.548960e-02 -3.603744e-01 -5.223198e-01 2.512264e-02 8.523795e-01 1.150819e+01
8.270771e-01 -1.192155e-02 5.619620e-01 4.072492e+00 2.466736e-02 9.995817e-01 -1.509933e-02 -3.996628e-01 -5.615469e-01 2.635043e-02 8.270252e-01 1.233629e+01
7.999600e-01 -1.432700e-02 5.998822e-01 4.693303e+00 2.864771e-02 9.994868e-01 -1.433177e-02 -4.403262e-01 -5.993691e-01 2.865010e-02 7.999599e-01 1.315082e+01
7.715242e-01 -1.376907e-02 6.360510e-01 5.340880e+00 3.003033e-02 9.994395e-01 -1.479092e-02 -4.735434e-01 -6.354908e-01 3.051237e-02 7.715053e-01 1.392582e+01
7.412234e-01 -1.769326e-02 6.710252e-01 6.024278e+00 3.569164e-02 9.992773e-01 -1.307702e-02 -5.054106e-01 -6.703089e-01 3.364298e-02 7.413192e-01 1.466280e+01
7.092856e-01 -1.649381e-02 7.047283e-01 6.720927e+00 3.566574e-02 9.992855e-01 -1.250862e-02 -5.329532e-01 -7.040184e-01 3.400684e-02 7.093671e-01 1.536482e+01
6.752942e-01 -1.569324e-02 7.373815e-01 7.475953e+00 3.748630e-02 9.992117e-01 -1.306436e-02 -5.715068e-01 -7.365952e-01 3.646399e-02 6.753502e-01 1.605015e+01
6.399868e-01 -1.680056e-02 7.682022e-01 8.253540e+00 4.200208e-02 9.990311e-01 -1.314302e-02 -5.975908e-01 -7.672371e-01 4.067745e-02 6.400724e-01 1.669168e+01
6.036459e-01 -1.525532e-02 7.971066e-01 9.034554e+00 4.205007e-02 9.990345e-01 -1.272448e-02 -6.327698e-01 -7.961428e-01 4.119947e-02 6.037046e-01 1.728089e+01
5.660497e-01 -1.438963e-02 8.242455e-01 9.856586e+00 4.577583e-02 9.988536e-01 -1.399857e-02 -6.563374e-01 -8.230992e-01 4.565441e-02 5.660595e-01 1.784283e+01
5.276906e-01 -1.323744e-02 8.493335e-01 1.070239e+01 5.059049e-02 9.985934e-01 -1.586810e-02 -6.920542e-01 -8.479288e-01 5.134164e-02 5.276181e-01 1.835379e+01
4.893885e-01 -1.257727e-02 8.719752e-01 1.156588e+01 5.214317e-02 9.985290e-01 -1.486223e-02 -7.245395e-01 -8.705056e-01 5.274095e-02 4.893244e-01 1.882342e+01
4.508930e-01 -1.440366e-02 8.924618e-01 1.244333e+01 5.724375e-02 9.982781e-01 -1.280945e-02 -7.529864e-01 -8.907405e-01 5.686355e-02 4.509411e-01 1.926132e+01
4.139262e-01 -1.513242e-02 9.101847e-01 1.333938e+01 6.143650e-02 9.980465e-01 -1.134640e-02 -7.821744e-01 -9.082349e-01 6.061513e-02 4.140473e-01 1.965436e+01
3.788918e-01 -1.315704e-02 9.253474e-01 1.428028e+01 6.327773e-02 9.979271e-01 -1.172062e-02 -8.157212e-01 -9.232751e-01 6.299473e-02 3.789390e-01 2.003059e+01
3.456871e-01 -1.370341e-02 9.382498e-01 1.525396e+01 6.416195e-02 9.978983e-01 -9.065125e-03 -8.294202e-01 -9.361537e-01 6.333363e-02 3.458398e-01 2.038613e+01
3.126225e-01 -1.542202e-02 9.497523e-01 1.624020e+01 6.691345e-02 9.977418e-01 -5.824101e-03 -8.445719e-01 -9.475177e-01 6.537194e-02 3.129484e-01 2.069737e+01
2.797353e-01 -1.573011e-02 9.599483e-01 1.727764e+01 6.822892e-02 9.976634e-01 -3.534240e-03 -8.650811e-01 -9.576497e-01 6.648489e-02 2.801550e-01 2.100121e+01
2.478706e-01 -1.268299e-02 9.687101e-01 1.829798e+01 6.581401e-02 9.978248e-01 -3.776111e-03 -8.757515e-01 -9.665551e-01 6.469068e-02 2.481661e-01 2.125662e+01
2.166603e-01 -1.138196e-02 9.761807e-01 1.947295e+01 6.603051e-02 9.978130e-01 -3.021084e-03 -9.058461e-01 -9.740114e-01 6.511226e-02 2.169380e-01 2.155740e+01
1.863780e-01 -1.131794e-02 9.824129e-01 2.064116e+01 6.907337e-02 9.976103e-01 -1.611203e-03 -9.149039e-01 -9.800470e-01 6.815886e-02 1.867144e-01 2.176644e+01
1.562723e-01 -1.169417e-02 9.876448e-01 2.169155e+01 7.144343e-02 9.974445e-01 5.059046e-04 -9.241151e-01 -9.851268e-01 7.048167e-02 1.567085e-01 2.191625e+01
1.254232e-01 -1.169969e-02 9.920343e-01 2.289317e+01 7.010949e-02 9.975351e-01 2.900607e-03 -9.057761e-01 -9.896230e-01 6.918722e-02 1.259343e-01 2.210331e+01
9.613264e-02 -1.158569e-02 9.953011e-01 2.410890e+01 7.098671e-02 9.974659e-01 4.754532e-03 -8.904410e-01 -9.928340e-01 7.019608e-02 9.671146e-02 2.222414e+01
6.852432e-02 -1.120196e-02 9.975866e-01 2.532260e+01 7.413920e-02 9.972292e-01 6.105319e-03 -8.825619e-01 -9.948908e-01 7.354191e-02 6.916496e-02 2.234389e+01
4.385545e-02 -1.096660e-02 9.989777e-01 2.662432e+01 7.927242e-02 9.968251e-01 7.462883e-03 -8.988654e-01 -9.958878e-01 7.886409e-02 4.458556e-02 2.235397e+01
2.126451e-02 -1.065158e-02 9.997171e-01 2.777962e+01 8.368695e-02 9.964529e-01 8.836735e-03 -9.001894e-01 -9.962652e-01 8.347537e-02 2.208048e-02 2.236929e+01
9.720221e-04 -1.108335e-02 9.999381e-01 2.905807e+01 9.038198e-02 9.958470e-01 1.095014e-02 -9.000845e-01 -9.959067e-01 9.036574e-02 1.969720e-03 2.236933e+01
-1.671835e-02 -1.190844e-02 9.997893e-01 3.030020e+01 9.488041e-02 9.953979e-01 1.344271e-02 -9.094427e-01 -9.953483e-01 9.508516e-02 -1.551153e-02 2.235148e+01
-3.214838e-02 -1.180645e-02 9.994134e-01 3.163243e+01 9.822738e-02 9.950522e-01 1.491464e-02 -9.037188e-01 -9.946446e-01 9.864924e-02 -3.082960e-02 2.228885e+01
-4.616759e-02 -1.222437e-02 9.988589e-01 3.289223e+01 1.014609e-01 9.946966e-01 1.686299e-02 -8.874165e-01 -9.937677e-01 1.021237e-01 -4.468245e-02 2.221570e+01
-5.947081e-02 -1.297144e-02 9.981458e-01 3.420461e+01 1.017859e-01 9.946251e-01 1.899022e-02 -8.631790e-01 -9.930271e-01 1.027265e-01 -5.783085e-02 2.212764e+01
-7.166530e-02 -1.264132e-02 9.973486e-01 3.551807e+01 1.019140e-01 9.945936e-01 1.992951e-02 -8.403436e-01 -9.922085e-01 1.030721e-01 -6.998952e-02 2.201398e+01
-8.280813e-02 -1.014424e-02 9.965139e-01 3.676167e+01 1.026954e-01 9.945379e-01 1.865789e-02 -8.361432e-01 -9.912600e-01 1.038824e-01 -8.131405e-02 2.190845e+01
-9.287764e-02 -6.730545e-03 9.956548e-01 3.804144e+01 1.032833e-01 9.945175e-01 1.635743e-02 -8.186171e-01 -9.903062e-01 1.043537e-01 -9.167328e-02 2.179589e+01
-1.023173e-01 -4.390969e-03 9.947421e-01 3.931320e+01 1.049565e-01 9.943609e-01 1.518491e-02 -8.066957e-01 -9.891993e-01 1.059583e-01 -1.012794e-01 2.166762e+01
-1.100884e-01 -3.309395e-03 9.939163e-01 4.061893e+01 1.047220e-01 9.943898e-01 1.491021e-02 -7.852790e-01 -9.883895e-01 1.057263e-01 -1.091242e-01 2.154126e+01
-1.160865e-01 -2.923280e-03 9.932348e-01 4.194306e+01 1.045071e-01 9.944089e-01 1.514122e-02 -7.795300e-01 -9.877258e-01 1.055577e-01 -1.151319e-01 2.139763e+01
-1.210992e-01 -1.359281e-03 9.926395e-01 4.328949e+01 1.060161e-01 9.942617e-01 1.429517e-02 -7.604710e-01 -9.869628e-01 1.069669e-01 -1.202602e-01 2.122759e+01
-1.254168e-01 6.124527e-04 9.921039e-01 4.466044e+01 1.052390e-01 9.943660e-01 1.268994e-02 -7.388442e-01 -9.865066e-01 1.059996e-01 -1.247747e-01 2.104363e+01
-1.295739e-01 1.509864e-03 9.915686e-01 4.603819e+01 1.064213e-01 9.942439e-01 1.239274e-02 -7.330904e-01 -9.858423e-01 1.071298e-01 -1.289888e-01 2.088148e+01
-1.321777e-01 4.925539e-04 9.912259e-01 4.748135e+01 1.065860e-01 9.942088e-01 1.371896e-02 -7.152774e-01 -9.854788e-01 1.074642e-01 -1.314647e-01 2.066582e+01
-1.345529e-01 -1.329962e-03 9.909055e-01 4.889065e+01 1.076443e-01 9.940615e-01 1.595098e-02 -7.007288e-01 -9.850422e-01 1.088116e-01 -1.336107e-01 2.047510e+01
-1.372239e-01 -2.050298e-03 9.905379e-01 5.034271e+01 1.073339e-01 9.940789e-01 1.692711e-02 -6.698157e-01 -9.847076e-01 1.086411e-01 -1.361914e-01 2.029673e+01
-1.392684e-01 -9.976578e-04 9.902542e-01 5.180568e+01 1.106375e-01 9.937228e-01 1.656110e-02 -6.480085e-01 -9.840547e-01 1.118657e-01 -1.382838e-01 2.008408e+01
-1.401703e-01 -1.500700e-03 9.901263e-01 5.327909e+01 1.108821e-01 9.936847e-01 1.720347e-02 -6.402645e-01 -9.838991e-01 1.121987e-01 -1.391187e-01 1.986853e+01
-1.408825e-01 -1.184447e-04 9.900263e-01 5.477175e+01 1.130238e-01 9.934602e-01 1.620234e-02 -6.129189e-01 -9.835536e-01 1.141792e-01 -1.399478e-01 1.965443e+01
-1.407597e-01 -4.182322e-04 9.900437e-01 5.629415e+01 1.134652e-01 9.934041e-01 1.655160e-02 -6.116156e-01 -9.835204e-01 1.146653e-01 -1.397838e-01 1.942675e+01
-1.395473e-01 8.020997e-04 9.902151e-01 5.788877e+01 1.136589e-01 9.934034e-01 1.521284e-02 -5.999187e-01 -9.836708e-01 1.146697e-01 -1.387180e-01 1.916577e+01
-1.381283e-01 4.485377e-04 9.904142e-01 5.941489e+01 1.143796e-01 9.933162e-01 1.550212e-02 -5.785078e-01 -9.837875e-01 1.154245e-01 -1.372564e-01 1.894827e+01
-1.365785e-01 -5.785262e-04 9.906291e-01 6.097552e+01 1.133560e-01 9.934222e-01 1.620861e-02 -5.541077e-01 -9.841223e-01 1.145075e-01 -1.356146e-01 1.874161e+01
-1.351351e-01 7.067521e-05 9.908272e-01 6.258104e+01 1.145627e-01 9.932943e-01 1.555391e-02 -5.419531e-01 -9.841818e-01 1.156137e-01 -1.342370e-01 1.850830e+01
-1.340417e-01 4.580030e-04 9.909756e-01 6.420647e+01 1.151142e-01 9.932373e-01 1.511157e-02 -5.301972e-01 -9.842670e-01 1.161010e-01 -1.331879e-01 1.829734e+01
-1.329700e-01 1.410091e-03 9.911191e-01 6.582928e+01 1.163824e-01 9.931029e-01 1.420112e-02 -5.048050e-01 -9.842632e-01 1.172372e-01 -1.322170e-01 1.807570e+01
-1.316143e-01 1.475801e-03 9.912999e-01 6.750031e+01 1.167651e-01 9.930605e-01 1.402441e-02 -4.799488e-01 -9.844001e-01 1.175950e-01 -1.308733e-01 1.784881e+01
-1.307740e-01 -1.845311e-04 9.914122e-01 6.917990e+01 1.191832e-01 9.927449e-01 1.590584e-02 -4.649775e-01 -9.842223e-01 1.202397e-01 -1.298032e-01 1.763479e+01
-1.303164e-01 -2.370360e-03 9.914696e-01 7.086661e+01 1.210865e-01 9.924735e-01 1.828808e-02 -4.491302e-01 -9.840507e-01 1.224368e-01 -1.290486e-01 1.741709e+01
-1.297196e-01 -9.062188e-04 9.915503e-01 7.259311e+01 1.225716e-01 9.923150e-01 1.694235e-02 -4.184940e-01 -9.839456e-01 1.237337e-01 -1.286116e-01 1.719246e+01
-1.290098e-01 8.663598e-04 9.916429e-01 7.430289e+01 1.256482e-01 9.919541e-01 1.547982e-02 -3.991408e-01 -9.836509e-01 1.265952e-01 -1.280807e-01 1.696753e+01
-1.281514e-01 8.375755e-04 9.917543e-01 7.602330e+01 1.259660e-01 9.919144e-01 1.543922e-02 -3.738388e-01 -9.837224e-01 1.269058e-01 -1.272207e-01 1.673943e+01
-1.281720e-01 8.933597e-04 9.917515e-01 7.778047e+01 1.263622e-01 9.918640e-01 1.543735e-02 -3.473515e-01 -9.836689e-01 1.272986e-01 -1.272421e-01 1.651791e+01
-1.279576e-01 7.249676e-05 9.917796e-01 7.957449e+01 1.261796e-01 9.918750e-01 1.620697e-02 -3.152439e-01 -9.837203e-01 1.272162e-01 -1.269271e-01 1.628320e+01
-1.277067e-01 6.722494e-04 9.918117e-01 8.138390e+01 1.278318e-01 9.916702e-01 1.578760e-02 -2.882774e-01 -9.835395e-01 1.288012e-01 -1.267289e-01 1.604105e+01
-1.274980e-01 1.274214e-04 9.918388e-01 8.319116e+01 1.285543e-01 9.915669e-01 1.639790e-02 -2.765959e-01 -9.834724e-01 1.295959e-01 -1.264391e-01 1.580040e+01
-1.273747e-01 7.183622e-04 9.918544e-01 8.498915e+01 1.293612e-01 9.914701e-01 1.589458e-02 -2.696056e-01 -9.833826e-01 1.303320e-01 -1.263812e-01 1.557042e+01
-1.276464e-01 1.577985e-03 9.918185e-01 8.682306e+01 1.293970e-01 9.914783e-01 1.507587e-02 -2.520862e-01 -9.833427e-01 1.302627e-01 -1.267629e-01 1.532709e+01
-1.287084e-01 2.059258e-03 9.916804e-01 8.863456e+01 1.286685e-01 9.915796e-01 1.464060e-02 -2.433059e-01 -9.832998e-01 1.294824e-01 -1.278895e-01 1.509685e+01
-1.298109e-01 3.233891e-03 9.915335e-01 9.051206e+01 1.279855e-01 9.916839e-01 1.352139e-02 -2.008825e-01 -9.832440e-01 1.286571e-01 -1.291452e-01 1.484076e+01
-1.308097e-01 2.758971e-03 9.914037e-01 9.236172e+01 1.271907e-01 9.917792e-01 1.402203e-02 -1.766764e-01 -9.832148e-01 1.279315e-01 -1.300853e-01 1.460982e+01
-1.316650e-01 2.469385e-03 9.912912e-01 9.424483e+01 1.276466e-01 9.917139e-01 1.448381e-02 -1.603300e-01 -9.830415e-01 1.284420e-01 -1.308892e-01 1.434302e+01
-1.320941e-01 1.221009e-03 9.912364e-01 9.613204e+01 1.253864e-01 9.919871e-01 1.548731e-02 -1.479282e-01 -9.832748e-01 1.263334e-01 -1.311887e-01 1.409531e+01
-1.335479e-01 2.519892e-03 9.910392e-01 9.798291e+01 1.256792e-01 9.919662e-01 1.441369e-02 -1.321575e-01 -9.830411e-01 1.264779e-01 -1.327917e-01 1.384549e+01
-1.356324e-01 3.177576e-03 9.907541e-01 9.985737e+01 1.249390e-01 9.920667e-01 1.392213e-02 -1.145673e-01 -9.828500e-01 1.256722e-01 -1.349533e-01 1.358436e+01
-1.400987e-01 3.896827e-03 9.901299e-01 1.017643e+02 1.255738e-01 9.919874e-01 1.386396e-02 -1.054367e-01 -9.821423e-01 1.262767e-01 -1.394655e-01 1.334100e+01
-1.450621e-01 3.452752e-03 9.894165e-01 1.036785e+02 1.235725e-01 9.922273e-01 1.465488e-02 -8.291562e-02 -9.816755e-01 1.243906e-01 -1.443613e-01 1.309235e+01
-1.500372e-01 2.110859e-03 9.886781e-01 1.055377e+02 1.226909e-01 9.923078e-01 1.650039e-02 -8.700105e-02 -9.810381e-01 1.237774e-01 -1.491421e-01 1.283025e+01
-1.549174e-01 3.169030e-03 9.879224e-01 1.074430e+02 1.212555e-01 9.924951e-01 1.583052e-02 -6.410452e-02 -9.804579e-01 1.222434e-01 -1.541390e-01 1.255136e+01
-1.597059e-01 4.775932e-03 9.871531e-01 1.093572e+02 1.218607e-01 9.924352e-01 1.491366e-02 -5.511549e-02 -9.796142e-01 1.226769e-01 -1.590797e-01 1.226050e+01
-1.641744e-01 6.773108e-03 9.864081e-01 1.112682e+02 1.225144e-01 9.923739e-01 1.357680e-02 -4.861255e-02 -9.787936e-01 1.230781e-01 -1.637522e-01 1.195477e+01
-1.689014e-01 7.276447e-03 9.856061e-01 1.131997e+02 1.214037e-01 9.925117e-01 1.347729e-02 -3.528723e-02 -9.781275e-01 1.219326e-01 -1.685200e-01 1.161959e+01
-1.737374e-01 6.872691e-03 9.847680e-01 1.151090e+02 1.197016e-01 9.927085e-01 1.419021e-02 -3.396008e-02 -9.774901e-01 1.203437e-01 -1.732932e-01 1.130121e+01
-1.791730e-01 5.985190e-03 9.837994e-01 1.170666e+02 1.181047e-01 9.928807e-01 1.546921e-02 -2.912103e-02 -9.767028e-01 1.189630e-01 -1.786043e-01 1.095315e+01
-1.848956e-01 5.191153e-03 9.827445e-01 1.190033e+02 1.171758e-01 9.929691e-01 1.680053e-02 -2.042053e-02 -9.757476e-01 1.182602e-01 -1.842039e-01 1.062405e+01
-1.904172e-01 4.596002e-03 9.816925e-01 1.209697e+02 1.179852e-01 9.928479e-01 1.823714e-02 -1.349659e-02 -9.745875e-01 1.192978e-01 -1.895975e-01 1.024912e+01
-1.958518e-01 6.165786e-03 9.806141e-01 1.229849e+02 1.188702e-01 9.927556e-01 1.749906e-02 5.670395e-03 -9.734022e-01 1.199930e-01 -1.951659e-01 9.851880e+00
-2.015017e-01 7.106283e-03 9.794624e-01 1.249526e+02 1.186438e-01 9.927878e-01 1.720524e-02 2.135704e-02 -9.722761e-01 1.196740e-01 -2.008916e-01 9.465915e+00
-2.071950e-01 7.232595e-03 9.782729e-01 1.270108e+02 1.194388e-01 9.926792e-01 1.795764e-02 4.757056e-02 -9.709813e-01 1.205644e-01 -2.065420e-01 9.048653e+00
-2.127130e-01 7.558850e-03 9.770855e-01 1.290300e+02 1.187392e-01 9.927592e-01 1.816959e-02 7.177465e-02 -9.698733e-01 1.198833e-01 -2.120703e-01 8.626575e+00
-2.178869e-01 8.122873e-03 9.759402e-01 1.310072e+02 1.182089e-01 9.928233e-01 1.812773e-02 9.025525e-02 -9.687889e-01 1.193146e-01 -2.172833e-01 8.202720e+00
-2.233448e-01 8.599438e-03 9.747016e-01 1.330370e+02 1.168364e-01 9.929878e-01 1.801134e-02 1.161109e-01 -9.677119e-01 1.179034e-01 -2.227834e-01 7.773024e+00
-2.276210e-01 8.129772e-03 9.737159e-01 1.350384e+02 1.187497e-01 9.927333e-01 1.947102e-02 1.428193e-01 -9.664819e-01 1.200605e-01 -2.269323e-01 7.325092e+00
-2.316934e-01 8.049101e-03 9.727556e-01 1.370254e+02 1.207012e-01 9.924764e-01 2.053663e-02 1.719278e-01 -9.652717e-01 1.221709e-01 -2.309218e-01 6.868839e+00
-2.347037e-01 9.189032e-03 9.720235e-01 1.390336e+02 1.223820e-01 9.922781e-01 2.016971e-02 2.095393e-01 -9.643323e-01 1.236921e-01 -2.340160e-01 6.374244e+00
-2.380178e-01 9.725734e-03 9.712121e-01 1.410646e+02 1.230969e-01 9.921884e-01 2.023192e-02 2.287570e-01 -9.634286e-01 1.243687e-01 -2.373557e-01 5.890314e+00
-2.416975e-01 9.963130e-03 9.703005e-01 1.430646e+02 1.229010e-01 9.922087e-01 2.042600e-02 2.644306e-01 -9.625371e-01 1.241878e-01 -2.410389e-01 5.426153e+00
-2.457406e-01 1.002638e-02 9.692838e-01 1.450873e+02 1.214687e-01 9.923829e-01 2.053040e-02 2.759587e-01 -9.616948e-01 1.227828e-01 -2.450866e-01 4.937008e+00
-2.500869e-01 1.120930e-02 9.681585e-01 1.470852e+02 1.215244e-01 9.923889e-01 1.990135e-02 3.013424e-01 -9.605667e-01 1.226319e-01 -2.495456e-01 4.432069e+00
-2.546695e-01 1.127404e-02 9.669624e-01 1.491301e+02 1.217399e-01 9.923505e-01 2.049267e-02 3.233497e-01 -9.593346e-01 1.229368e-01 -2.540939e-01 3.921632e+00
-2.587929e-01 1.192209e-02 9.658592e-01 1.511335e+02 1.229532e-01 9.921966e-01 2.069698e-02 3.398347e-01 -9.580755e-01 1.241117e-01 -2.582394e-01 3.371953e+00
-2.634517e-01 1.245588e-02 9.645922e-01 1.531579e+02 1.227689e-01 9.922190e-01 2.071829e-02 3.592534e-01 -9.568286e-01 1.238801e-01 -2.629310e-01 2.834840e+00
-2.678874e-01 1.228977e-02 9.633718e-01 1.552081e+02 1.223740e-01 9.922540e-01 2.137064e-02 3.863009e-01 -9.556469e-01 1.236166e-01 -2.673163e-01 2.285849e+00
-2.719517e-01 1.147431e-02 9.622425e-01 1.572133e+02 1.224438e-01 9.922141e-01 2.277371e-02 4.035578e-01 -9.544893e-01 1.240140e-01 -2.712393e-01 1.733440e+00
-2.761917e-01 1.146896e-02 9.610341e-01 1.592657e+02 1.232781e-01 9.920918e-01 2.358930e-02 4.318017e-01 -9.531635e-01 1.249896e-01 -2.754214e-01 1.152633e+00
-2.801983e-01 1.248459e-02 9.598610e-01 1.612549e+02 1.249196e-01 9.918870e-01 2.356481e-02 4.560154e-01 -9.517794e-01 1.265082e-01 -2.794846e-01 5.817453e-01
-2.837831e-01 1.366594e-02 9.587911e-01 1.632932e+02 1.255825e-01 9.918158e-01 2.303326e-02 4.898101e-01 -9.506294e-01 1.269438e-01 -2.831767e-01 -8.404280e-03
-2.873586e-01 1.542375e-02 9.576989e-01 1.653187e+02 1.262710e-01 9.917537e-01 2.191554e-02 5.132208e-01 -9.494634e-01 1.272272e-01 -2.869365e-01 -6.050356e-01
-2.905271e-01 1.633428e-02 9.567273e-01 1.673940e+02 1.275230e-01 9.915961e-01 2.179501e-02 5.299236e-01 -9.483311e-01 1.283368e-01 -2.901686e-01 -1.231980e+00
-2.937037e-01 1.702974e-02 9.557448e-01 1.693939e+02 1.275474e-01 9.915988e-01 2.152718e-02 5.551212e-01 -9.473488e-01 1.282254e-01 -2.934084e-01 -1.849956e+00
-2.968773e-01 1.697348e-02 9.547648e-01 1.715055e+02 1.279191e-01 9.915373e-01 2.214832e-02 5.906927e-01 -9.463089e-01 1.287080e-01 -2.965362e-01 -2.520971e+00
-3.007271e-01 1.737881e-02 9.535519e-01 1.736347e+02 1.282532e-01 9.914890e-01 2.237772e-02 6.248019e-01 -9.450473e-01 1.290257e-01 -3.003965e-01 -3.178583e+00
-3.046042e-01 1.820968e-02 9.523049e-01 1.757061e+02 1.306917e-01 9.911597e-01 2.285039e-02 6.530542e-01 -9.434702e-01 1.314187e-01 -3.042912e-01 -3.831938e+00
-3.077421e-01 1.806682e-02 9.512983e-01 1.777334e+02 1.323936e-01 9.909064e-01 2.400988e-02 6.688133e-01 -9.422137e-01 1.333346e-01 -3.073356e-01 -4.476413e+00
-3.101497e-01 1.805464e-02 9.505163e-01 1.798281e+02 1.338841e-01 9.906849e-01 2.486823e-02 6.996609e-01 -9.412132e-01 1.349719e-01 -3.096779e-01 -5.162753e+00
-3.129868e-01 1.744867e-02 9.495972e-01 1.818588e+02 1.341797e-01 9.906153e-01 2.602320e-02 7.197726e-01 -9.402314e-01 1.355616e-01 -3.123908e-01 -5.828634e+00
-3.165587e-01 1.807878e-02 9.484006e-01 1.839376e+02 1.337655e-01 9.906781e-01 2.576379e-02 7.406886e-01 -9.390939e-01 1.350191e-01 -3.160261e-01 -6.489582e+00
-3.196926e-01 1.990967e-02 9.473121e-01 1.860013e+02 1.336029e-01 9.907378e-01 2.426507e-02 7.548441e-01 -9.380549e-01 1.343210e-01 -3.193915e-01 -7.150505e+00
-3.230265e-01 2.215323e-02 9.461306e-01 1.881362e+02 1.342167e-01 9.906936e-01 2.262741e-02 7.855836e-01 -9.368243e-01 1.342958e-01 -3.229936e-01 -7.866499e+00
-3.258461e-01 2.308901e-02 9.451408e-01 1.901755e+02 1.342264e-01 9.907048e-01 2.207371e-02 8.074938e-01 -9.358459e-01 1.340555e-01 -3.259165e-01 -8.568240e+00
-3.292104e-01 2.393838e-02 9.439531e-01 1.923022e+02 1.325904e-01 9.909460e-01 2.111175e-02 8.364030e-01 -9.349012e-01 1.321094e-01 -3.294037e-01 -9.291146e+00
-3.325475e-01 2.433744e-02 9.427724e-01 1.944365e+02 1.338651e-01 9.907632e-01 2.164243e-02 8.648936e-01 -9.335375e-01 1.334015e-01 -3.327338e-01 -1.004735e+01
-3.362869e-01 2.377427e-02 9.414594e-01 1.965234e+02 1.337751e-01 9.907502e-01 2.276516e-02 8.881439e-01 -9.322099e-01 1.335995e-01 -3.363567e-01 -1.077359e+01
-3.399853e-01 2.355296e-02 9.401358e-01 1.986177e+02 1.341367e-01 9.906796e-01 2.368922e-02 9.244592e-01 -9.308154e-01 1.341607e-01 -3.399758e-01 -1.151701e+01
-3.440410e-01 2.384801e-02 9.386517e-01 2.007236e+02 1.348750e-01 9.905654e-01 2.426832e-02 9.580279e-01 -9.292172e-01 1.349499e-01 -3.440116e-01 -1.226746e+01
-3.477629e-01 2.424537e-02 9.372690e-01 2.028829e+02 1.345336e-01 9.906112e-01 2.429191e-02 9.884770e-01 -9.278802e-01 1.345420e-01 -3.477596e-01 -1.305372e+01
-3.518835e-01 2.514018e-02 9.357061e-01 2.049762e+02 1.343337e-01 9.906479e-01 2.390147e-02 1.023479e+00 -9.263544e-01 1.341074e-01 -3.519698e-01 -1.378070e+01
-3.548225e-01 2.625870e-02 9.345648e-01 2.071371e+02 1.355002e-01 9.904959e-01 2.361462e-02 1.059702e+00 -9.250625e-01 1.350127e-01 -3.550083e-01 -1.460800e+01
-3.576301e-01 2.702931e-02 9.334721e-01 2.092818e+02 1.367559e-01 9.903208e-01 2.371825e-02 1.082231e+00 -9.237957e-01 1.361401e-01 -3.578649e-01 -1.541647e+01
-3.602531e-01 2.660726e-02 9.324751e-01 2.113841e+02 1.376659e-01 9.901649e-01 2.493257e-02 1.094386e+00 -9.226407e-01 1.373521e-01 -3.603729e-01 -1.621750e+01
-3.626607e-01 2.640190e-02 9.315472e-01 2.135170e+02 1.394620e-01 9.898797e-01 2.623881e-02 1.129620e+00 -9.214269e-01 1.394313e-01 -3.626725e-01 -1.705768e+01
-3.655501e-01 2.737190e-02 9.303891e-01 2.157161e+02 1.411565e-01 9.896367e-01 2.634544e-02 1.171834e+00 -9.200261e-01 1.409610e-01 -3.656255e-01 -1.791420e+01
-3.681225e-01 2.822157e-02 9.293489e-01 2.178736e+02 1.413481e-01 9.896201e-01 2.593729e-02 1.200394e+00 -9.189704e-01 1.409098e-01 -3.682905e-01 -1.876566e+01
-3.709134e-01 2.835860e-02 9.282344e-01 2.199918e+02 1.409785e-01 9.896686e-01 2.609814e-02 1.233210e+00 -9.179043e-01 1.405412e-01 -3.710793e-01 -1.958722e+01
-3.739357e-01 2.976144e-02 9.269770e-01 2.221559e+02 1.408565e-01 9.897132e-01 2.504481e-02 1.279833e+00 -9.166960e-01 1.399359e-01 -3.742811e-01 -2.044864e+01
-3.770469e-01 3.178424e-02 9.256486e-01 2.243054e+02 1.414018e-01 9.896706e-01 2.361500e-02 1.333150e+00 -9.153366e-01 1.397923e-01 -3.776466e-01 -2.130973e+01
-3.792489e-01 3.246072e-02 9.247251e-01 2.264345e+02 1.406654e-01 9.897913e-01 2.294504e-02 1.374089e+00 -9.145401e-01 1.387787e-01 -3.799433e-01 -2.218298e+01
-3.823812e-01 3.376667e-02 9.233875e-01 2.285747e+02 1.418770e-01 9.896271e-01 2.256334e-02 1.409715e+00 -9.130474e-01 1.396353e-01 -3.832056e-01 -2.305590e+01
-3.842048e-01 3.383238e-02 9.226278e-01 2.307114e+02 1.440564e-01 9.892853e-01 2.371191e-02 1.442591e+00 -9.119399e-01 1.420207e-01 -3.849619e-01 -2.397094e+01
-3.870299e-01 3.300975e-02 9.214761e-01 2.329221e+02 1.455312e-01 9.890199e-01 2.569530e-02 1.458466e+00 -9.105101e-01 1.440483e-01 -3.875842e-01 -2.487381e+01
-3.888098e-01 3.269160e-02 9.207379e-01 2.348073e+02 1.450684e-01 9.890762e-01 2.614155e-02 1.508830e+00 -9.098253e-01 1.437340e-01 -3.893050e-01 -2.574888e+01
-3.915107e-01 3.336244e-02 9.195685e-01 2.368102e+02 1.444204e-01 9.891852e-01 2.559950e-02 1.537846e+00 -9.087696e-01 1.428269e-01 -3.920949e-01 -2.659094e+01
-3.948354e-01 3.249880e-02 9.181769e-01 2.389530e+02 1.431086e-01 9.893516e-01 2.652167e-02 1.563580e+00 -9.075378e-01 1.418707e-01 -3.952819e-01 -2.751721e+01
-3.981760e-01 3.224039e-02 9.167423e-01 2.410406e+02 1.429320e-01 9.893563e-01 2.728669e-02 1.603316e+00 -9.061050e-01 1.418967e-01 -3.985461e-01 -2.840532e+01
-4.012837e-01 3.336622e-02 9.153459e-01 2.432026e+02 1.436695e-01 9.892594e-01 2.692357e-02 1.658836e+00 -9.046162e-01 1.423113e-01 -4.017674e-01 -2.934161e+01
-4.048540e-01 3.326866e-02 9.137759e-01 2.454063e+02 1.441759e-01 9.891597e-01 2.786478e-02 1.691916e+00 -9.029433e-01 1.430256e-01 -4.052618e-01 -3.032296e+01
-4.089133e-01 3.286814e-02 9.119811e-01 2.474228e+02 1.439771e-01 9.891587e-01 2.890667e-02 1.733853e+00 -9.011440e-01 1.431247e-01 -4.092124e-01 -3.119140e+01
-4.125510e-01 3.314785e-02 9.103312e-01 2.495493e+02 1.437443e-01 9.891862e-01 2.912394e-02 1.765614e+00 -8.995217e-01 1.428700e-01 -4.128545e-01 -3.214927e+01
-4.164008e-01 3.424360e-02 9.085361e-01 2.516427e+02 1.443418e-01 9.891065e-01 2.887446e-02 1.810786e+00 -8.976502e-01 1.431631e-01 -4.168075e-01 -3.308502e+01
-4.193054e-01 3.507383e-02 9.071675e-01 2.536957e+02 1.456214e-01 9.889131e-01 2.907388e-02 1.867382e+00 -8.960901e-01 1.442939e-01 -4.197641e-01 -3.404881e+01
-4.228053e-01 3.500438e-02 9.055442e-01 2.558743e+02 1.461550e-01 9.888062e-01 3.001792e-02 1.906421e+00 -8.943570e-01 1.450415e-01 -4.231886e-01 -3.505698e+01
-4.263524e-01 3.531749e-02 9.038674e-01 2.579821e+02 1.449721e-01 9.889887e-01 2.973953e-02 1.943906e+00 -8.928643e-01 1.437150e-01 -4.267778e-01 -3.604944e+01
-4.301983e-01 3.528699e-02 9.020445e-01 2.601509e+02 1.456438e-01 9.888583e-01 3.077663e-02 1.981836e+00 -8.909081e-01 1.446172e-01 -4.305445e-01 -3.706265e+01
-4.331590e-01 3.641857e-02 9.005814e-01 2.623197e+02 1.467922e-01 9.886933e-01 3.062196e-02 2.046868e+00 -8.892836e-01 1.454625e-01 -4.336074e-01 -3.813369e+01
-4.364003e-01 3.801179e-02 8.989493e-01 2.644739e+02 1.487887e-01 9.884005e-01 3.043613e-02 2.102991e+00 -8.873650e-01 1.470358e-01 -4.369940e-01 -3.917895e+01
-4.400984e-01 4.026627e-02 8.970463e-01 2.666086e+02 1.510870e-01 9.880720e-01 2.977236e-02 2.150971e+00 -8.851475e-01 1.486348e-01 -4.409326e-01 -4.020115e+01
-4.427922e-01 4.116503e-02 8.956788e-01 2.687774e+02 1.526061e-01 9.878304e-01 3.004281e-02 2.203677e+00 -8.835420e-01 1.499888e-01 -4.436856e-01 -4.125522e+01
-4.455448e-01 4.356561e-02 8.941990e-01 2.709173e+02 1.552524e-01 9.874418e-01 2.924785e-02 2.245819e+00 -8.816952e-01 1.518577e-01 -4.467133e-01 -4.232228e+01
-4.485434e-01 4.597357e-02 8.925779e-01 2.729588e+02 1.580761e-01 9.870127e-01 2.859973e-02 2.262036e+00 -8.796708e-01 1.539234e-01 -4.499853e-01 -4.329774e+01
-4.511273e-01 4.706164e-02 8.912179e-01 2.750960e+02 1.599694e-01 9.866997e-01 2.887155e-02 2.315887e+00 -8.780057e-01 1.555923e-01 -4.526556e-01 -4.439958e+01
-4.546913e-01 4.829989e-02 8.893385e-01 2.772261e+02 1.597053e-01 9.867658e-01 2.806121e-02 2.402984e+00 -8.762135e-01 1.547912e-01 -4.563876e-01 -4.543903e+01
-4.586399e-01 4.816755e-02 8.873158e-01 2.794203e+02 1.584390e-01 9.869626e-01 2.831787e-02 2.459523e+00 -8.743835e-01 1.535732e-01 -4.602921e-01 -4.654234e+01
-4.618862e-01 4.989632e-02 8.855346e-01 2.815657e+02 1.601761e-01 9.866927e-01 2.795010e-02 2.515743e+00 -8.723559e-01 1.547512e-01 -4.637319e-01 -4.764983e+01
-4.652857e-01 5.032042e-02 8.837291e-01 2.836594e+02 1.597858e-01 9.867562e-01 2.794076e-02 2.555955e+00 -8.706191e-01 1.542078e-01 -4.671641e-01 -4.870866e+01
-4.688469e-01 5.006312e-02 8.818596e-01 2.858296e+02 1.587699e-01 9.869075e-01 2.838443e-02 2.585207e+00 -8.688928e-01 1.533207e-01 -4.706570e-01 -4.981696e+01
-4.713157e-01 5.096640e-02 8.804907e-01 2.879878e+02 1.612689e-01 9.864777e-01 2.922389e-02 2.631582e+00 -8.670950e-01 1.557695e-01 -4.731618e-01 -5.096002e+01
-4.735159e-01 5.127859e-02 8.792913e-01 2.900593e+02 1.631684e-01 9.861310e-01 3.036016e-02 2.697784e+00 -8.655396e-01 1.578486e-01 -4.753158e-01 -5.205388e+01
-4.756995e-01 5.205360e-02 8.780663e-01 2.922388e+02 1.650950e-01 9.857903e-01 3.100182e-02 2.749796e+00 -8.639755e-01 1.597119e-01 -4.775337e-01 -5.322088e+01
-4.774147e-01 5.171607e-02 8.771549e-01 2.943766e+02 1.647863e-01 9.858240e-01 3.156620e-02 2.814387e+00 -8.630879e-01 1.596133e-01 -4.791690e-01 -5.438278e+01
-4.799624e-01 5.119453e-02 8.757940e-01 2.965616e+02 1.649020e-01 9.857661e-01 3.274846e-02 2.869780e+00 -8.616516e-01 1.601382e-01 -4.815728e-01 -5.555958e+01
-4.823661e-01 5.166387e-02 8.744449e-01 2.987646e+02 1.671486e-01 9.853457e-01 3.398734e-02 2.927269e+00 -8.598746e-01 1.625566e-01 -4.839329e-01 -5.677315e+01
-4.837845e-01 5.277080e-02 8.735948e-01 3.008447e+02 1.685698e-01 9.851085e-01 3.384463e-02 3.035427e+00 -8.587996e-01 1.636352e-01 -4.854758e-01 -5.794661e+01
-4.855937e-01 5.389317e-02 8.725218e-01 3.031195e+02 1.681833e-01 9.852116e-01 3.274715e-02 3.122163e+00 -8.578538e-01 1.626454e-01 -4.874765e-01 -5.921945e+01
-4.883768e-01 5.637610e-02 8.708099e-01 3.053862e+02 1.684932e-01 9.852242e-01 3.071288e-02 3.179103e+00 -8.562115e-01 1.617250e-01 -4.906597e-01 -6.046229e+01
-4.913746e-01 5.571530e-02 8.691644e-01 3.075209e+02 1.670091e-01 9.854601e-01 3.124708e-02 3.234321e+00 -8.547859e-01 1.605124e-01 -4.935351e-01 -6.168397e+01
-4.953365e-01 5.455161e-02 8.669867e-01 3.097346e+02 1.650596e-01 9.857552e-01 3.227909e-02 3.318822e+00 -8.528758e-01 1.590935e-01 -4.972848e-01 -6.295524e+01
-4.999276e-01 5.274939e-02 8.644593e-01 3.120107e+02 1.635468e-01 9.859350e-01 3.441929e-02 3.403784e+00 -8.504851e-01 1.585867e-01 -5.015231e-01 -6.425082e+01
-5.053640e-01 5.149884e-02 8.613681e-01 3.143219e+02 1.618203e-01 9.861641e-01 3.597979e-02 3.494797e+00 -8.475974e-01 1.575697e-01 -5.067054e-01 -6.554603e+01
-5.092867e-01 5.137301e-02 8.590622e-01 3.165254e+02 1.629490e-01 9.859161e-01 3.764368e-02 3.542727e+00 -8.450294e-01 1.591547e-01 -5.104852e-01 -6.685781e+01
-5.129768e-01 5.290959e-02 8.567703e-01 3.187483e+02 1.654953e-01 9.854693e-01 3.823013e-02 3.626867e+00 -8.422981e-01 1.614026e-01 -5.142791e-01 -6.819324e+01
-5.166125e-01 5.428182e-02 8.544969e-01 3.210154e+02 1.679876e-01 9.850178e-01 3.898899e-02 3.693714e+00 -8.395783e-01 1.636871e-01 -5.179912e-01 -6.955315e+01
-5.203203e-01 5.509603e-02 8.521920e-01 3.232513e+02 1.690510e-01 9.848136e-01 3.954667e-02 3.802997e+00 -8.370714e-01 1.646409e-01 -5.217326e-01 -7.089447e+01
-5.239946e-01 5.404176e-02 8.500054e-01 3.254655e+02 1.695384e-01 9.846319e-01 4.191265e-02 3.887522e+00 -8.346774e-01 1.660706e-01 -5.251039e-01 -7.225399e+01
-5.294321e-01 5.274188e-02 8.467112e-01 3.276405e+02 1.678089e-01 9.848558e-01 4.358071e-02 3.977875e+00 -8.315899e-01 1.651587e-01 -5.302649e-01 -7.345640e+01
-5.328828e-01 5.178781e-02 8.446028e-01 3.298481e+02 1.661128e-01 9.851066e-01 4.440212e-02 4.057020e+00 -8.297243e-01 1.639605e-01 -5.335490e-01 -7.489377e+01
-5.374217e-01 5.202532e-02 8.417073e-01 3.319993e+02 1.657651e-01 9.851404e-01 4.494857e-02 4.159192e+00 -8.268614e-01 1.636821e-01 -5.380598e-01 -7.620785e+01
-5.411803e-01 5.239826e-02 8.392725e-01 3.342466e+02 1.684439e-01 9.845831e-01 4.714567e-02 4.234558e+00 -8.238632e-01 1.668846e-01 -5.416632e-01 -7.763566e+01
-5.453310e-01 5.166492e-02 8.366271e-01 3.365225e+02 1.686857e-01 9.844432e-01 4.915975e-02 4.338135e+00 -8.210720e-01 1.679354e-01 -5.455625e-01 -7.911311e+01
-5.485087e-01 5.087890e-02 8.345954e-01 3.386952e+02 1.675350e-01 9.845932e-01 5.008339e-02 4.444053e+00 -8.191888e-01 1.672951e-01 -5.485819e-01 -8.057188e+01
-5.516834e-01 4.967211e-02 8.325732e-01 3.409111e+02 1.671330e-01 9.845618e-01 5.200655e-02 4.542650e+00 -8.171365e-01 1.678416e-01 -5.514682e-01 -8.203068e+01
-5.547289e-01 4.990338e-02 8.305333e-01 3.430673e+02 1.676912e-01 9.844217e-01 5.285421e-02 4.666235e+00 -8.149574e-01 1.685929e-01 -5.544555e-01 -8.344069e+01
-5.579520e-01 4.929631e-02 8.284078e-01 3.452943e+02 1.650182e-01 9.848904e-01 5.253546e-02 4.788478e+00 -8.133010e-01 1.660146e-01 -5.576563e-01 -8.491041e+01
-5.610883e-01 4.929891e-02 8.262866e-01 3.474553e+02 1.632783e-01 9.852038e-01 5.209341e-02 4.903681e+00 -8.114925e-01 1.641437e-01 -5.608357e-01 -8.626878e+01
-5.635705e-01 4.847117e-02 8.246447e-01 3.496876e+02 1.590431e-01 9.859670e-01 5.073827e-02 5.046914e+00 -8.106131e-01 1.597487e-01 -5.633709e-01 -8.781038e+01
-5.660272e-01 4.607985e-02 8.230977e-01 3.518527e+02 1.567547e-01 9.862367e-01 5.258402e-02 5.159712e+00 -8.093462e-01 1.587884e-01 -5.654600e-01 -8.924217e+01
-5.695189e-01 4.454311e-02 8.207704e-01 3.541245e+02 1.564421e-01 9.861527e-01 5.503420e-02 5.256081e+00 -8.069536e-01 1.597461e-01 -5.686010e-01 -9.078950e+01
-5.723237e-01 4.425280e-02 8.188329e-01 3.563667e+02 1.551584e-01 9.863494e-01 5.514202e-02 5.370283e+00 -8.052152e-01 1.586079e-01 -5.713773e-01 -9.233490e+01
-5.748037e-01 4.407745e-02 8.171033e-01 3.585112e+02 1.548326e-01 9.863687e-01 5.571114e-02 5.504591e+00 -8.035095e-01 1.585372e-01 -5.737930e-01 -9.385251e+01
-5.777551e-01 4.121436e-02 8.151690e-01 3.607114e+02 1.536542e-01 9.863597e-01 5.903357e-02 5.638956e+00 -8.016168e-01 1.593611e-01 -5.762071e-01 -9.536447e+01
-5.803084e-01 3.863819e-02 8.134797e-01 3.629608e+02 1.515630e-01 9.865474e-01 6.126133e-02 5.760593e+00 -8.001693e-01 1.588439e-01 -5.783578e-01 -9.697732e+01
-5.832184e-01 3.807353e-02 8.114227e-01 3.652206e+02 1.509376e-01 9.865848e-01 6.219549e-02 5.898032e+00 -7.981693e-01 1.587478e-01 -5.811411e-01 -9.857334e+01
-5.865674e-01 3.790365e-02 8.090130e-01 3.673163e+02 1.504600e-01 9.866153e-01 6.286501e-02 6.015764e+00 -7.958018e-01 1.585987e-01 -5.844193e-01 -1.000843e+02
-5.902193e-01 3.708233e-02 8.063907e-01 3.694108e+02 1.499343e-01 9.865982e-01 6.437172e-02 6.074862e+00 -7.931966e-01 1.588991e-01 -5.878693e-01 -1.014561e+02
-5.927572e-01 3.715228e-02 8.045239e-01 3.717682e+02 1.497131e-01 9.866074e-01 6.474486e-02 6.277219e+00 -7.913438e-01 1.588257e-01 -5.903808e-01 -1.031739e+02
-5.948544e-01 3.535743e-02 8.030554e-01 3.736207e+02 1.464112e-01 9.870865e-01 6.499240e-02 6.366132e+00 -7.903872e-01 1.562373e-01 -5.923495e-01 -1.048161e+02
-5.981894e-01 3.153762e-02 8.007340e-01 3.756764e+02 1.352211e-01 9.888694e-01 6.206961e-02 6.468321e+00 -7.898637e-01 1.454055e-01 -5.957957e-01 -1.062825e+02
-6.012295e-01 3.448734e-02 7.983318e-01 3.780114e+02 1.279631e-01 9.903301e-01 5.358846e-02 6.599795e+00 -7.887639e-01 1.343760e-01 -5.998288e-01 -1.080709e+02
-6.025795e-01 4.404691e-02 7.968424e-01 3.780080e+02 1.377952e-01 9.892220e-01 4.952096e-02 6.556185e+00 -7.860728e-01 1.396414e-01 -6.021543e-01 -1.080947e+02
-6.030949e-01 4.461132e-02 7.964210e-01 3.799446e+02 1.444448e-01 9.880363e-01 5.403720e-02 6.661045e+00 -7.844821e-01 1.476285e-01 -6.023235e-01 -1.095736e+02
-6.045461e-01 3.578808e-02 7.957658e-01 3.818701e+02 1.442132e-01 9.873994e-01 6.515284e-02 6.871218e+00 -7.834070e-01 1.541478e-01 -6.020896e-01 -1.112007e+02
-6.078175e-01 2.545735e-02 7.936686e-01 3.836833e+02 1.382548e-01 9.876131e-01 7.420182e-02 7.038544e+00 -7.819485e-01 1.548296e-01 -6.038082e-01 -1.126873e+02
-6.115055e-01 1.968667e-02 7.909952e-01 3.857095e+02 1.324504e-01 9.881314e-01 7.780218e-02 7.186838e+00 -7.800756e-01 1.523441e-01 -6.068553e-01 -1.141796e+02
-6.134078e-01 2.170326e-02 7.894681e-01 3.857421e+02 1.335206e-01 9.880828e-01 7.658066e-02 7.226795e+00 -7.783978e-01 1.523855e-01 -6.089955e-01 -1.142477e+02
-6.161824e-01 2.749190e-02 7.871235e-01 3.880816e+02 1.396907e-01 9.873608e-01 7.486819e-02 7.401211e+00 -7.751166e-01 1.560863e-01 -6.122347e-01 -1.156632e+02
-6.183829e-01 3.374571e-02 7.851521e-01 3.900573e+02 1.439347e-01 9.870412e-01 7.093960e-02 7.536885e+00 -7.725836e-01 1.568785e-01 -6.152266e-01 -1.171786e+02
-6.195608e-01 3.733278e-02 7.840603e-01 3.900457e+02 1.453585e-01 9.870489e-01 6.786356e-02 7.553153e+00 -7.713723e-01 1.560154e-01 -6.169635e-01 -1.172562e+02
-6.229557e-01 3.727043e-02 7.813687e-01 3.920508e+02 1.451389e-01 9.870279e-01 6.863357e-02 7.652779e+00 -7.686748e-01 1.561626e-01 -6.202841e-01 -1.187987e+02
-6.254575e-01 3.693502e-02 7.793835e-01 3.920371e+02 1.461308e-01 9.867494e-01 7.050830e-02 7.653139e+00 -7.664520e-01 1.579919e-01 -6.225672e-01 -1.188751e+02
-6.281957e-01 3.657464e-02 7.771953e-01 3.942223e+02 1.467861e-01 9.865284e-01 7.221931e-02 7.848657e+00 -7.640838e-01 1.594494e-01 -6.251015e-01 -1.202725e+02
-6.295938e-01 3.689277e-02 7.760481e-01 3.942587e+02 1.468435e-01 9.865188e-01 7.223306e-02 7.854621e+00 -7.629211e-01 1.594351e-01 -6.265236e-01 -1.203792e+02
-6.309328e-01 3.770218e-02 7.749209e-01 3.962620e+02 1.481334e-01 9.862974e-01 7.262248e-02 8.005801e+00 -7.615644e-01 1.606116e-01 -6.278723e-01 -1.219968e+02
-6.322661e-01 3.746782e-02 7.738447e-01 3.983852e+02 1.480145e-01 9.862739e-01 7.318136e-02 8.148634e+00 -7.604809e-01 1.608103e-01 -6.291334e-01 -1.237137e+02
-6.335427e-01 3.767411e-02 7.727900e-01 4.004003e+02 1.504662e-01 9.857434e-01 7.529823e-02 8.298283e+00 -7.589359e-01 1.639834e-01 -6.301792e-01 -1.253480e+02
-6.342589e-01 3.675504e-02 7.722465e-01 4.024119e+02 1.523278e-01 9.852301e-01 7.821741e-02 8.442181e+00 -7.579656e-01 1.672447e-01 -6.304897e-01 -1.270035e+02
-6.350550e-01 3.639018e-02 7.716093e-01 4.045126e+02 1.544765e-01 9.846952e-01 8.069866e-02 8.615336e+00 -7.568634e-01 1.704436e-01 -6.309570e-01 -1.287419e+02
-6.363517e-01 3.652087e-02 7.705341e-01 4.063489e+02 1.531204e-01 9.849826e-01 7.977063e-02 8.771665e+00 -7.560494e-01 1.687467e-01 -6.323874e-01 -1.302550e+02
-6.377026e-01 3.608869e-02 7.694368e-01 4.083965e+02 1.481587e-01 9.859967e-01 7.654673e-02 8.921280e+00 -7.558998e-01 1.628128e-01 -6.341195e-01 -1.318995e+02
-6.389420e-01 3.495279e-02 7.684604e-01 4.083542e+02 1.445869e-01 9.866196e-01 7.534226e-02 8.926891e+00 -7.555446e-01 1.592486e-01 -6.354464e-01 -1.319979e+02
-6.394257e-01 3.497529e-02 7.680569e-01 4.100685e+02 1.446021e-01 9.866086e-01 7.545714e-02 9.087773e+00 -7.551324e-01 1.593119e-01 -6.359204e-01 -1.334613e+02
-6.400091e-01 3.489921e-02 7.675744e-01 4.115742e+02 1.442339e-01 9.866666e-01 7.540264e-02 9.266559e+00 -7.547085e-01 1.589686e-01 -6.365092e-01 -1.348774e+02
-6.411102e-01 3.372932e-02 7.667073e-01 4.135992e+02 1.410690e-01 9.871903e-01 7.453103e-02 9.415658e+00 -7.543721e-01 1.559412e-01 -6.376559e-01 -1.365421e+02
-6.426329e-01 3.283507e-02 7.654704e-01 4.155745e+02 1.399135e-01 9.873108e-01 7.511012e-02 9.566121e+00 -7.532909e-01 1.553678e-01 -6.390725e-01 -1.381370e+02
-6.428868e-01 3.104020e-02 7.653320e-01 4.175413e+02 1.403327e-01 9.870392e-01 7.784872e-02 9.707238e+00 -7.529963e-01 1.574490e-01 -6.389104e-01 -1.397967e+02
-6.424677e-01 2.956182e-02 7.657423e-01 4.196303e+02 1.429369e-01 9.863417e-01 8.184779e-02 9.868381e+00 -7.528640e-01 1.620374e-01 -6.379182e-01 -1.415299e+02
-6.411271e-01 2.762544e-02 7.669373e-01 4.216148e+02 1.466207e-01 9.853528e-01 8.707584e-02 1.004077e+01 -7.532983e-01 1.682756e-01 -6.357869e-01 -1.431993e+02
-6.395681e-01 2.628900e-02 7.682848e-01 4.236204e+02 1.497623e-01 9.845270e-01 9.098314e-02 1.023225e+01 -7.540052e-01 1.732500e-01 -6.336091e-01 -1.448357e+02
-6.372788e-01 2.419618e-02 7.702534e-01 4.256912e+02 1.446160e-01 9.855049e-01 8.869193e-02 1.044595e+01 -7.569425e-01 1.679125e-01 -6.315405e-01 -1.465599e+02
-6.359232e-01 2.379366e-02 7.713855e-01 4.276816e+02 1.377356e-01 9.869765e-01 8.310432e-02 1.064369e+01 -7.593620e-01 1.590952e-01 -6.309184e-01 -1.482214e+02
-6.345220e-01 2.183264e-02 7.725964e-01 4.297696e+02 1.334445e-01 9.876842e-01 8.168527e-02 1.082228e+01 -7.612978e-01 1.549299e-01 -6.296208e-01 -1.499036e+02
-6.319182e-01 2.238236e-02 7.747118e-01 4.318171e+02 1.326078e-01 9.879653e-01 7.962222e-02 1.100595e+01 -7.636063e-01 1.530476e-01 -6.272813e-01 -1.515510e+02
