1.000000e+00 0.000000e+00 0.000000e+00 0.000000e+00 0.000000e+00 1.000000e+00 0.000000e+00 0.000000e+00 0.000000e+00 0.000000e+00 1.000000e+00 0.000000e+00
9.999966e-01 -2.243766e-03 -1.298722e-03 -4.989675e-03 2.247224e-03 9.999939e-01 2.667438e-03 -1.251186e-02 1.292729e-03 -2.670348e-03 9.999956e-01 1.548429e+00
9.999913e-01 -3.088289e-03 -2.805069e-03 -1.462057e-02 3.098823e-03 9.999881e-01 3.758865e-03 -2.873079e-02 2.793428e-03 -3.767524e-03 9.999890e-01 3.080465e+00
9.999887e-01 -2.476965e-03 -4.065976e-03 -4.290945e-02 2.491021e-03 9.999909e-01 3.455519e-03 -4.635417e-02 4.057380e-03 -3.465609e-03 9.999858e-01 4.594758e+00
9.999777e-01 -3.052316e-03 -5.938728e-03 -5.310891e-02 3.071251e-03 9.999902e-01 3.181900e-03 -6.063880e-02 5.928958e-03 -3.200069e-03 9.999773e-01 6.096699e+00
9.999697e-01 -3.176246e-03 -7.106049e-03 -7.423075e-02 3.201568e-03 9.999886e-01 3.554939e-03 -8.043321e-02 7.094676e-03 -3.577582e-03 9.999684e-01 7.602398e+00
9.999483e-01 -4.489822e-03 -9.125157e-03 -9.045372e-02 4.528649e-03 9.999808e-01 4.238656e-03 -1.031716e-01 9.105951e-03 -4.279762e-03 9.999494e-01 9.111959e+00
9.999157e-01 -7.141723e-03 -1.084037e-02 -1.076517e-01 7.178865e-03 9.999685e-01 3.391257e-03 -1.179664e-01 1.081581e-02 -3.468792e-03 9.999355e-01 1.062445e+01
9.998815e-01 -8.879025e-03 -1.257513e-02 -1.304493e-01 8.924386e-03 9.999539e-01 3.555725e-03 -1.323100e-01 1.254298e-02 -3.667529e-03 9.999146e-01 1.212911e+01
9.998593e-01 -9.302777e-03 -1.395936e-02 -1.547213e-01 9.355932e-03 9.999492e-01 3.747428e-03 -1.557412e-01 1.392379e-02 -3.877504e-03 9.998955e-01 1.364177e+01
9.998351e-01 -9.633323e-03 -1.539461e-02 -1.775631e-01 9.691500e-03 9.999462e-01 3.708893e-03 -1.748760e-01 1.535805e-02 -3.857478e-03 9.998746e-01 1.512018e+01
9.998428e-01 -8.044593e-03 -1.580273e-02 -2.133885e-01 8.116380e-03 9.999570e-01 4.483854e-03 -1.929798e-01 1.576598e-02 -4.611410e-03 9.998651e-01 1.662147e+01
9.998418e-01 -6.643769e-03 -1.650130e-02 -2.439517e-01 6.730398e-03 9.999638e-01 5.199879e-03 -2.075318e-01 1.646615e-02 -5.310117e-03 9.998503e-01 1.812675e+01
9.998366e-01 -6.017997e-03 -1.704340e-02 -2.793320e-01 6.126695e-03 9.999612e-01 6.332700e-03 -2.288167e-01 1.700462e-02 -6.436085e-03 9.998347e-01 1.961690e+01
9.998202e-01 -6.792355e-03 -1.770510e-02 -3.070897e-01 6.902677e-03 9.999571e-01 6.177433e-03 -2.414592e-01 1.766238e-02 -6.298535e-03 9.998242e-01 2.108438e+01
9.998120e-01 -6.501954e-03 -1.826922e-02 -3.436613e-01 6.616859e-03 9.999587e-01 6.236128e-03 -2.467899e-01 1.822792e-02 -6.355840e-03 9.998137e-01 2.254844e+01
9.998125e-01 -5.848869e-03 -1.845995e-02 -3.778733e-01 5.976084e-03 9.999587e-01 6.843822e-03 -2.606056e-01 1.841916e-02 -6.952857e-03 9.998062e-01 2.400122e+01
9.998141e-01 -5.469947e-03 -1.848713e-02 -4.103566e-01 5.620673e-03 9.999513e-01 8.110962e-03 -2.734830e-01 1.844186e-02 -8.213364e-03 9.997962e-01 2.543811e+01
9.998148e-01 -5.259753e-03 -1.851318e-02 -4.422411e-01 5.387306e-03 9.999620e-01 6.846724e-03 -2.829655e-01 1.847646e-02 -6.945192e-03 9.998052e-01 2.690816e+01
9.998119e-01 -4.988745e-03 -1.874037e-02 -4.752548e-01 5.080231e-03 9.999754e-01 4.837333e-03 -2.965561e-01 1.871578e-02 -4.931628e-03 9.998127e-01 2.833512e+01
9.998098e-01 -6.804470e-03 -1.827480e-02 -5.098200e-01 6.893446e-03 9.999647e-01 4.810226e-03 -3.129793e-01 1.824143e-02 -4.935287e-03 9.998214e-01 2.977401e+01
9.998062e-01 -7.813826e-03 -1.806857e-02 -5.412487e-01 7.954806e-03 9.999384e-01 7.743857e-03 -3.288297e-01 1.800695e-02 -7.886089e-03 9.998068e-01 3.120970e+01
9.997869e-01 -9.972809e-03 -1.807504e-02 -5.715727e-01 1.014439e-02 9.999041e-01 9.426248e-03 -3.465023e-01 1.797930e-02 -9.607599e-03 9.997922e-01 3.261895e+01
9.997700e-01 -1.142928e-02 -1.814852e-02 -5.973016e-01 1.158972e-02 9.998945e-01 8.760163e-03 -3.564771e-01 1.804648e-02 -8.968484e-03 9.997969e-01 3.404606e+01
9.997800e-01 -1.117364e-02 -1.775269e-02 -6.327498e-01 1.129488e-02 9.999135e-01 6.743536e-03 -3.537857e-01 1.767581e-02 -6.942567e-03 9.998197e-01 3.545486e+01
9.997927e-01 -1.045443e-02 -1.747342e-02 -6.614451e-01 1.055834e-02 9.999271e-01 5.865246e-03 -3.657494e-01 1.741083e-02 -6.048521e-03 9.998301e-01 3.682873e+01
9.998063e-01 -1.050539e-02 -1.664621e-02 -6.920197e-01 1.058616e-02 9.999326e-01 4.771333e-03 -3.816018e-01 1.659496e-02 -4.946627e-03 9.998501e-01 3.818783e+01
9.998297e-01 -1.016000e-02 -1.540661e-02 -7.197698e-01 1.025646e-02 9.999282e-01 6.194675e-03 -4.004845e-01 1.534257e-02 -6.351637e-03 9.998621e-01 3.953755e+01
9.998458e-01 -1.014157e-02 -1.433443e-02 -7.342327e-01 1.026177e-02 9.999126e-01 8.337019e-03 -4.162784e-01 1.424863e-02 -8.482831e-03 9.998625e-01 4.088691e+01
9.998482e-01 -1.148996e-02 -1.310094e-02 -7.426837e-01 1.161539e-02 9.998870e-01 9.539134e-03 -4.328404e-01 1.298986e-02 -9.689858e-03 9.998687e-01 4.221517e+01
9.998770e-01 -1.141408e-02 -1.075715e-02 -7.647801e-01 1.152617e-02 9.998793e-01 1.041613e-02 -4.467667e-01 1.063696e-02 -1.053884e-02 9.998879e-01 4.350797e+01
9.998990e-01 -1.206611e-02 -7.512338e-03 -7.781431e-01 1.214083e-02 9.998765e-01 9.980701e-03 -4.563977e-01 7.390981e-03 -1.007090e-02 9.999220e-01 4.476904e+01
9.999081e-01 -1.289214e-02 -4.192504e-03 -7.854636e-01 1.292667e-02 9.998819e-01 8.316629e-03 -4.637495e-01 4.084790e-03 -8.370060e-03 9.999566e-01 4.600352e+01
9.999122e-01 -1.322183e-02 -8.535558e-04 -7.914839e-01 1.322728e-02 9.998898e-01 6.732808e-03 -4.762109e-01 7.644417e-04 -6.743507e-03 9.999770e-01 4.723792e+01
9.999074e-01 -1.326750e-02 3.015451e-03 -7.919402e-01 1.324404e-02 9.998829e-01 7.668270e-03 -4.895427e-01 -3.116837e-03 -7.627623e-03 9.999661e-01 4.846358e+01
9.998618e-01 -1.444011e-02 8.243349e-03 -7.844244e-01 1.437478e-02 9.998652e-01 7.930489e-03 -5.114569e-01 -8.356756e-03 -7.810897e-03 9.999346e-01 4.967270e+01
9.998093e-01 -1.315463e-02 1.443165e-02 -7.723237e-01 1.305360e-02 9.998898e-01 7.072224e-03 -5.264210e-01 -1.452309e-02 -6.882490e-03 9.998708e-01 5.086365e+01
9.996892e-01 -1.202982e-02 2.183415e-02 -7.548108e-01 1.186883e-02 9.999015e-01 7.488103e-03 -5.398715e-01 -2.192208e-02 -7.226631e-03 9.997336e-01 5.206776e+01
9.994790e-01 -1.179196e-02 3.004358e-02 -7.272197e-01 1.153398e-02 9.998952e-01 8.745791e-03 -5.557642e-01 -3.014356e-02 -8.394713e-03 9.995103e-01 5.324922e+01
9.991434e-01 -1.014279e-02 4.012092e-02 -6.859176e-01 9.774448e-03 9.999084e-01 9.366258e-03 -5.635182e-01 -4.021224e-02 -8.966075e-03 9.991509e-01 5.442261e+01
9.985633e-01 -7.955791e-03 5.299115e-02 -6.358440e-01 7.459493e-03 9.999265e-01 9.556894e-03 -5.709168e-01 -5.306329e-02 -9.147876e-03 9.985492e-01 5.557722e+01
9.976905e-01 -6.405109e-03 6.762133e-02 -5.686170e-01 5.719896e-03 9.999304e-01 1.032184e-02 -5.799976e-01 -6.768274e-02 -9.911215e-03 9.976577e-01 5.670720e+01
9.964627e-01 -4.335347e-03 8.392377e-02 -4.882994e-01 3.333556e-03 9.999216e-01 1.207337e-02 -5.908564e-01 -8.396953e-02 -1.175090e-02 9.963990e-01 5.782670e+01
9.948115e-01 -4.966884e-03 1.016136e-01 -3.791291e-01 3.638768e-03 9.999056e-01 1.325144e-02 -5.991463e-01 -1.016698e-01 -1.281294e-02 9.947357e-01 5.895712e+01
9.926823e-01 -6.236779e-03 1.205944e-01 -2.551704e-01 4.732798e-03 9.999075e-01 1.275380e-02 -6.068545e-01 -1.206628e-01 -1.208972e-02 9.926199e-01 6.004616e+01
9.900063e-01 -7.292899e-03 1.408344e-01 -1.107486e-01 5.592477e-03 9.999067e-01 1.246592e-02 -6.135762e-01 -1.409122e-01 -1.155373e-02 9.899547e-01 6.112545e+01
9.867641e-01 -1.084319e-02 1.617994e-01 6.442488e-02 8.908735e-03 9.998800e-01 1.267664e-02 -6.178776e-01 -1.619174e-01 -1.106743e-02 9.867422e-01 6.220356e+01
9.829701e-01 -1.592924e-02 1.830740e-01 2.614022e-01 1.339571e-02 9.997967e-01 1.506724e-02 -6.161014e-01 -1.832768e-01 -1.235824e-02 9.829837e-01 6.325235e+01
9.782935e-01 -2.188137e-02 2.060656e-01 4.893021e-01 1.874511e-02 9.996770e-01 1.715999e-02 -6.200640e-01 -2.063745e-01 -1.292478e-02 9.783877e-01 6.430680e+01
9.728573e-01 -2.639891e-02 2.298952e-01 7.352839e-01 2.302570e-02 9.995844e-01 1.734363e-02 -6.240587e-01 -2.302575e-01 -1.157938e-02 9.730608e-01 6.532060e+01
9.664176e-01 -3.263227e-02 2.548962e-01 1.009881e+00 2.955350e-02 9.994367e-01 1.590006e-02 -6.197035e-01 -2.552715e-01 -7.833026e-03 9.668377e-01 6.633098e+01
9.589839e-01 -3.605107e-02 2.811588e-01 1.300630e+00 3.254555e-02 9.993235e-01 1.712919e-02 -6.169294e-01 -2.815861e-01 -7.276148e-03 9.595084e-01 6.732593e+01
9.504419e-01 -3.891795e-02 3.084568e-01 1.610213e+00 3.441843e-02 9.992070e-01 2.001698e-02 -6.165758e-01 -3.089912e-01 -8.408374e-03 9.510277e-01 6.828715e+01
9.409206e-01 -4.321834e-02 3.358579e-01 1.948322e+00 3.757853e-02 9.990225e-01 2.327675e-02 -6.145022e-01 -3.365356e-01 -9.280527e-03 9.416250e-01 6.922453e+01
9.301135e-01 -4.654205e-02 3.643113e-01 2.312835e+00 4.074922e-02 9.988912e-01 2.357611e-02 -6.117482e-01 -3.650047e-01 -7.083055e-03 9.309787e-01 7.014035e+01
9.182139e-01 -4.635243e-02 3.933632e-01 2.695169e+00 4.170606e-02 9.989225e-01 2.035627e-02 -6.090915e-01 -3.938830e-01 -2.285782e-03 9.191578e-01 7.103142e+01
9.052510e-01 -4.778921e-02 4.221811e-01 3.107996e+00 4.548879e-02 9.988442e-01 1.552701e-02 -6.012773e-01 -4.224351e-01 5.148669e-03 9.063785e-01 7.190789e+01
8.912776e-01 -4.965607e-02 4.507312e-01 3.551049e+00 4.867731e-02 9.987196e-01 1.377206e-02 -5.984801e-01 -4.508379e-01 9.665651e-03 8.925535e-01 7.276607e+01
8.757534e-01 -5.059759e-02 4.800999e-01 4.020922e+00 4.798530e-02 9.986908e-01 1.772143e-02 -5.951974e-01 -4.803680e-01 7.518134e-03 8.770348e-01 7.362031e+01
8.583778e-01 -4.975045e-02 5.106001e-01 4.510531e+00 4.362320e-02 9.987602e-01 2.397881e-02 -5.924114e-01 -5.111600e-01 1.691132e-03 8.594839e-01 7.445016e+01
8.392477e-01 -5.076405e-02 5.413745e-01 5.029636e+00 4.206110e-02 9.987101e-01 2.844406e-02 -5.872383e-01 -5.421201e-01 -1.100802e-03 8.403003e-01 7.525005e+01
8.185528e-01 -4.491089e-02 5.726729e-01 5.565075e+00 3.789586e-02 9.989892e-01 2.417738e-02 -5.802627e-01 -5.731799e-01 1.911468e-03 8.194273e-01 7.602374e+01
7.969777e-01 -3.804593e-02 6.028093e-01 6.127296e+00 3.438301e-02 9.992536e-01 1.760928e-02 -5.694152e-01 -6.030293e-01 6.692196e-03 7.976910e-01 7.677625e+01
7.748264e-01 -3.582856e-02 6.311580e-01 6.723025e+00 3.324281e-02 9.993205e-01 1.591805e-02 -5.554987e-01 -6.312995e-01 8.647738e-03 7.754909e-01 7.750824e+01
7.516880e-01 -3.832960e-02 6.584041e-01 7.330679e+00 3.374342e-02 9.992374e-01 1.964727e-02 -5.513734e-01 -6.586551e-01 7.448185e-03 7.524081e-01 7.819865e+01
7.274907e-01 -3.898973e-02 6.850088e-01 7.963677e+00 3.390499e-02 9.992072e-01 2.086580e-02 -5.488721e-01 -6.852793e-01 8.045545e-03 7.282359e-01 7.886602e+01
7.023612e-01 -3.762828e-02 7.108255e-01 8.612737e+00 3.459212e-02 9.992263e-01 1.871486e-02 -5.452015e-01 -7.109797e-01 1.144437e-02 7.031194e-01 7.950523e+01
6.764853e-01 -3.542549e-02 7.356036e-01 9.288670e+00 3.438335e-02 9.992724e-01 1.650329e-02 -5.320321e-01 -7.356530e-01 1.412828e-02 6.772112e-01 8.011888e+01
6.498786e-01 -3.289447e-02 7.593259e-01 9.984328e+00 3.188291e-02 9.993634e-01 1.600565e-02 -5.234057e-01 -7.593690e-01 1.380779e-02 6.505137e-01 8.071309e+01
6.221990e-01 -3.156110e-02 7.822227e-01 1.069964e+01 3.123562e-02 9.993922e-01 1.547788e-02 -5.217701e-01 -7.822357e-01 1.480289e-02 6.228066e-01 8.127517e+01
5.937564e-01 -2.512424e-02 8.042525e-01 1.142794e+01 2.932814e-02 9.995240e-01 9.572258e-03 -5.179856e-01 -8.041102e-01 1.790364e-02 5.942106e-01 8.181561e+01
5.639960e-01 -1.614858e-02 8.256196e-01 1.217864e+01 2.766165e-02 9.996171e-01 6.556750e-04 -5.212352e-01 -8.253141e-01 2.246820e-02 5.642267e-01 8.232979e+01
5.335146e-01 -7.925622e-03 8.457537e-01 1.295339e+01 2.619520e-02 9.996312e-01 -7.156721e-03 -5.242997e-01 -8.453851e-01 2.597290e-02 5.335255e-01 8.281973e+01
5.021484e-01 -3.110383e-03 8.647759e-01 1.374541e+01 2.321559e-02 9.996816e-01 -9.884960e-03 -5.347777e-01 -8.644698e-01 2.503999e-02 5.020607e-01 8.328340e+01
4.700699e-01 -3.533698e-03 8.826221e-01 1.456971e+01 2.068817e-02 9.997614e-01 -7.015492e-03 -5.468918e-01 -8.823867e-01 2.155761e-02 4.700308e-01 8.372337e+01
4.375016e-01 -5.034449e-03 8.992035e-01 1.541077e+01 1.599133e-02 9.998697e-01 -2.182420e-03 -5.591928e-01 -8.990754e-01 1.533428e-02 4.375251e-01 8.413366e+01
4.036002e-01 -3.587790e-03 9.149284e-01 1.626364e+01 1.096326e-02 9.999395e-01 -9.150439e-04 -5.698414e-01 -9.148698e-01 1.039991e-02 4.036151e-01 8.451694e+01
3.684629e-01 -6.819666e-04 9.296422e-01 1.712150e+01 3.171986e-03 9.999948e-01 -5.236381e-04 -5.820296e-01 -9.296371e-01 3.141753e-03 3.684631e-01 8.487495e+01
3.332098e-01 1.319178e-03 9.428518e-01 1.800913e+01 -2.030033e-03 9.999977e-01 -6.817060e-04 -5.876561e-01 -9.428505e-01 -1.686869e-03 3.332118e-01 8.519662e+01
2.974242e-01 7.705326e-04 9.547451e-01 1.892524e+01 -4.953639e-03 9.999875e-01 7.361220e-04 -5.914454e-01 -9.547326e-01 -4.948403e-03 2.974243e-01 8.549087e+01
2.610235e-01 3.830263e-04 9.653324e-01 1.985146e+01 -6.807304e-03 9.999758e-01 1.443906e-03 -6.010150e-01 -9.653084e-01 -6.948204e-03 2.610198e-01 8.575364e+01
2.252651e-01 -3.817778e-04 9.742974e-01 2.078987e+01 -6.449531e-03 9.999774e-01 1.883022e-03 -6.100631e-01 -9.742762e-01 -6.707941e-03 2.252575e-01 8.597084e+01
1.897904e-01 -1.549042e-03 9.818234e-01 2.174679e+01 -4.938096e-03 9.999846e-01 2.532249e-03 -6.124523e-01 -9.818122e-01 -5.328935e-03 1.897798e-01 8.615866e+01
1.555174e-01 -2.698878e-03 9.878295e-01 2.270939e+01 2.776321e-03 9.999935e-01 2.295026e-03 -6.212323e-01 -9.878293e-01 2.385615e-03 1.555238e-01 8.629299e+01
1.219640e-01 4.809636e-04 9.925344e-01 2.367416e+01 4.262346e-03 9.999904e-01 -1.008340e-03 -6.329670e-01 -9.925254e-01 4.353506e-03 1.219608e-01 8.640480e+01
8.950793e-02 5.333350e-03 9.959718e-01 2.464137e+01 4.917513e-03 9.999711e-01 -5.796703e-03 -6.392621e-01 -9.959740e-01 5.416556e-03 8.947912e-02 8.648696e+01
6.072473e-02 9.099262e-03 9.981131e-01 2.560810e+01 1.154137e-02 9.998852e-01 -9.817589e-03 -6.533469e-01 -9.980878e-01 1.211576e-02 6.061274e-02 8.653180e+01
3.516635e-02 7.338368e-03 9.993545e-01 2.659590e+01 1.305777e-02 9.998843e-01 -7.801749e-03 -6.679343e-01 -9.992962e-01 1.332370e-02 3.506646e-02 8.656494e+01
1.298473e-02 4.466828e-03 9.999057e-01 2.758954e+01 1.434028e-02 9.998863e-01 -4.652964e-03 -6.817585e-01 -9.998129e-01 1.439935e-02 1.291920e-02 8.657611e+01
-5.455440e-03 1.927953e-03 9.999833e-01 2.858335e+01 1.486505e-02 9.998878e-01 -1.846672e-03 -6.954800e-01 -9.998746e-01 1.485472e-02 -5.483488e-03 8.656450e+01
-2.198065e-02 4.968123e-03 9.997461e-01 2.957440e+01 1.690456e-02 9.998465e-01 -4.596955e-03 -7.100592e-01 -9.996155e-01 1.679922e-02 -2.206126e-02 8.654302e+01
-3.654911e-02 9.347308e-03 9.992881e-01 3.056415e+01 1.960722e-02 9.997705e-01 -8.634683e-03 -7.222709e-01 -9.991395e-01 1.927767e-02 -3.672400e-02 8.650447e+01
-4.853534e-02 1.458660e-02 9.987150e-01 3.156660e+01 2.384829e-02 9.996252e-01 -1.344092e-02 -7.383799e-01 -9.985367e-01 2.316529e-02 -4.886501e-02 8.644983e+01
-5.740368e-02 1.777008e-02 9.981929e-01 3.256939e+01 2.929077e-02 9.994411e-01 -1.610786e-02 -7.628933e-01 -9.979213e-01 2.831318e-02 -5.789210e-02 8.638268e+01
-6.329504e-02 2.340689e-02 9.977203e-01 3.357823e+01 3.319094e-02 9.992213e-01 -2.133648e-02 -7.853610e-01 -9.974428e-01 3.176478e-02 -6.402265e-02 8.631200e+01
-6.672886e-02 2.807929e-02 9.973760e-01 3.457411e+01 3.560668e-02 9.990342e-01 -2.574373e-02 -8.167339e-01 -9.971356e-01 3.379540e-02 -6.766423e-02 8.624287e+01
-6.926172e-02 3.228575e-02 9.970759e-01 3.557817e+01 3.823385e-02 9.988278e-01 -2.968656e-02 -8.480461e-01 -9.968656e-01 3.606591e-02 -7.041494e-02 8.616829e+01
-7.176048e-02 3.523539e-02 9.967993e-01 3.658365e+01 3.862567e-02 9.987244e-01 -3.252274e-02 -8.845342e-01 -9.966737e-01 3.616819e-02 -7.302993e-02 8.609395e+01
-7.423907e-02 3.864125e-02 9.964916e-01 3.758639e+01 3.962225e-02 9.985743e-01 -3.577014e-02 -9.271535e-01 -9.964530e-01 3.682770e-02 -7.566427e-02 8.601958e+01
-7.620954e-02 4.257417e-02 9.961825e-01 3.859946e+01 4.084805e-02 9.983826e-01 -3.954326e-02 -9.655395e-01 -9.962548e-01 3.767853e-02 -7.782535e-02 8.594186e+01
-7.838971e-02 4.383827e-02 9.959585e-01 3.962839e+01 4.342332e-02 9.982347e-01 -4.052071e-02 -1.010957e+00 -9.959766e-01 4.007142e-02 -8.015494e-02 8.585479e+01
-8.041676e-02 4.253399e-02 9.958534e-01 4.064708e+01 4.339390e-02 9.982913e-01 -3.913399e-02 -1.059479e+00 -9.958163e-01 4.006693e-02 -8.212506e-02 8.576992e+01
-8.264209e-02 4.186098e-02 9.956997e-01 4.166744e+01 4.345006e-02 9.983187e-01 -3.836478e-02 -1.117656e+00 -9.956316e-01 4.009267e-02 -8.432201e-02 8.568594e+01
-8.469441e-02 4.336439e-02 9.954629e-01 4.269425e+01 4.384547e-02 9.982470e-01 -3.975528e-02 -1.164756e+00 -9.954418e-01 4.027949e-02 -8.644728e-02 8.559747e+01
-8.697567e-02 4.542869e-02 9.951741e-01 4.371440e+01 4.269307e-02 9.982119e-01 -4.183610e-02 -1.213026e+00 -9.952952e-01 3.884832e-02 -8.875964e-02 8.550974e+01
-8.939013e-02 4.791988e-02 9.948432e-01 4.474498e+01 4.113216e-02 9.981674e-01 -4.438414e-02 -1.257473e+00 -9.951470e-01 3.695254e-02 -9.119736e-02 8.541741e+01
-9.164811e-02 5.182851e-02 9.944418e-01 4.578923e+01 3.909803e-02 9.980618e-01 -4.841390e-02 -1.307795e+00 -9.950236e-01 3.444367e-02 -9.349688e-02 8.532451e+01
-9.390609e-02 5.599978e-02 9.940049e-01 4.682754e+01 3.575639e-02 9.979624e-01 -5.284474e-02 -1.365770e+00 -9.949388e-01 3.057958e-02 -9.571710e-02 8.523397e+01
-9.642084e-02 5.835234e-02 9.936287e-01 4.787346e+01 3.361742e-02 9.979014e-01 -5.534105e-02 -1.425184e+00 -9.947728e-01 2.806721e-02 -9.818015e-02 8.513870e+01
-9.933701e-02 5.694236e-02 9.934232e-01 4.892793e+01 3.174792e-02 9.980344e-01 -5.403204e-02 -1.489985e+00 -9.945472e-01 2.617174e-02 -1.009495e-01 8.503943e+01
-1.017833e-01 5.270980e-02 9.934092e-01 4.998582e+01 2.909047e-02 9.983260e-01 -4.999011e-02 -1.554455e+00 -9.943812e-01 2.381059e-02 -1.031462e-01 8.492901e+01
-1.041534e-01 5.098072e-02 9.932538e-01 5.103988e+01 2.913811e-02 9.984131e-01 -4.819009e-02 -1.615445e+00 -9.941343e-01 2.392238e-02 -1.054736e-01 8.482261e+01
-1.061113e-01 5.130084e-02 9.930300e-01 5.209763e+01 2.830746e-02 9.984193e-01 -4.855444e-02 -1.678992e+00 -9.939512e-01 2.295798e-02 -1.073958e-01 8.471341e+01
-1.073708e-01 5.431264e-02 9.927344e-01 5.317021e+01 2.955625e-02 9.982398e-01 -5.141714e-02 -1.733881e+00 -9.937796e-01 2.382081e-02 -1.087871e-01 8.459353e+01
-1.080912e-01 5.690033e-02 9.925113e-01 5.423782e+01 2.993181e-02 9.980944e-01 -5.396063e-02 -1.793920e+00 -9.936903e-01 2.387499e-02 -1.095884e-01 8.447650e+01
-1.080459e-01 5.751942e-02 9.924805e-01 5.529438e+01 2.897412e-02 9.980829e-01 -5.468985e-02 -1.855994e+00 -9.937236e-01 2.284723e-02 -1.095054e-01 8.435761e+01
-1.076725e-01 5.599230e-02 9.926084e-01 5.637543e+01 2.591244e-02 9.982317e-01 -5.349867e-02 -1.924170e+00 -9.938487e-01 1.996057e-02 -1.089330e-01 8.424022e+01
-1.070312e-01 5.555119e-02 9.927026e-01 5.744218e+01 2.318552e-02 9.983059e-01 -5.336493e-02 -1.992278e+00 -9.939853e-01 1.730461e-02 -1.081378e-01 8.412169e+01
-1.067781e-01 5.676343e-02 9.926612e-01 5.851006e+01 2.027026e-02 9.982858e-01 -5.490464e-02 -2.059788e+00 -9.940762e-01 1.425888e-02 -1.077457e-01 8.401451e+01
-1.068071e-01 5.705136e-02 9.926416e-01 5.959406e+01 1.635467e-02 9.983182e-01 -5.561787e-02 -2.122086e+00 -9.941452e-01 1.029394e-02 -1.075605e-01 8.390498e+01
-1.069386e-01 5.662533e-02 9.926519e-01 6.066838e+01 1.322983e-02 9.983696e-01 -5.552625e-02 -2.189441e+00 -9.941776e-01 7.194715e-03 -1.075133e-01 8.379407e+01
-1.070550e-01 5.152786e-02 9.929170e-01 6.176145e+01 1.365928e-02 9.986381e-01 -5.035203e-02 -2.253740e+00 -9.941593e-01 8.172091e-03 -1.076130e-01 8.367909e+01
-1.074606e-01 4.277948e-02 9.932885e-01 6.286835e+01 1.669740e-02 9.990106e-01 -4.121949e-02 -2.312633e+00 -9.940691e-01 1.215587e-02 -1.080686e-01 8.355977e+01
-1.073107e-01 3.722128e-02 9.935286e-01 6.397772e+01 2.223211e-02 9.991389e-01 -3.503018e-02 -2.365755e+00 -9.939769e-01 1.832912e-02 -1.080458e-01 8.343637e+01
-1.068050e-01 3.973517e-02 9.934857e-01 6.507905e+01 3.060822e-02 9.988590e-01 -3.665953e-02 -2.411938e+00 -9.938087e-01 2.649341e-02 -1.078993e-01 8.330616e+01
-1.057749e-01 4.535399e-02 9.933553e-01 6.618368e+01 3.588884e-02 9.984826e-01 -4.176656e-02 -2.458619e+00 -9.937422e-01 3.123252e-02 -1.072421e-01 8.317911e+01
-1.046147e-01 5.099610e-02 9.932045e-01 6.729941e+01 3.945851e-02 9.981109e-01 -4.709183e-02 -2.509023e+00 -9.937297e-01 3.426387e-02 -1.064293e-01 8.304761e+01
-1.040961e-01 5.552861e-02 9.930159e-01 6.841229e+01 4.069293e-02 9.978419e-01 -5.153271e-02 -2.570610e+00 -9.937344e-01 3.504438e-02 -1.061310e-01 8.292901e+01
-1.036404e-01 5.285753e-02 9.932093e-01 6.953711e+01 3.791586e-02 9.980710e-01 -4.915978e-02 -2.630488e+00 -9.938919e-01 3.256344e-02 -1.054446e-01 8.281167e+01
-1.032035e-01 4.827043e-02 9.934883e-01 7.067512e+01 3.765207e-02 9.982955e-01 -4.459270e-02 -2.694607e+00 -9.939474e-01 3.280477e-02 -1.048450e-01 8.269412e+01
-1.025886e-01 4.635537e-02 9.936432e-01 7.180896e+01 3.549307e-02 9.984481e-01 -4.291505e-02 -2.748477e+00 -9.940904e-01 3.086485e-02 -1.040747e-01 8.257637e+01
-1.022018e-01 4.724958e-02 9.936409e-01 7.294877e+01 3.419824e-02 9.984478e-01 -4.396067e-02 -2.804104e+00 -9.941757e-01 2.948791e-02 -1.036590e-01 8.246117e+01
-1.018001e-01 5.262952e-02 9.934117e-01 7.408984e+01 3.514638e-02 9.981664e-01 -4.927979e-02 -2.860718e+00 -9.941838e-01 2.989814e-02 -1.034631e-01 8.234491e+01
-1.008459e-01 5.515157e-02 9.933722e-01 7.522953e+01 3.508686e-02 9.980384e-01 -5.184866e-02 -2.923916e+00 -9.942832e-01 2.962559e-02 -1.025832e-01 8.222707e+01
-1.005800e-01 5.379492e-02 9.934736e-01 7.637457e+01 3.524052e-02 9.981032e-01 -5.047783e-02 -2.990770e+00 -9.943047e-01 2.993347e-02 -1.022850e-01 8.211565e+01
-9.977784e-02 4.699803e-02 9.938992e-01 7.752525e+01 3.744661e-02 9.983536e-01 -4.344938e-02 -3.055324e+00 -9.943048e-01 3.288287e-02 -1.013735e-01 8.199793e+01
-1.005146e-01 4.543276e-02 9.938977e-01 7.869244e+01 3.676667e-02 9.984442e-01 -4.192231e-02 -3.113418e+00 -9.942560e-01 3.232851e-02 -1.020287e-01 8.188186e+01
-9.983936e-02 4.894508e-02 9.937990e-01 7.984086e+01 3.433603e-02 9.983640e-01 -4.572043e-02 -3.167933e+00 -9.944110e-01 2.955841e-02 -1.013566e-01 8.177399e+01
-9.947307e-02 5.195955e-02 9.936827e-01 8.099149e+01 3.410691e-02 9.982269e-01 -4.878288e-02 -3.225957e+00 -9.944555e-01 2.903887e-02 -1.010689e-01 8.166631e+01
-9.930977e-02 5.153151e-02 9.937213e-01 8.216898e+01 3.329750e-02 9.982709e-01 -4.843978e-02 -3.289204e+00 -9.944993e-01 2.827789e-02 -1.008539e-01 8.155154e+01
-9.887791e-02 4.774307e-02 9.939536e-01 8.337344e+01 3.331374e-02 9.984473e-01 -4.464489e-02 -3.353199e+00 -9.945418e-01 2.869792e-02 -1.003149e-01 8.142907e+01
-9.763991e-02 4.626289e-02 9.941460e-01 8.456807e+01 3.458341e-02 9.984734e-01 -4.306767e-02 -3.417282e+00 -9.946207e-01 3.017583e-02 -9.909079e-02 8.130863e+01
-9.631536e-02 4.676020e-02 9.942519e-01 8.576503e+01 3.674319e-02 9.983821e-01 -4.339505e-02 -3.475063e+00 -9.946725e-01 3.235238e-02 -9.787765e-02 8.118815e+01
-9.535972e-02 4.653391e-02 9.943546e-01 8.695589e+01 3.968042e-02 9.982905e-01 -4.291270e-02 -3.537674e+00 -9.946517e-01 3.536427e-02 -9.704319e-02 8.107226e+01
-9.431575e-02 4.579468e-02 9.944885e-01 8.814997e+01 3.916855e-02 9.983387e-01 -4.225729e-02 -3.596954e+00 -9.947715e-01 3.496715e-02 -9.595277e-02 8.096478e+01
-9.273929e-02 4.642299e-02 9.946076e-01 8.936704e+01 4.073336e-02 9.982532e-01 -4.279508e-02 -3.653909e+00 -9.948569e-01 3.654492e-02 -9.446825e-02 8.084655e+01
-9.156752e-02 4.444301e-02 9.948066e-01 9.058683e+01 4.107488e-02 9.983219e-01 -4.081929e-02 -3.709941e+00 -9.949514e-01 3.712384e-02 -9.323935e-02 8.073204e+01
-9.022164e-02 4.344078e-02 9.949738e-01 9.179309e+01 3.995544e-02 9.984018e-01 -3.996738e-02 -3.770079e+00 -9.951199e-01 3.614870e-02 -9.181315e-02 8.062397e+01
-8.908793e-02 4.248700e-02 9.951172e-01 9.301590e+01 4.082914e-02 9.984058e-01 -3.897218e-02 -3.827363e+00 -9.951866e-01 3.715783e-02 -9.068061e-02 8.052027e+01
-8.711242e-02 4.318484e-02 9.952620e-01 9.426034e+01 3.903934e-02 9.984405e-01 -3.990575e-02 -3.887520e+00 -9.954333e-01 3.537808e-02 -8.866248e-02 8.040926e+01
-8.530016e-02 4.588054e-02 9.952984e-01 9.549520e+01 3.969875e-02 9.983025e-01 -4.261671e-02 -3.942842e+00 -9.955641e-01 3.587689e-02 -8.697676e-02 8.029873e+01
-8.400522e-02 4.486117e-02 9.954550e-01 9.672715e+01 3.770814e-02 9.984137e-01 -4.181237e-02 -3.995741e+00 -9.957516e-01 3.402430e-02 -8.556359e-02 8.019625e+01
-8.326012e-02 4.348412e-02 9.955787e-01 9.796848e+01 3.457267e-02 9.985721e-01 -4.072356e-02 -4.057526e+00 -9.959280e-01 3.102917e-02 -8.464460e-02 8.009810e+01
-8.325274e-02 4.463764e-02 9.955282e-01 9.920559e+01 3.189989e-02 9.986037e-01 -4.210785e-02 -4.114845e+00 -9.960178e-01 2.825165e-02 -8.456042e-02 8.000570e+01
-8.341199e-02 4.432613e-02 9.955288e-01 1.004578e+02 2.918162e-02 9.986904e-01 -4.202187e-02 -4.170243e+00 -9.960878e-01 2.554602e-02 -8.459627e-02 7.990528e+01
-8.440681e-02 4.169691e-02 9.955586e-01 1.017086e+02 2.698818e-02 9.988532e-01 -3.954675e-02 -4.228794e+00 -9.960658e-01 2.353030e-02 -8.543533e-02 7.980866e+01
-8.587247e-02 3.991953e-02 9.955061e-01 1.029598e+02 2.440102e-02 9.989815e-01 -3.795406e-02 -4.293240e+00 -9.960073e-01 2.103216e-02 -8.675909e-02 7.971099e+01
-8.733030e-02 3.941937e-02 9.953992e-01 1.042112e+02 2.256702e-02 9.990386e-01 -3.758361e-02 -4.347268e+00 -9.959238e-01 1.918101e-02 -8.813592e-02 7.960936e+01
-8.919689e-02 3.958140e-02 9.952272e-01 1.054649e+02 2.215939e-02 9.990416e-01 -3.774708e-02 -4.404241e+00 -9.957675e-01 1.868671e-02 -8.998851e-02 7.950248e+01
-9.115310e-02 3.821308e-02 9.951034e-01 1.067376e+02 2.188278e-02 9.990991e-01 -3.636202e-02 -4.457418e+00 -9.955964e-01 1.846112e-02 -9.190718e-02 7.938475e+01
-9.393962e-02 3.338956e-02 9.950178e-01 1.080071e+02 1.951980e-02 9.993071e-01 -3.169063e-02 -4.515216e+00 -9.953865e-01 1.644554e-02 -9.452629e-02 7.926851e+01
-9.827451e-02 3.334359e-02 9.946006e-01 1.092728e+02 1.904726e-02 9.993185e-01 -3.161973e-02 -4.568299e+00 -9.949770e-01 1.583700e-02 -9.884264e-02 7.914901e+01
-1.038972e-01 3.931542e-02 9.938107e-01 1.105086e+02 1.397891e-02 9.991774e-01 -3.806631e-02 -4.621045e+00 -9.944898e-01 9.937401e-03 -1.043614e-01 7.903461e+01
-1.106607e-01 4.236625e-02 9.929548e-01 1.117287e+02 1.499650e-02 9.990484e-01 -4.095495e-02 -4.676648e+00 -9.937451e-01 1.035874e-02 -1.111908e-01 7.890812e+01
-1.197129e-01 3.832104e-02 9.920687e-01 1.129828e+02 1.775495e-02 9.991776e-01 -3.645315e-02 -4.741630e+00 -9.926498e-01 1.325022e-02 -1.202948e-01 7.876581e+01
-1.308234e-01 3.607200e-02 9.907492e-01 1.142297e+02 2.000079e-02 9.992305e-01 -3.373979e-02 -4.805206e+00 -9.912039e-01 1.540182e-02 -1.314442e-01 7.860753e+01
-1.438085e-01 3.710577e-02 9.889096e-01 1.154755e+02 2.052810e-02 9.991936e-01 -3.450642e-02 -4.857506e+00 -9.893926e-01 1.533812e-02 -1.444542e-01 7.842956e+01
-1.582441e-01 3.758581e-02 9.866844e-01 1.167011e+02 2.193467e-02 9.991625e-01 -3.454326e-02 -4.902790e+00 -9.871564e-01 1.617633e-02 -1.589360e-01 7.824105e+01
-1.726413e-01 3.542571e-02 9.843475e-01 1.179130e+02 2.229385e-02 9.992376e-01 -3.205155e-02 -4.955466e+00 -9.847324e-01 1.641147e-02 -1.732995e-01 7.803497e+01
-1.881434e-01 3.802998e-02 9.814050e-01 1.191237e+02 2.645598e-02 9.990837e-01 -3.364321e-02 -5.008800e+00 -9.817852e-01 1.963428e-02 -1.889771e-01 7.780354e+01
-2.033531e-01 4.113886e-02 9.782408e-01 1.202994e+02 2.670001e-02 9.989783e-01 -3.646065e-02 -5.066396e+00 -9.787413e-01 1.870465e-02 -2.042437e-01 7.756567e+01
-2.184404e-01 4.528893e-02 9.747988e-01 1.214769e+02 2.615838e-02 9.988353e-01 -4.054389e-02 -5.118012e+00 -9.754996e-01 1.664274e-02 -2.193706e-01 7.730553e+01
-2.344272e-01 4.317944e-02 9.711742e-01 1.226544e+02 2.261532e-02 9.989849e-01 -3.895692e-02 -5.181285e+00 -9.718706e-01 1.283086e-02 -2.351658e-01 7.703549e+01
-2.505558e-01 3.746253e-02 9.673770e-01 1.238503e+02 1.625500e-02 9.992729e-01 -3.448759e-02 -5.235533e+00 -9.679657e-01 7.083644e-03 -2.509826e-01 7.675274e+01
-2.660552e-01 3.405224e-02 9.633562e-01 1.250169e+02 1.268695e-02 9.994130e-01 -3.182293e-02 -5.282574e+00 -9.638743e-01 3.755397e-03 -2.663310e-01 7.644457e+01
-2.811231e-01 3.576913e-02 9.590049e-01 1.261813e+02 1.064204e-02 9.993599e-01 -3.415468e-02 -5.330637e+00 -9.596127e-01 6.040993e-04 -2.813238e-01 7.611683e+01
-2.958783e-01 3.748765e-02 9.544898e-01 1.273303e+02 9.886567e-03 9.992963e-01 -3.618273e-02 -5.384341e+00 -9.551745e-01 -1.269057e-03 -2.960407e-01 7.577597e+01
-3.098909e-01 3.966070e-02 9.499445e-01 1.284753e+02 1.125949e-02 9.992126e-01 -3.804460e-02 -5.442586e+00 -9.507054e-01 -1.093789e-03 -3.100935e-01 7.541024e+01
-3.240071e-01 3.935827e-02 9.452356e-01 1.296171e+02 1.301772e-02 9.992251e-01 -3.714411e-02 -5.504136e+00 -9.459651e-01 2.698623e-04 -3.242684e-01 7.501913e+01
-3.380675e-01 3.751940e-02 9.403737e-01 1.307549e+02 1.249484e-02 9.992959e-01 -3.537836e-02 -5.558919e+00 -9.410389e-01 -2.104493e-04 -3.382982e-01 7.461960e+01
-3.526275e-01 3.621050e-02 9.350629e-01 1.319064e+02 1.145270e-02 9.993432e-01 -3.438077e-02 -5.611392e+00 -9.356937e-01 -1.414608e-03 -3.528106e-01 7.418993e+01
-3.673741e-01 3.740450e-02 9.293208e-01 1.330218e+02 1.003257e-02 9.992922e-01 -3.625477e-02 -5.672967e+00 -9.300192e-01 -3.995587e-03 -3.674893e-01 7.376036e+01
-3.824520e-01 4.002125e-02 9.231082e-01 1.341261e+02 1.085002e-02 9.991871e-01 -3.882438e-02 -5.721388e+00 -9.239117e-01 -4.832714e-03 -3.825753e-01 7.331247e+01
-3.969718e-01 4.163512e-02 9.168860e-01 1.352231e+02 1.173864e-02 9.991192e-01 -4.028694e-02 -5.777856e+00 -9.177557e-01 -5.229784e-03 -3.971109e-01 7.283500e+01
-4.116761e-01 4.454277e-02 9.102410e-01 1.363208e+02 1.438923e-02 9.989980e-01 -4.237827e-02 -5.832214e+00 -9.112166e-01 -4.348454e-03 -4.119045e-01 7.234480e+01
-4.263365e-01 4.832222e-02 9.032730e-01 1.374178e+02 1.430912e-02 9.988074e-01 -4.667924e-02 -5.890573e+00 -9.044515e-01 -6.976022e-03 -4.265195e-01 7.183310e+01
-4.416699e-01 5.107177e-02 8.957228e-01 1.385258e+02 1.519090e-02 9.986610e-01 -4.945059e-02 -5.945691e+00 -8.970490e-01 -8.234006e-03 -4.418544e-01 7.129925e+01
-4.572194e-01 4.843827e-02 8.880339e-01 1.396055e+02 1.303795e-02 9.987735e-01 -4.776581e-02 -6.009042e+00 -8.892584e-01 -1.026131e-02 -4.572901e-01 7.076066e+01
-4.734374e-01 4.416150e-02 8.797197e-01 1.407078e+02 9.674124e-03 9.989428e-01 -4.494013e-02 -6.069810e+00 -8.807744e-01 -1.276582e-02 -4.733641e-01 7.018621e+01
-4.895977e-01 4.439273e-02 8.708177e-01 1.417846e+02 8.671042e-03 9.989016e-01 -4.604712e-02 -6.127964e+00 -8.719053e-01 -1.499367e-02 -4.894449e-01 6.958763e+01
-5.054225e-01 4.370408e-02 8.617645e-01 1.428523e+02 7.127078e-03 9.988939e-01 -4.647853e-02 -6.190341e+00 -8.628426e-01 -1.734943e-02 -5.051749e-01 6.896813e+01
-5.213759e-01 4.290936e-02 8.522476e-01 1.439194e+02 6.013874e-03 9.988949e-01 -4.661374e-02 -6.251307e+00 -8.533059e-01 -1.917797e-02 -5.210578e-01 6.832686e+01
-5.374833e-01 4.240651e-02 8.422075e-01 1.449708e+02 3.616489e-03 9.988415e-01 -4.798530e-02 -6.313986e+00 -8.432666e-01 -2.274546e-02 -5.370140e-01 6.768048e+01
-5.529205e-01 4.175618e-02 8.321871e-01 1.460097e+02 2.721738e-03 9.988287e-01 -4.830929e-02 -6.376857e+00 -8.332296e-01 -2.444620e-02 -5.523865e-01 6.700186e+01
-5.683438e-01 3.883037e-02 8.218744e-01 1.470498e+02 1.154999e-03 9.989224e-01 -4.639650e-02 -6.440060e+00 -8.227903e-01 -2.541990e-02 -5.677763e-01 6.629725e+01
-5.834806e-01 3.534140e-02 8.113578e-01 1.480740e+02 1.136362e-03 9.990872e-01 -4.270138e-02 -6.509311e+00 -8.121263e-01 -2.399343e-02 -5.829881e-01 6.557369e+01
-5.985797e-01 3.406237e-02 8.003388e-01 1.490911e+02 1.884370e-03 9.991527e-01 -4.111454e-02 -6.568850e+00 -8.010611e-01 -2.310219e-02 -5.981367e-01 6.482738e+01
-6.135329e-01 3.219767e-02 7.890125e-01 1.500881e+02 6.080279e-04 9.991874e-01 -4.030159e-02 -6.633873e+00 -7.896689e-01 -2.424661e-02 -6.130539e-01 6.406934e+01
-6.288490e-01 3.343587e-02 7.768082e-01 1.510746e+02 -1.244472e-03 9.990304e-01 -4.400833e-02 -6.692955e+00 -7.775265e-01 -2.864131e-02 -6.281976e-01 6.329634e+01
-6.441509e-01 3.311841e-02 7.641811e-01 1.520595e+02 -3.837310e-03 9.989097e-01 -4.652577e-02 -6.750706e+00 -7.648888e-01 -3.290202e-02 -6.433215e-01 6.248687e+01
-6.599776e-01 2.998777e-02 7.506866e-01 1.530158e+02 -6.296356e-03 9.989472e-01 -4.544061e-02 -6.812633e+00 -7.512589e-01 -3.471637e-02 -6.590939e-01 6.165959e+01
-6.764972e-01 2.250851e-02 7.361012e-01 1.539742e+02 -1.078710e-02 9.991227e-01 -4.046482e-02 -6.874947e+00 -7.363662e-01 -3.531473e-02 -6.756609e-01 6.080704e+01
-6.935738e-01 2.054668e-02 7.200925e-01 1.549118e+02 -1.184373e-02 9.991328e-01 -3.991620e-02 -6.936513e+00 -7.202882e-01 -3.621341e-02 -6.927290e-01 5.992811e+01
-7.111381e-01 1.813541e-02 7.028184e-01 1.558399e+02 -1.409982e-02 9.990983e-01 -4.004730e-02 -6.993483e+00 -7.029109e-01 -3.838877e-02 -7.102412e-01 5.900953e+01
-7.288007e-01 1.473597e-02 6.845674e-01 1.567481e+02 -1.770595e-02 9.990285e-01 -4.035506e-02 -7.053727e+00 -6.844970e-01 -4.153171e-02 -7.278317e-01 5.806991e+01
-7.459565e-01 1.267166e-02 6.658741e-01 1.576182e+02 -1.843582e-02 9.990429e-01 -3.966495e-02 -7.113131e+00 -6.657394e-01 -4.186426e-02 -7.450090e-01 5.713384e+01
-7.623340e-01 1.453667e-02 6.470205e-01 1.584719e+02 -1.726229e-02 9.989353e-01 -4.278198e-02 -7.183889e+00 -6.469535e-01 -4.378322e-02 -7.612714e-01 5.615263e+01
-7.777901e-01 1.374432e-02 6.283739e-01 1.592912e+02 -1.500229e-02 9.990701e-01 -4.042207e-02 -7.247512e+00 -6.283451e-01 -4.086693e-02 -7.768606e-01 5.514172e+01
-7.925700e-01 1.536565e-02 6.095873e-01 1.600843e+02 -1.112646e-02 9.991516e-01 -3.965159e-02 -7.318397e+00 -6.096794e-01 -3.820921e-02 -7.917266e-01 5.411791e+01
-8.075723e-01 1.662473e-02 5.895342e-01 1.608642e+02 -1.007078e-02 9.990682e-01 -4.196892e-02 -7.388211e+00 -5.896826e-01 -3.983000e-02 -8.066524e-01 5.307798e+01
-8.215436e-01 1.865977e-02 5.698403e-01 1.616048e+02 -9.486778e-03 9.988785e-01 -4.638606e-02 -7.454881e+00 -5.700668e-01 -4.351412e-02 -8.204452e-01 5.202700e+01
-8.350169e-01 1.910083e-02 5.498926e-01 1.623302e+02 -7.222244e-03 9.989307e-01 -4.566547e-02 -7.529897e+00 -5.501768e-01 -4.210290e-02 -8.339861e-01 5.094428e+01
-8.472267e-01 1.720119e-02 5.309529e-01 1.630300e+02 -6.868627e-03 9.990374e-01 -4.332571e-02 -7.596954e+00 -5.311870e-01 -4.035362e-02 -8.462930e-01 4.984827e+01
-8.582267e-01 1.877533e-02 5.129272e-01 1.636920e+02 -5.150853e-03 9.989654e-01 -4.518478e-02 -7.660609e+00 -5.132449e-01 -4.142080e-02 -8.572421e-01 4.875676e+01
-8.679682e-01 2.231375e-02 4.961183e-01 1.643244e+02 -2.365431e-03 9.987930e-01 -4.906075e-02 -7.724868e+00 -4.966142e-01 -4.375670e-02 -8.668677e-01 4.765746e+01
-8.772719e-01 1.994975e-02 4.795790e-01 1.649529e+02 -4.650326e-03 9.987358e-01 -5.005250e-02 -7.804208e+00 -4.799712e-01 -4.613985e-02 -8.760700e-01 4.653660e+01
-8.858412e-01 1.713794e-02 4.636719e-01 1.655651e+02 -6.437098e-03 9.987675e-01 -4.921381e-02 -7.878869e+00 -4.639439e-01 -4.658032e-02 -8.846391e-01 4.539469e+01
-8.934368e-01 1.538007e-02 4.489255e-01 1.661668e+02 -7.744595e-03 9.987377e-01 -4.962952e-02 -7.950982e+00 -4.491221e-01 -4.781759e-02 -8.921899e-01 4.424064e+01
-9.004081e-01 1.360215e-02 4.348335e-01 1.667500e+02 -8.473493e-03 9.987732e-01 -4.878893e-02 -8.038180e+00 -4.349637e-01 -4.761451e-02 -8.991882e-01 4.306218e+01
-9.068551e-01 1.111583e-02 4.212960e-01 1.673085e+02 -1.014076e-02 9.987871e-01 -4.818120e-02 -8.108703e+00 -4.213206e-01 -4.796563e-02 -9.056425e-01 4.189031e+01
-9.127097e-01 6.013013e-03 4.085643e-01 1.678495e+02 -1.325292e-02 9.989300e-01 -4.430795e-02 -8.179147e+00 -4.083935e-01 -4.585497e-02 -9.116535e-01 4.069656e+01
-9.179893e-01 2.857637e-03 3.965948e-01 1.683727e+02 -1.465879e-02 9.990463e-01 -4.112893e-02 -8.245210e+00 -3.963342e-01 -4.356952e-02 -9.170719e-01 3.951793e+01
-9.225961e-01 3.689249e-03 3.857498e-01 1.688777e+02 -1.186659e-02 9.992097e-01 -3.793755e-02 -8.306543e+00 -3.855848e-01 -3.957857e-02 -9.218231e-01 3.832666e+01
-9.260101e-01 8.261786e-03 3.774083e-01 1.693670e+02 -7.260467e-03 9.991858e-01 -3.968732e-02 -8.370906e+00 -3.774289e-01 -3.949102e-02 -9.251961e-01 3.713212e+01
-9.284664e-01 1.400602e-02 3.711523e-01 1.698431e+02 -1.586063e-03 9.991301e-01 -4.167142e-02 -8.425892e+00 -3.714131e-01 -3.927919e-02 -9.276365e-01 3.593242e+01
-9.304209e-01 1.718166e-02 3.660898e-01 1.703100e+02 1.119441e-03 9.990290e-01 -4.404228e-02 -8.494305e+00 -3.664911e-01 -4.056804e-02 -9.295367e-01 3.473660e+01
-9.322119e-01 1.491905e-02 3.616053e-01 1.707811e+02 -6.360554e-04 9.990809e-01 -4.285964e-02 -8.561661e+00 -3.619124e-01 -4.018427e-02 -9.313456e-01 3.353345e+01
-9.340750e-01 7.649706e-03 3.569948e-01 1.712515e+02 -6.911459e-03 9.991959e-01 -3.949462e-02 -8.620837e+00 -3.570099e-01 -3.935830e-02 -9.332711e-01 3.233770e+01
-9.359648e-01 1.418595e-03 3.520908e-01 1.717215e+02 -1.257073e-02 9.992197e-01 -3.744274e-02 -8.684955e+00 -3.518692e-01 -3.947113e-02 -9.352166e-01 3.113740e+01
-9.375237e-01 -4.877402e-03 3.478871e-01 1.721851e+02 -1.959149e-02 9.990553e-01 -3.879045e-02 -8.742013e+00 -3.473692e-01 -4.318259e-02 -9.367336e-01 2.992491e+01
-9.387288e-01 -6.954209e-03 3.445866e-01 1.726370e+02 -2.262621e-02 9.988831e-01 -4.147993e-02 -8.802344e+00 -3.439133e-01 -4.673509e-02 -9.378377e-01 2.871858e+01
-9.395357e-01 -6.696564e-03 3.423856e-01 1.730860e+02 -2.313403e-02 9.987660e-01 -4.394736e-02 -8.865114e+00 -3.416688e-01 -4.921087e-02 -9.385311e-01 2.751374e+01
-9.398021e-01 -5.619309e-03 3.416731e-01 1.735324e+02 -2.265585e-02 9.986895e-01 -4.589201e-02 -8.931026e+00 -3.409675e-01 -5.087030e-02 -9.386977e-01 2.630133e+01
-9.397505e-01 -2.912601e-03 3.418487e-01 1.739770e+02 -2.047295e-02 9.986484e-01 -4.777202e-02 -8.998932e+00 -3.412475e-01 -5.189243e-02 -9.385400e-01 2.509568e+01
-9.393613e-01 -2.101069e-03 3.429227e-01 1.744230e+02 -2.026807e-02 9.985733e-01 -4.940173e-02 -9.069181e+00 -3.423296e-01 -5.335645e-02 -9.380637e-01 2.389800e+01
-9.388234e-01 -1.150116e-03 3.443971e-01 1.748718e+02 -2.010388e-02 9.984722e-01 -5.146859e-02 -9.138099e+00 -3.438117e-01 -5.524363e-02 -9.374122e-01 2.268097e+01
-9.380656e-01 3.267712e-04 3.464576e-01 1.753219e+02 -1.862859e-02 9.985054e-01 -5.138037e-02 -9.210146e+00 -3.459566e-01 -5.465217e-02 -9.366574e-01 2.146951e+01
-9.373128e-01 -9.890996e-05 3.484891e-01 1.757848e+02 -1.928178e-02 9.984828e-01 -5.157778e-02 -9.286722e+00 -3.479553e-01 -5.506401e-02 -9.358927e-01 2.025816e+01
-9.357539e-01 -1.169529e-03 3.526517e-01 1.762383e+02 -2.068031e-02 9.984556e-01 -5.156353e-02 -9.365408e+00 -3.520467e-01 -5.554372e-02 -9.343329e-01 1.905907e+01
-9.339316e-01 -2.396827e-03 3.574436e-01 1.767007e+02 -2.122785e-02 9.985845e-01 -4.876832e-02 -9.445116e+00 -3.568208e-01 -5.313404e-02 -9.326606e-01 1.787375e+01
-9.316716e-01 -4.972915e-03 3.632676e-01 1.771734e+02 -2.324198e-02 9.986739e-01 -4.593741e-02 -9.515621e+00 -3.625574e-01 -5.124163e-02 -9.305517e-01 1.667139e+01
-9.289981e-01 -7.428997e-03 3.700098e-01 1.776575e+02 -2.520399e-02 9.987473e-01 -4.322795e-02 -9.580187e+00 -3.692252e-01 -4.948441e-02 -9.280216e-01 1.548396e+01
-9.260573e-01 -5.340567e-03 3.773452e-01 1.781376e+02 -2.352697e-02 9.987719e-01 -4.360281e-02 -9.636804e+00 -3.766489e-01 -4.925649e-02 -9.250456e-01 1.429876e+01
-9.226071e-01 -4.987159e-03 3.857088e-01 1.786202e+02 -2.360443e-02 9.987725e-01 -4.354730e-02 -9.700977e+00 -3.850182e-01 -4.928148e-02 -9.215923e-01 1.314869e+01
-9.184472e-01 -9.632556e-04 3.955424e-01 1.791132e+02 -2.070230e-02 9.987435e-01 -4.563840e-02 -9.766333e+00 -3.950015e-01 -5.010510e-02 -9.173131e-01 1.198263e+01
-9.138568e-01 -9.612077e-05 4.060365e-01 1.796179e+02 -1.984199e-02 9.988158e-01 -4.442145e-02 -9.833967e+00 -4.055515e-01 -4.865142e-02 -9.127766e-01 1.083413e+01
-9.083998e-01 2.208026e-03 4.180969e-01 1.801462e+02 -1.865789e-02 9.987758e-01 -4.581271e-02 -9.897525e+00 -4.176862e-01 -4.941706e-02 -9.072465e-01 9.681174e+00
-9.021439e-01 4.713068e-03 4.314095e-01 1.806866e+02 -1.715633e-02 9.987575e-01 -4.678777e-02 -9.961226e+00 -4.310940e-01 -4.961071e-02 -9.009422e-01 8.532928e+00
