1.000000e+00 0.000000e+00 0.000000e+00 0.000000e+00 0.000000e+00 1.000000e+00 0.000000e+00 0.000000e+00 0.000000e+00 0.000000e+00 1.000000e+00 0.000000e+00
9.999986e-01 6.714400e-04 1.506279e-03 -7.500012e-03 -6.647391e-04 9.999899e-01 -4.444760e-03 -4.190323e-03 -1.509248e-03 4.443753e-03 9.999890e-01 9.616416e-01
9.999955e-01 -1.767683e-03 2.420478e-03 -6.510884e-03 1.780335e-03 9.999847e-01 -5.234991e-03 -1.212280e-03 -2.411188e-03 5.239277e-03 9.999834e-01 1.927179e+00
9.999917e-01 -3.408878e-03 2.221406e-03 -1.349918e-03 3.411662e-03 9.999934e-01 -1.250643e-03 2.826182e-04 -2.217128e-03 1.258211e-03 9.999968e-01 2.889380e+00
9.999821e-01 -5.770450e-03 1.573188e-03 -9.228673e-04 5.762374e-03 9.999704e-01 5.090621e-03 -3.574487e-03 -1.602517e-03 -5.081465e-03 9.999858e-01 3.840804e+00
9.999510e-01 -9.892102e-03 2.685556e-04 1.668447e-04 9.890560e-03 9.999374e-01 5.236492e-03 -7.783237e-04 -3.203386e-04 -5.233579e-03 9.999863e-01 4.783221e+00
9.999185e-01 -1.272911e-02 -9.913203e-04 4.506431e-03 1.273152e-02 9.999159e-01 2.463333e-03 1.650858e-03 9.598809e-04 -2.475753e-03 9.999965e-01 5.729352e+00
9.999077e-01 -1.343516e-02 -2.019750e-03 7.730795e-03 1.343375e-02 9.999095e-01 -7.109268e-04 2.671275e-03 2.029119e-03 6.837284e-04 9.999977e-01 6.653704e+00
9.999115e-01 -1.296765e-02 -2.971212e-03 2.811222e-03 1.296379e-02 9.999151e-01 -1.312108e-03 7.213561e-03 2.987974e-03 1.273474e-03 9.999947e-01 7.591296e+00
9.999076e-01 -1.289291e-02 -4.304777e-03 5.627378e-04 1.289550e-02 9.999167e-01 5.755353e-04 7.671964e-03 4.296998e-03 -6.309943e-04 9.999906e-01 8.517972e+00
9.999040e-01 -1.286554e-02 -5.151803e-03 -6.567054e-03 1.288365e-02 9.999109e-01 3.496006e-03 1.190426e-02 5.106366e-03 -3.562044e-03 9.999806e-01 9.448011e+00
9.998958e-01 -1.310335e-02 -6.051139e-03 -1.551448e-02 1.313501e-02 9.999001e-01 5.221870e-03 1.142360e-02 5.982111e-03 -5.300808e-03 9.999681e-01 1.036619e+01
9.998750e-01 -1.447847e-02 -6.349343e-03 -2.877250e-02 1.451410e-02 9.998790e-01 5.603017e-03 2.565020e-02 6.267451e-03 -5.694472e-03 9.999641e-01 1.129525e+01
9.998579e-01 -1.512625e-02 -7.439823e-03 -3.564411e-02 1.517157e-02 9.998665e-01 6.073128e-03 2.813788e-02 7.346966e-03 -6.185138e-03 9.999539e-01 1.221313e+01
9.998461e-01 -1.543532e-02 -8.334538e-03 -4.371530e-02 1.547594e-02 9.998686e-01 4.831401e-03 3.193657e-02 8.258869e-03 -4.959642e-03 9.999536e-01 1.312248e+01
9.998270e-01 -1.592505e-02 -9.607456e-03 -5.846169e-02 1.595364e-02 9.998685e-01 2.906703e-03 3.963465e-02 9.559903e-03 -3.059474e-03 9.999496e-01 1.402752e+01
9.997908e-01 -1.705394e-02 -1.129257e-02 -6.678891e-02 1.707207e-02 9.998531e-01 1.510636e-03 4.813201e-02 1.126515e-02 -1.703108e-03 9.999351e-01 1.493849e+01
9.997763e-01 -1.649038e-02 -1.324618e-02 -8.006306e-02 1.650556e-02 9.998632e-01 1.037235e-03 4.838948e-02 1.322727e-02 -1.255639e-03 9.999117e-01 1.583815e+01
9.997767e-01 -1.530261e-02 -1.457137e-02 -9.966105e-02 1.530607e-02 9.998828e-01 1.255271e-04 5.132142e-02 1.456774e-02 -3.485295e-04 9.998938e-01 1.673727e+01
9.997625e-01 -1.452452e-02 -1.624708e-02 -1.206116e-01 1.452624e-02 9.998945e-01 -1.250926e-05 5.675078e-02 1.624555e-02 -2.235027e-04 9.998680e-01 1.761860e+01
9.997349e-01 -1.471812e-02 -1.770849e-02 -1.444018e-01 1.473507e-02 9.998911e-01 8.269296e-04 5.828579e-02 1.769440e-02 -1.087646e-03 9.998429e-01 1.851382e+01
9.997141e-01 -1.406755e-02 -1.933364e-02 -1.629169e-01 1.411155e-02 9.998981e-01 2.141131e-03 6.091880e-02 1.930155e-02 -2.413347e-03 9.998108e-01 1.939817e+01
9.996907e-01 -1.386027e-02 -2.064915e-02 -1.874200e-01 1.391899e-02 9.998995e-01 2.702661e-03 6.450851e-02 2.060962e-02 -2.989240e-03 9.997831e-01 2.027626e+01
9.996503e-01 -1.447242e-02 -2.213217e-02 -2.080611e-01 1.452758e-02 9.998917e-01 2.333522e-03 7.151905e-02 2.209600e-02 -2.654233e-03 9.997523e-01 2.115608e+01
9.996227e-01 -1.426424e-02 -2.347473e-02 -2.340214e-01 1.432100e-02 9.998949e-01 2.251431e-03 7.017335e-02 2.344015e-02 -2.586763e-03 9.997219e-01 2.202060e+01
9.995983e-01 -1.384879e-02 -2.472828e-02 -2.568031e-01 1.392538e-02 9.998988e-01 2.927937e-03 6.955448e-02 2.468523e-02 -3.271111e-03 9.996899e-01 2.288626e+01
9.995722e-01 -1.378049e-02 -2.579610e-02 -2.824769e-01 1.391827e-02 9.998898e-01 5.169251e-03 7.232202e-02 2.572203e-02 -5.526077e-03 9.996539e-01 2.374352e+01
9.995465e-01 -1.435991e-02 -2.646773e-02 -3.106226e-01 1.457269e-02 9.998629e-01 7.863594e-03 7.883435e-02 2.635118e-02 -8.245734e-03 9.996187e-01 2.459720e+01
9.995446e-01 -1.330363e-02 -2.708356e-02 -3.360628e-01 1.356175e-02 9.998641e-01 9.369290e-03 8.445254e-02 2.695524e-02 -9.732324e-03 9.995893e-01 2.543625e+01
9.995344e-01 -1.276221e-02 -2.771450e-02 -3.644705e-01 1.299909e-02 9.998804e-01 8.384040e-03 8.840071e-02 2.760418e-02 -8.740400e-03 9.995807e-01 2.625951e+01
9.995335e-01 -1.069188e-02 -2.860720e-02 -3.939426e-01 1.086308e-02 9.999240e-01 5.835849e-03 9.584045e-02 2.854263e-02 -6.143889e-03 9.995737e-01 2.707103e+01
9.995104e-01 -1.039205e-02 -2.951205e-02 -4.186227e-01 1.052610e-02 9.999350e-01 4.390466e-03 9.925054e-02 2.946451e-02 -4.698963e-03 9.995548e-01 2.787722e+01
9.994889e-01 -9.802168e-03 -3.042748e-02 -4.482934e-01 9.935567e-03 9.999417e-01 4.236070e-03 1.006190e-01 3.038418e-02 -4.536219e-03 9.995280e-01 2.867494e+01
9.994396e-01 -9.941498e-03 -3.196321e-02 -4.773412e-01 1.007697e-02 9.999409e-01 4.080050e-03 9.803657e-02 3.192076e-02 -4.399856e-03 9.994807e-01 2.945768e+01
9.993701e-01 -9.652731e-03 -3.414935e-02 -5.057590e-01 9.771761e-03 9.999467e-01 3.320387e-03 9.707327e-02 3.411548e-02 -3.651995e-03 9.994112e-01 3.023567e+01
9.993022e-01 -9.525240e-03 -3.611548e-02 -5.381207e-01 9.655635e-03 9.999475e-01 3.437786e-03 1.012884e-01 3.608084e-02 -3.784105e-03 9.993417e-01 3.101509e+01
9.992362e-01 -9.347186e-03 -3.794155e-02 -5.705399e-01 9.532981e-03 9.999434e-01 4.718914e-03 1.035977e-01 3.789529e-02 -5.077006e-03 9.992688e-01 3.177842e+01
9.991540e-01 -9.721381e-03 -3.995925e-02 -6.035552e-01 1.001628e-02 9.999240e-01 7.186546e-03 1.099611e-01 3.988635e-02 -7.580709e-03 9.991755e-01 3.253442e+01
9.990857e-01 -8.527063e-03 -4.189405e-02 -6.411347e-01 8.911576e-03 9.999198e-01 9.000054e-03 1.134819e-01 4.181395e-02 -9.365167e-03 9.990815e-01 3.327296e+01
9.990236e-01 -7.279711e-03 -4.357641e-02 -6.800259e-01 7.706326e-03 9.999239e-01 9.630073e-03 1.139924e-01 4.350299e-02 -9.956484e-03 9.990037e-01 3.400320e+01
9.989459e-01 -5.044191e-03 -4.562570e-02 -7.201930e-01 5.472793e-03 9.999420e-01 9.273854e-03 1.165784e-01 4.557628e-02 -9.513778e-03 9.989156e-01 3.471464e+01
9.988716e-01 -2.995825e-03 -4.739831e-02 -7.580227e-01 3.406441e-03 9.999573e-01 8.584704e-03 1.226979e-01 4.737057e-02 -8.736476e-03 9.988392e-01 3.543188e+01
9.988078e-01 -2.965354e-03 -4.872512e-02 -7.999942e-01 3.447798e-03 9.999458e-01 9.820280e-03 1.308638e-01 4.869336e-02 -9.976567e-03 9.987639e-01 3.613452e+01
9.987514e-01 -1.641835e-03 -4.992904e-02 -8.387444e-01 2.224681e-03 9.999300e-01 1.162016e-02 1.413222e-01 4.990647e-02 -1.171673e-02 9.986852e-01 3.683806e+01
9.987498e-01 1.476193e-03 -4.996626e-02 -8.821955e-01 -8.458401e-04 9.999198e-01 1.263436e-02 1.429687e-01 4.998091e-02 -1.257630e-02 9.986710e-01 3.751993e+01
9.987935e-01 4.612882e-03 -4.889077e-02 -9.203571e-01 -4.085254e-03 9.999324e-01 1.088641e-02 1.457252e-01 4.893768e-02 -1.067354e-02 9.987448e-01 3.818836e+01
9.988630e-01 6.355875e-03 -4.724680e-02 -9.550608e-01 -5.997044e-03 9.999521e-01 7.732699e-03 1.542019e-01 4.729368e-02 -7.440566e-03 9.988533e-01 3.883967e+01
9.989571e-01 7.047469e-03 -4.511117e-02 -9.876570e-01 -6.786721e-03 9.999594e-01 5.930665e-03 1.636111e-01 4.515114e-02 -5.618323e-03 9.989644e-01 3.947920e+01
9.990892e-01 8.328017e-03 -4.184873e-02 -1.018447e+00 -8.055821e-03 9.999453e-01 6.668727e-03 1.735713e-01 4.190198e-02 -6.325528e-03 9.991017e-01 4.012440e+01
9.991622e-01 1.336463e-02 -3.868064e-02 -1.052009e+00 -1.301130e-02 9.998714e-01 9.371928e-03 1.791082e-01 3.880092e-02 -8.860791e-03 9.992077e-01 4.075481e+01
9.992360e-01 1.793177e-02 -3.472704e-02 -1.083846e+00 -1.749118e-02 9.997632e-01 1.294980e-02 1.831236e-01 3.495103e-02 -1.233249e-02 9.993129e-01 4.137692e+01
9.992675e-01 2.305093e-02 -3.054849e-02 -1.106567e+00 -2.263168e-02 9.996458e-01 1.399965e-02 1.909531e-01 3.086037e-02 -1.329803e-02 9.994352e-01 4.198320e+01
9.993109e-01 2.736516e-02 -2.507589e-02 -1.130436e+00 -2.701466e-02 9.995340e-01 1.421126e-02 2.002728e-01 2.545310e-02 -1.352405e-02 9.995845e-01 4.256620e+01
9.993342e-01 3.098988e-02 -1.925781e-02 -1.148789e+00 -3.067316e-02 9.993928e-01 1.652956e-02 2.055322e-01 1.975836e-02 -1.592785e-02 9.996779e-01 4.313834e+01
9.992782e-01 3.574683e-02 -1.285781e-02 -1.162353e+00 -3.551865e-02 9.992148e-01 1.755752e-02 2.140597e-01 1.347533e-02 -1.708815e-02 9.997632e-01 4.368976e+01
9.992209e-01 3.903110e-02 -5.836961e-03 -1.169265e+00 -3.892669e-02 9.990967e-01 1.704246e-02 2.234265e-01 6.496875e-03 -1.680197e-02 9.998377e-01 4.422277e+01
9.991038e-01 4.230454e-02 1.398258e-03 -1.171182e+00 -4.232227e-02 9.989579e-01 1.708801e-02 2.289604e-01 -6.738999e-04 -1.713188e-02 9.998530e-01 4.474383e+01
9.988553e-01 4.699688e-02 8.905908e-03 -1.171405e+00 -4.714198e-02 9.987461e-01 1.684986e-02 2.346956e-01 -8.102850e-03 -1.725041e-02 9.998184e-01 4.523242e+01
9.985440e-01 5.134517e-02 1.653689e-02 -1.170879e+00 -5.157927e-02 9.985700e-01 1.405537e-02 2.422632e-01 -1.579157e-02 -1.488786e-02 9.997645e-01 4.571164e+01
9.982771e-01 5.332412e-02 2.448267e-02 -1.159602e+00 -5.360596e-02 9.985015e-01 1.100326e-02 2.469525e-01 -2.385925e-02 -1.229672e-02 9.996397e-01 4.615365e+01
9.980208e-01 5.393482e-02 3.233585e-02 -1.143773e+00 -5.430550e-02 9.984671e-01 1.069619e-02 2.526608e-01 -3.170939e-02 -1.243104e-02 9.994198e-01 4.657506e+01
9.978031e-01 5.260138e-02 4.027459e-02 -1.121608e+00 -5.312209e-02 9.985163e-01 1.196914e-02 2.564630e-01 -3.958525e-02 -1.408232e-02 9.991170e-01 4.698179e+01
9.973636e-01 5.419451e-02 4.825804e-02 -1.102668e+00 -5.486979e-02 9.984117e-01 1.277907e-02 2.596213e-01 -4.748884e-02 -1.539329e-02 9.987532e-01 4.735865e+01
9.967341e-01 5.707556e-02 5.712664e-02 -1.086202e+00 -5.789390e-02 9.982410e-01 1.277272e-02 2.655215e-01 -5.629715e-02 -1.603829e-02 9.982852e-01 4.771621e+01
9.959313e-01 6.145742e-02 6.590776e-02 -1.068994e+00 -6.239341e-02 9.979766e-01 1.223644e-02 2.670009e-01 -6.502238e-02 -1.629887e-02 9.977507e-01 4.804301e+01
9.950693e-01 6.492737e-02 7.497739e-02 -1.049789e+00 -6.604325e-02 9.977385e-01 1.249808e-02 2.651072e-01 -7.399636e-02 -1.738820e-02 9.971069e-01 4.833914e+01
9.943714e-01 6.406198e-02 8.438924e-02 -1.019393e+00 -6.540011e-02 9.977720e-01 1.318594e-02 2.672749e-01 -8.335651e-02 -1.863078e-02 9.963456e-01 4.862655e+01
9.934415e-01 6.331732e-02 9.521010e-02 -9.888783e-01 -6.466694e-02 9.978446e-01 1.115403e-02 2.723248e-01 -9.429864e-02 -1.723782e-02 9.953947e-01 4.889972e+01
9.923278e-01 6.201956e-02 1.069537e-01 -9.488336e-01 -6.309634e-02 9.979849e-01 6.710095e-03 2.745119e-01 -1.063220e-01 -1.340700e-02 9.942414e-01 4.916441e+01
9.907287e-01 6.309409e-02 1.203154e-01 -9.100407e-01 -6.388756e-02 9.979533e-01 2.745146e-03 2.756242e-01 -1.198960e-01 -1.040635e-02 9.927319e-01 4.942684e+01
9.886547e-01 6.457958e-02 1.356151e-01 -8.675625e-01 -6.523986e-02 9.978695e-01 4.254005e-04 2.791071e-01 -1.352987e-01 -9.268083e-03 9.907615e-01 4.969057e+01
9.861506e-01 6.649339e-02 1.519392e-01 -8.228934e-01 -6.712865e-02 9.977439e-01 -9.504624e-04 2.811095e-01 -1.516596e-01 -9.262175e-03 9.883894e-01 4.995706e+01
9.834378e-01 6.618600e-02 1.687289e-01 -7.664020e-01 -6.683030e-02 9.977626e-01 -1.863758e-03 2.792317e-01 -1.684747e-01 -9.443311e-03 9.856607e-01 5.021307e+01
9.802137e-01 6.521511e-02 1.868907e-01 -7.080258e-01 -6.580396e-02 9.978279e-01 -3.058004e-03 2.795858e-01 -1.866842e-01 -9.300651e-03 9.823760e-01 5.046798e+01
9.764119e-01 6.406079e-02 2.061943e-01 -6.398198e-01 -6.477547e-02 9.978944e-01 -3.289964e-03 2.778156e-01 -2.059709e-01 -1.014397e-02 9.785055e-01 5.070912e+01
9.719454e-01 6.408110e-02 2.263092e-01 -5.667335e-01 -6.476110e-02 9.978910e-01 -4.426214e-03 2.779079e-01 -2.261155e-01 -1.035399e-02 9.740455e-01 5.095175e+01
9.665951e-01 6.631229e-02 2.475814e-01 -4.953336e-01 -6.672581e-02 9.977487e-01 -6.729736e-03 2.774211e-01 -2.474703e-01 -1.001514e-02 9.688437e-01 5.119408e+01
9.603819e-01 6.761273e-02 2.703613e-01 -4.138804e-01 -6.780626e-02 9.976611e-01 -8.635427e-03 2.721977e-01 -2.703128e-01 -1.003888e-02 9.627202e-01 5.143242e+01
9.532085e-01 6.842678e-02 2.944678e-01 -3.158162e-01 -6.863846e-02 9.975951e-01 -9.629087e-03 2.704993e-01 -2.944185e-01 -1.103329e-02 9.556129e-01 5.167281e+01
9.446879e-01 7.127030e-02 3.201332e-01 -2.191608e-01 -7.172757e-02 9.973703e-01 -1.037913e-02 2.644253e-01 -3.200311e-01 -1.315734e-02 9.473157e-01 5.191402e+01
9.348469e-01 7.315508e-02 3.474329e-01 -1.131525e-01 -7.385474e-02 9.972056e-01 -1.124758e-02 2.549412e-01 -3.472848e-01 -1.514480e-02 9.376374e-01 5.215226e+01
9.238327e-01 7.358116e-02 3.756580e-01 7.189069e-03 -7.430178e-02 9.971563e-01 -1.258994e-02 2.466688e-01 -3.755161e-01 -1.628106e-02 9.266729e-01 5.238831e+01
9.112133e-01 7.223896e-02 4.055513e-01 1.411710e-01 -7.251209e-02 9.972590e-01 -1.471325e-02 2.389685e-01 -4.055026e-01 -1.600046e-02 9.139539e-01 5.261858e+01
8.963906e-01 6.954871e-02 4.377750e-01 2.878661e-01 -6.894201e-02 9.974706e-01 -1.730072e-02 2.320289e-01 -4.378709e-01 -1.467288e-02 8.989181e-01 5.284142e+01
8.791414e-01 6.884134e-02 4.715626e-01 4.447059e-01 -6.659465e-02 9.975490e-01 -2.147434e-02 2.259373e-01 -4.718852e-01 -1.252457e-02 8.815711e-01 5.306772e+01
8.596318e-01 7.088531e-02 5.059727e-01 6.088438e-01 -6.650731e-02 9.974275e-01 -2.674285e-02 2.191921e-01 -5.065668e-01 -1.066189e-02 8.621348e-01 5.329181e+01
8.379101e-01 7.304993e-02 5.408977e-01 7.891633e-01 -6.660655e-02 9.972818e-01 -3.150516e-02 2.121120e-01 -5.417289e-01 -9.628842e-03 8.404981e-01 5.351615e+01
8.133233e-01 7.594280e-02 5.768344e-01 9.847092e-01 -6.815195e-02 9.970547e-01 -3.517397e-02 2.014905e-01 -5.778067e-01 -1.070458e-02 8.161035e-01 5.374528e+01
7.859750e-01 7.975022e-02 6.130932e-01 1.198097e+00 -7.123786e-02 9.967228e-01 -3.832645e-02 1.907094e-01 -6.141405e-01 -1.355181e-02 7.890804e-01 5.397800e+01
7.562697e-01 8.427813e-02 6.488092e-01 1.429524e+00 -7.533035e-02 9.962902e-01 -4.160763e-02 1.795889e-01 -6.499088e-01 -1.740844e-02 7.598128e-01 5.421100e+01
7.233337e-01 8.527957e-02 6.852122e-01 1.687979e+00 -7.521913e-02 9.961702e-01 -4.457660e-02 1.665887e-01 -6.863895e-01 -1.929731e-02 7.269781e-01 5.444496e+01
6.868970e-01 8.274459e-02 7.220290e-01 1.970987e+00 -7.180521e-02 9.963633e-01 -4.587197e-02 1.506364e-01 -7.231988e-01 -2.033612e-02 6.903405e-01 5.466835e+01
6.479466e-01 8.166845e-02 7.572949e-01 2.283314e+00 -6.933117e-02 9.964316e-01 -4.813730e-02 1.378885e-01 -7.585239e-01 -2.131374e-02 6.512966e-01 5.489082e+01
6.059562e-01 8.124945e-02 7.913378e-01 2.619566e+00 -6.756667e-02 9.964324e-01 -5.056897e-02 1.211471e-01 -7.926234e-01 -2.282548e-02 6.092842e-01 5.510579e+01
5.601705e-01 8.099130e-02 8.244085e-01 2.975798e+00 -6.410013e-02 9.964629e-01 -5.433935e-02 1.057712e-01 -8.258935e-01 -2.240538e-02 5.633807e-01 5.531061e+01
5.121443e-01 8.029097e-02 8.551383e-01 3.356788e+00 -6.142353e-02 9.964956e-01 -5.677665e-02 8.701922e-02 -8.567003e-01 -2.344778e-02 5.152813e-01 5.550196e+01
4.637664e-01 7.843659e-02 8.824786e-01 3.770037e+00 -5.957173e-02 9.965797e-01 -5.727159e-02 6.720705e-02 -8.839524e-01 -2.601013e-02 4.668528e-01 5.568614e+01
4.141648e-01 7.633251e-02 9.069955e-01 4.195814e+00 -5.983421e-02 9.966051e-01 -5.655171e-02 4.535167e-02 -9.082331e-01 -3.084763e-02 4.173261e-01 5.585219e+01
3.644700e-01 7.597253e-02 9.281109e-01 4.640438e+00 -6.258157e-02 9.964115e-01 -5.698759e-02 2.577260e-02 -9.291099e-01 -3.731237e-02 3.679165e-01 5.599908e+01
3.153356e-01 7.646290e-02 9.458948e-01 5.100861e+00 -6.066417e-02 9.963342e-01 -6.031647e-02 5.544637e-03 -9.470392e-01 -3.836199e-02 3.188182e-01 5.612794e+01
2.684007e-01 7.302765e-02 9.605353e-01 5.595499e+00 -4.927115e-02 9.968579e-01 -6.202144e-02 -2.328333e-02 -9.620465e-01 -3.068008e-02 2.711556e-01 5.622727e+01
2.246661e-01 6.700764e-02 9.721292e-01 6.098994e+00 -3.564685e-02 9.975303e-01 -6.052026e-02 -5.097087e-02 -9.737836e-01 -2.105649e-02 2.264999e-01 5.629604e+01
1.825259e-01 6.589442e-02 9.809904e-01 6.610243e+00 -2.721419e-02 9.977079e-01 -6.195381e-02 -7.917913e-02 -9.828243e-01 -1.538869e-02 1.839008e-01 5.635653e+01
1.442440e-01 6.729519e-02 9.872512e-01 7.136492e+00 -2.378881e-02 9.976324e-01 -6.452711e-02 -1.018440e-01 -9.892562e-01 -1.417788e-02 1.455034e-01 5.641224e+01
1.117721e-01 6.767662e-02 9.914267e-01 7.674590e+00 -1.446285e-02 9.976834e-01 -6.647320e-02 -1.329582e-01 -9.936286e-01 -6.908999e-03 1.124920e-01 5.644238e+01
8.284673e-02 6.576707e-02 9.943898e-01 8.223618e+00 -7.570308e-03 9.978328e-01 -6.536407e-02 -1.705042e-01 -9.965335e-01 -2.112638e-03 8.316506e-02 5.646471e+01
5.821423e-02 6.378149e-02 9.962645e-01 8.796410e+00 -4.878733e-04 9.979587e-01 -6.386144e-02 -2.038794e-01 -9.983040e-01 3.231594e-03 5.812651e-02 5.647433e+01
3.818406e-02 6.260748e-02 9.973075e-01 9.377317e+00 3.732890e-03 9.980195e-01 -6.279509e-02 -2.341195e-01 -9.992638e-01 6.120611e-03 3.787473e-02 5.648098e+01
2.224780e-02 6.401438e-02 9.977010e-01 9.957631e+00 6.303462e-03 9.979191e-01 -6.416895e-02 -2.669948e-01 -9.997326e-01 7.716588e-03 2.179799e-02 5.648483e+01
8.855537e-03 6.324556e-02 9.979587e-01 1.054899e+01 7.343085e-03 9.979668e-01 -6.331123e-02 -3.053227e-01 -9.999338e-01 7.888750e-03 8.373115e-03 5.648300e+01
-2.711479e-03 6.364135e-02 9.979692e-01 1.115793e+01 8.004404e-03 9.979422e-01 -6.361788e-02 -3.429498e-01 -9.999643e-01 7.815650e-03 -3.215311e-03 5.647961e+01
-1.182537e-02 6.635447e-02 9.977260e-01 1.177808e+01 1.287162e-02 9.977232e-01 -6.620173e-02 -3.756049e-01 -9.998472e-01 1.205949e-02 -1.265253e-02 5.646161e+01
-1.830405e-02 6.799902e-02 9.975175e-01 1.240858e+01 1.691750e-02 9.975628e-01 -6.769168e-02 -4.073861e-01 -9.996893e-01 1.563647e-02 -1.940982e-02 5.644078e+01
-2.272511e-02 6.724906e-02 9.974774e-01 1.305111e+01 1.733971e-02 9.976115e-01 -6.686306e-02 -4.397398e-01 -9.995914e-01 1.577650e-02 -2.383691e-02 5.642557e+01
-2.617254e-02 6.439430e-02 9.975813e-01 1.369863e+01 1.536947e-02 9.978311e-01 -6.400719e-02 -4.742587e-01 -9.995393e-01 1.365706e-02 -2.710548e-02 5.641030e+01
-2.883797e-02 5.721944e-02 9.979450e-01 1.436835e+01 1.337159e-02 9.982930e-01 -5.685299e-02 -5.099940e-01 -9.994947e-01 1.170458e-02 -2.955386e-02 5.639804e+01
-2.994234e-02 5.144259e-02 9.982270e-01 1.504693e+01 1.450915e-02 9.985919e-01 -5.102619e-02 -5.406389e-01 -9.994463e-01 1.295558e-02 -3.064656e-02 5.637413e+01
-3.041687e-02 4.877436e-02 9.983466e-01 1.573466e+01 1.741830e-02 9.986829e-01 -4.826010e-02 -5.707577e-01 -9.993855e-01 1.592158e-02 -3.122637e-02 5.634802e+01
-2.988220e-02 5.075890e-02 9.982638e-01 1.643228e+01 2.108372e-02 9.985196e-01 -5.014078e-02 -6.039282e-01 -9.993310e-01 1.954880e-02 -3.090814e-02 5.631969e+01
-2.914226e-02 5.790752e-02 9.978965e-01 1.713453e+01 2.236160e-02 9.981084e-01 -5.726678e-02 -6.335649e-01 -9.993251e-01 2.064568e-02 -3.038204e-02 5.629941e+01
-2.713840e-02 6.578757e-02 9.974645e-01 1.784274e+01 2.323247e-02 9.976040e-01 -6.516468e-02 -6.618253e-01 -9.993617e-01 2.140510e-02 -2.860178e-02 5.628344e+01
-2.507989e-02 6.628532e-02 9.974855e-01 1.856067e+01 2.385594e-02 9.975549e-01 -6.569012e-02 -6.929503e-01 -9.994008e-01 2.214846e-02 -2.659986e-02 5.626717e+01
-2.304204e-02 6.178740e-02 9.978233e-01 1.929723e+01 2.310585e-02 9.978546e-01 -6.125577e-02 -7.313348e-01 -9.994675e-01 2.164410e-02 -2.442025e-02 5.625449e+01
-2.033932e-02 5.508634e-02 9.982744e-01 2.003776e+01 2.303856e-02 9.982417e-01 -5.461513e-02 -7.774201e-01 -9.995277e-01 2.188797e-02 -2.157267e-02 5.624036e+01
-1.740990e-02 5.344965e-02 9.984188e-01 2.077151e+01 2.145114e-02 9.983602e-01 -5.307246e-02 -8.133478e-01 -9.996183e-01 2.049323e-02 -1.852790e-02 5.623226e+01
-1.381164e-02 5.840599e-02 9.981974e-01 2.150143e+01 2.935776e-02 9.978859e-01 -5.798156e-02 -8.531927e-01 -9.994735e-01 2.850401e-02 -1.549711e-02 5.621121e+01
-1.076314e-02 6.395139e-02 9.978950e-01 2.223760e+01 3.077958e-02 9.975011e-01 -6.359416e-02 -8.861048e-01 -9.994682e-01 3.003032e-02 -1.270464e-02 5.620184e+01
-8.149770e-03 6.438835e-02 9.978916e-01 2.297083e+01 2.435187e-02 9.976416e-01 -6.417333e-02 -9.241079e-01 -9.996702e-01 2.377753e-02 -9.698527e-03 5.620741e+01
-4.805643e-03 6.064708e-02 9.981477e-01 2.370769e+01 1.950737e-02 9.979750e-01 -6.054267e-02 -9.648199e-01 -9.997982e-01 1.918029e-02 -5.978977e-03 5.621504e+01
4.200083e-04 5.649204e-02 9.984030e-01 2.445213e+01 2.379731e-02 9.981197e-01 -5.648603e-02 -1.013367e+00 -9.997167e-01 2.378303e-02 -9.251398e-04 5.620653e+01
3.990970e-03 5.733874e-02 9.983468e-01 2.519099e+01 2.827738e-02 9.979491e-01 -5.742893e-02 -1.053446e+00 -9.995921e-01 2.845983e-02 2.361395e-03 5.620421e+01
6.581255e-03 6.170224e-02 9.980729e-01 2.593141e+01 2.739056e-02 9.977089e-01 -6.186035e-02 -1.092860e+00 -9.996031e-01 2.774489e-02 4.876118e-03 5.621514e+01
1.065180e-02 6.181338e-02 9.980309e-01 2.666700e+01 2.395009e-02 9.977854e-01 -6.205379e-02 -1.135745e+00 -9.996564e-01 2.456391e-02 9.147776e-03 5.622850e+01
1.419718e-02 6.133793e-02 9.980161e-01 2.741525e+01 2.277119e-02 9.978380e-01 -6.165091e-02 -1.175351e+00 -9.996399e-01 2.360128e-02 1.276975e-02 5.624698e+01
1.789513e-02 5.826365e-02 9.981408e-01 2.816541e+01 2.690842e-02 9.979110e-01 -5.873267e-02 -1.215053e+00 -9.994777e-01 2.790942e-02 1.628997e-02 5.625530e+01
2.150513e-02 5.817236e-02 9.980749e-01 2.890911e+01 3.074425e-02 9.977952e-01 -5.881849e-02 -1.260909e+00 -9.992959e-01 3.194996e-02 1.966925e-02 5.626556e+01
2.482048e-02 5.894208e-02 9.979528e-01 2.965863e+01 3.350673e-02 9.976504e-01 -5.975758e-02 -1.297713e+00 -9.991302e-01 3.492135e-02 2.278720e-02 5.628410e+01
2.764213e-02 5.854885e-02 9.979018e-01 3.040342e+01 3.417467e-02 9.976443e-01 -5.948039e-02 -1.340809e+00 -9.990335e-01 3.574713e-02 2.557612e-02 5.630522e+01
3.139416e-02 5.702330e-02 9.978791e-01 3.115616e+01 3.603427e-02 9.976576e-01 -5.814431e-02 -1.376814e+00 -9.988573e-01 3.778324e-02 2.926583e-02 5.632534e+01
3.542275e-02 5.575816e-02 9.978157e-01 3.191262e+01 3.826064e-02 9.976347e-01 -5.710630e-02 -1.419351e+00 -9.986398e-01 4.019994e-02 3.320562e-02 5.634408e+01
3.837881e-02 5.610172e-02 9.976872e-01 3.265052e+01 3.678232e-02 9.976668e-01 -5.751551e-02 -1.454744e+00 -9.985861e-01 3.890462e-02 3.622572e-02 5.637676e+01
4.157012e-02 5.771490e-02 9.974673e-01 3.339639e+01 3.352907e-02 9.976873e-01 -5.912498e-02 -1.493879e+00 -9.985728e-01 3.590198e-02 3.953886e-02 5.641367e+01
4.438963e-02 5.766334e-02 9.973487e-01 3.415406e+01 3.467417e-02 9.976424e-01 -5.922358e-02 -1.533627e+00 -9.984124e-01 3.721115e-02 4.228554e-02 5.644671e+01
4.708946e-02 5.754276e-02 9.972319e-01 3.491557e+01 3.227827e-02 9.977303e-01 -5.909571e-02 -1.568661e+00 -9.983690e-01 3.497171e-02 4.512520e-02 5.648766e+01
4.954224e-02 5.772313e-02 9.971026e-01 3.567420e+01 3.058358e-02 9.977727e-01 -5.928150e-02 -1.608704e+00 -9.983037e-01 3.343191e-02 4.766651e-02 5.653147e+01
5.232932e-02 5.789205e-02 9.969504e-01 3.644033e+01 2.748892e-02 9.978564e-01 -5.938754e-02 -1.647565e+00 -9.982515e-01 3.051280e-02 5.062576e-02 5.658145e+01
5.560657e-02 5.954718e-02 9.966755e-01 3.719571e+01 2.595065e-02 9.977966e-01 -6.106200e-02 -1.689842e+00 -9.981155e-01 2.925983e-02 5.393875e-02 5.662892e+01
5.892827e-02 6.306183e-02 9.962684e-01 3.795625e+01 2.471226e-02 9.976047e-01 -6.460812e-02 -1.730566e+00 -9.979563e-01 2.842728e-02 5.722872e-02 5.667663e+01
6.232708e-02 6.507685e-02 9.959319e-01 3.871288e+01 2.493632e-02 9.974589e-01 -6.673719e-02 -1.775999e+00 -9.977442e-01 2.899441e-02 6.054593e-02 5.672769e+01
6.500979e-02 6.718510e-02 9.956204e-01 3.948193e+01 1.882375e-02 9.974708e-01 -6.853908e-02 -1.820980e+00 -9.977071e-01 2.319702e-02 6.358070e-02 5.679230e+01
6.771816e-02 6.603126e-02 9.955170e-01 4.025789e+01 1.528595e-02 9.976217e-01 -6.721066e-02 -1.871743e+00 -9.975874e-01 1.976881e-02 6.654776e-02 5.685724e+01
7.143060e-02 6.678137e-02 9.952075e-01 4.103404e+01 1.722757e-02 9.975247e-01 -6.817336e-02 -1.916125e+00 -9.972968e-01 2.201467e-02 7.010331e-02 5.691729e+01
7.528566e-02 6.771195e-02 9.948604e-01 4.181574e+01 1.624075e-02 9.974762e-01 -6.911900e-02 -1.965142e+00 -9.970297e-01 2.136095e-02 7.399596e-02 5.697940e+01
7.904492e-02 6.866999e-02 9.945031e-01 4.260155e+01 1.238447e-02 9.974799e-01 -6.985989e-02 -2.009518e+00 -9.967941e-01 1.783846e-02 7.799528e-02 5.705347e+01
8.298349e-02 6.686113e-02 9.943055e-01 4.339552e+01 1.089518e-02 9.976263e-01 -6.799374e-02 -2.054836e+00 -9.964914e-01 1.647550e-02 8.205805e-02 5.712707e+01
8.795674e-02 6.651461e-02 9.939011e-01 4.419292e+01 1.152657e-02 9.976334e-01 -6.778445e-02 -2.108968e+00 -9.960576e-01 1.741837e-02 8.698190e-02 5.719757e+01
9.295784e-02 7.009104e-02 9.931999e-01 4.498557e+01 7.721205e-03 9.974384e-01 -7.111282e-02 -2.159376e+00 -9.956401e-01 1.427919e-02 9.217853e-02 5.728028e+01
9.896547e-02 7.886791e-02 9.919605e-01 4.577154e+01 5.638785e-03 9.967938e-01 -7.981476e-02 -2.209021e+00 -9.950749e-01 1.349236e-02 9.820344e-02 5.736966e+01
1.062607e-01 8.365574e-02 9.908130e-01 4.656861e+01 3.747413e-03 9.964138e-01 -8.453052e-02 -2.261295e+00 -9.943312e-01 1.269526e-02 1.055662e-01 5.746384e+01
1.136902e-01 8.665143e-02 9.897303e-01 4.737020e+01 -4.163684e-04 9.961934e-01 -8.716945e-02 -2.320219e+00 -9.935162e-01 9.498221e-03 1.132935e-01 5.756581e+01
1.210058e-01 8.455420e-02 9.890441e-01 4.817918e+01 -3.765646e-03 9.963975e-01 -8.472214e-02 -2.386426e+00 -9.926447e-01 6.527479e-03 1.208883e-01 5.767056e+01
1.284615e-01 8.262614e-02 9.882664e-01 4.899682e+01 -4.091750e-03 9.965588e-01 -8.278757e-02 -2.447102e+00 -9.917061e-01 6.591276e-03 1.283575e-01 5.778218e+01
1.359393e-01 7.897916e-02 9.875641e-01 4.980644e+01 -4.694958e-03 9.968575e-01 -7.907613e-02 -2.507753e+00 -9.907060e-01 6.112982e-03 1.358829e-01 5.789627e+01
1.434796e-01 7.342099e-02 9.869260e-01 5.062257e+01 -6.675070e-03 9.972933e-01 -7.322183e-02 -2.561917e+00 -9.896308e-01 3.918042e-03 1.435814e-01 5.802755e+01
1.507013e-01 6.558608e-02 9.864013e-01 5.144685e+01 -8.705795e-03 9.978462e-01 -6.501699e-02 -2.614928e+00 -9.885410e-01 1.210736e-03 1.509477e-01 5.816588e+01
1.582469e-01 6.258297e-02 9.854143e-01 5.226133e+01 -8.441672e-03 9.980386e-01 -6.202910e-02 -2.672273e+00 -9.873635e-01 1.497366e-03 1.584648e-01 5.830437e+01
1.658582e-01 6.482111e-02 9.840169e-01 5.306684e+01 -7.660542e-03 9.978919e-01 -6.444391e-02 -2.714927e+00 -9.861199e-01 3.150450e-03 1.660052e-01 5.844136e+01
1.715326e-01 7.104534e-02 9.826134e-01 5.385074e+01 -7.195170e-03 9.974601e-01 -7.086274e-02 -2.768137e+00 -9.851522e-01 5.085197e-03 1.716081e-01 5.858504e+01
1.767207e-01 7.461943e-02 9.814284e-01 5.463351e+01 -8.970973e-03 9.972028e-01 -7.420342e-02 -2.817770e+00 -9.842202e-01 4.308913e-03 1.768958e-01 5.873215e+01
1.818675e-01 7.761466e-02 9.802552e-01 5.541176e+01 -1.043989e-02 9.969763e-01 -7.700169e-02 -2.871350e+00 -9.832676e-01 3.770345e-03 1.821279e-01 5.888681e+01
1.868315e-01 7.699114e-02 9.793704e-01 5.617653e+01 -1.267954e-02 9.970302e-01 -7.596059e-02 -2.930471e+00 -9.823101e-01 1.773865e-03 1.872528e-01 5.904717e+01
1.921859e-01 7.359597e-02 9.785950e-01 5.694270e+01 -8.370078e-03 9.972706e-01 -7.335669e-02 -2.988736e+00 -9.813228e-01 5.907204e-03 1.922773e-01 5.919658e+01
1.967126e-01 6.675062e-02 9.781863e-01 5.769817e+01 -7.499296e-03 9.977531e-01 -6.657773e-02 -3.036244e+00 -9.804325e-01 5.760972e-03 1.967712e-01 5.935123e+01
2.002668e-01 6.026749e-02 9.778860e-01 5.845013e+01 -9.316709e-03 9.981783e-01 -5.961009e-02 -3.086432e+00 -9.796971e-01 2.827240e-03 2.004634e-01 5.951054e+01
2.034612e-01 5.670619e-02 9.774395e-01 5.918598e+01 -1.284117e-02 9.983900e-01 -5.524865e-02 -3.132836e+00 -9.789988e-01 -1.310509e-03 2.038618e-01 5.967700e+01
2.068270e-01 5.660078e-02 9.767389e-01 5.991327e+01 -1.399963e-02 9.983942e-01 -5.489122e-02 -3.173707e+00 -9.782774e-01 -2.320991e-03 2.072873e-01 5.983645e+01
2.091087e-01 5.845942e-02 9.761435e-01 6.063351e+01 -1.534648e-02 9.982848e-01 -5.649791e-02 -3.213517e+00 -9.777720e-01 -3.166161e-03 2.096472e-01 5.999598e+01
2.107110e-01 6.295918e-02 9.755188e-01 6.132939e+01 -1.978827e-02 9.979941e-01 -6.013547e-02 -3.254296e+00 -9.773481e-01 -6.632627e-03 2.115342e-01 6.015689e+01
2.125860e-01 6.690856e-02 9.748489e-01 6.202169e+01 -2.149106e-02 9.977317e-01 -6.379255e-02 -3.298966e+00 -9.769060e-01 -7.389135e-03 2.135418e-01 6.031942e+01
2.147849e-01 7.193215e-02 9.740088e-01 6.270441e+01 -2.215935e-02 9.973863e-01 -6.877212e-02 -3.345709e+00 -9.764100e-01 -6.812187e-03 2.158175e-01 6.047402e+01
2.163424e-01 7.384194e-02 9.735211e-01 6.337467e+01 -2.155618e-02 9.972539e-01 -7.085172e-02 -3.385801e+00 -9.760795e-01 -5.657158e-03 2.173401e-01 6.062840e+01
2.179860e-01 7.375602e-02 9.731609e-01 6.404377e+01 -2.418856e-02 9.972422e-01 -7.016296e-02 -3.429044e+00 -9.756521e-01 -8.244822e-03 2.191689e-01 6.078686e+01
2.184225e-01 7.096001e-02 9.732709e-01 6.470866e+01 -2.442244e-02 9.974378e-01 -6.724108e-02 -3.472460e+00 -9.755486e-01 -9.082688e-03 2.195959e-01 6.094356e+01
2.190228e-01 6.841801e-02 9.733180e-01 6.536453e+01 -2.427071e-02 9.976119e-01 -6.466415e-02 -3.516700e+00 -9.754178e-01 -9.460200e-03 2.201603e-01 6.109546e+01
2.190372e-01 6.694628e-02 9.734171e-01 6.601163e+01 -2.323150e-02 9.977184e-01 -6.339006e-02 -3.558926e+00 -9.754399e-01 -8.729158e-03 2.200927e-01 6.123777e+01
2.174020e-01 6.625025e-02 9.738312e-01 6.664719e+01 -2.361547e-02 9.977589e-01 -6.260605e-02 -3.597481e+00 -9.757964e-01 -9.386800e-03 2.184793e-01 6.138551e+01
2.156990e-01 6.710529e-02 9.741513e-01 6.726812e+01 -2.521539e-02 9.976859e-01 -6.314323e-02 -3.636203e+00 -9.761343e-01 -1.094367e-02 2.168919e-01 6.152831e+01
2.135622e-01 6.975640e-02 9.744359e-01 6.788201e+01 -2.639894e-02 9.974953e-01 -6.562143e-02 -3.678407e+00 -9.765727e-01 -1.170982e-02 2.148688e-01 6.166533e+01
2.115390e-01 7.320119e-02 9.746245e-01 6.848072e+01 -2.470921e-02 9.972732e-01 -6.953921e-02 -3.722111e+00 -9.770572e-01 -9.371949e-03 2.127709e-01 6.179640e+01
2.100350e-01 7.393463e-02 9.748943e-01 6.907589e+01 -2.185729e-02 9.972425e-01 -7.092046e-02 -3.756948e+00 -9.774495e-01 -6.412765e-03 2.110718e-01 6.192023e+01
2.078174e-01 7.260404e-02 9.754694e-01 6.966398e+01 -2.249941e-02 9.973325e-01 -6.943796e-02 -3.793477e+00 -9.779088e-01 -7.517068e-03 2.088966e-01 6.204774e+01
2.052126e-01 6.949202e-02 9.762472e-01 7.023990e+01 -2.286029e-02 9.975443e-01 -6.620265e-02 -3.832914e+00 -9.784504e-01 -8.731675e-03 2.062972e-01 6.217406e+01
2.030547e-01 6.537854e-02 9.769823e-01 7.081346e+01 -2.260936e-02 9.978155e-01 -6.207357e-02 -3.875500e+00 -9.789063e-01 -9.484615e-03 2.040893e-01 6.229552e+01
2.010990e-01 6.419320e-02 9.774653e-01 7.137611e+01 -1.954794e-02 9.979147e-01 -6.151448e-02 -3.915400e+00 -9.793759e-01 -6.736935e-03 2.019345e-01 6.240828e+01
1.992340e-01 6.547931e-02 9.777619e-01 7.192631e+01 -1.556354e-02 9.978507e-01 -6.365332e-02 -3.947725e+00 -9.798284e-01 -2.535533e-03 1.998248e-01 6.251644e+01
1.969384e-01 6.737728e-02 9.780979e-01 7.247218e+01 -1.151893e-02 9.977259e-01 -6.641006e-02 -3.980220e+00 -9.803482e-01 1.812045e-03 1.972667e-01 6.262006e+01
1.950644e-01 6.914875e-02 9.783498e-01 7.301967e+01 -1.246058e-02 9.976058e-01 -6.802534e-02 -4.014114e+00 -9.807113e-01 1.078513e-03 1.954590e-01 6.273326e+01
1.941654e-01 7.185960e-02 9.783333e-01 7.356171e+01 -1.231265e-02 9.974133e-01 -7.081741e-02 -4.046754e+00 -9.808915e-01 1.704414e-03 1.945479e-01 6.284078e+01
1.928632e-01 7.034131e-02 9.787011e-01 7.410477e+01 -1.042111e-02 9.975177e-01 -6.964012e-02 -4.079104e+00 -9.811703e-01 3.231859e-03 1.931175e-01 6.294996e+01
1.936648e-01 6.875513e-02 9.786555e-01 7.465498e+01 -4.412237e-03 9.975922e-01 -6.921238e-02 -4.109714e+00 -9.810578e-01 9.085945e-03 1.935019e-01 6.305095e+01
1.958467e-01 6.709950e-02 9.783362e-01 7.521239e+01 2.575493e-04 9.976527e-01 -6.847588e-02 -4.135953e+00 -9.806345e-01 1.366274e-02 1.953697e-01 6.315461e+01
1.980424e-01 6.687521e-02 9.779095e-01 7.576116e+01 2.780899e-03 9.976275e-01 -6.878682e-02 -4.164619e+00 -9.801895e-01 1.634217e-02 1.973865e-01 6.326251e+01
2.012074e-01 6.703712e-02 9.772521e-01 7.631605e+01 -2.484712e-04 9.976589e-01 -6.838583e-02 -4.195950e+00 -9.795486e-01 1.351691e-02 2.007530e-01 6.338875e+01
2.068524e-01 6.738589e-02 9.760488e-01 7.686909e+01 -1.185859e-03 9.976418e-01 -6.862534e-02 -4.233660e+00 -9.783714e-01 1.303786e-02 2.064445e-01 6.351190e+01
2.132850e-01 6.599104e-02 9.747588e-01 7.743036e+01 3.357148e-04 9.977112e-01 -6.761837e-02 -4.267906e+00 -9.769900e-01 1.474923e-02 2.127747e-01 6.364004e+01
2.209169e-01 6.621771e-02 9.730421e-01 7.799737e+01 -1.286701e-03 9.977114e-01 -6.760439e-02 -4.297632e+00 -9.752918e-01 1.368294e-02 2.204965e-01 6.377665e+01
2.295981e-01 6.387515e-02 9.711872e-01 7.856729e+01 -3.180835e-04 9.978490e-01 -6.555350e-02 -4.327020e+00 -9.732855e-01 1.474204e-02 2.291246e-01 6.391798e+01
2.385466e-01 6.373025e-02 9.690376e-01 7.914839e+01 -3.632715e-03 9.978959e-01 -6.473390e-02 -4.360589e+00 -9.711243e-01 1.192182e-02 2.382762e-01 6.407281e+01
2.481806e-01 6.347635e-02 9.666319e-01 7.973282e+01 -4.442460e-03 9.979149e-01 -6.439004e-02 -4.394032e+00 -9.687036e-01 1.168613e-02 2.479451e-01 6.423103e+01
2.580174e-01 6.708888e-02 9.638081e-01 8.031979e+01 -9.252469e-03 9.977120e-01 -6.697191e-02 -4.428026e+00 -9.660960e-01 8.362311e-03 2.580477e-01 6.440286e+01
2.673042e-01 6.905589e-02 9.611346e-01 8.091676e+01 -1.229108e-02 9.975921e-01 -6.825699e-02 -4.462412e+00 -9.635338e-01 6.431999e-03 2.675093e-01 6.458663e+01
2.783874e-01 7.162131e-02 9.577948e-01 8.152525e+01 -1.594656e-02 9.974231e-01 -6.994966e-02 -4.498561e+00 -9.603365e-01 4.199573e-03 2.788121e-01 6.477316e+01
2.886879e-01 7.303886e-02 9.546332e-01 8.214079e+01 -1.695600e-02 9.973196e-01 -7.117717e-02 -4.536546e+00 -9.572731e-01 4.361230e-03 2.891525e-01 6.496728e+01
2.987085e-01 7.375526e-02 9.514901e-01 8.276101e+01 -1.999984e-02 9.972740e-01 -7.102552e-02 -4.573910e+00 -9.541348e-01 2.186275e-03 2.993693e-01 6.517259e+01
3.091282e-01 7.406849e-02 9.481316e-01 8.339326e+01 -2.083100e-02 9.972507e-01 -7.111396e-02 -4.611169e+00 -9.507922e-01 2.232807e-03 3.098213e-01 6.538984e+01
3.192455e-01 7.489924e-02 9.447076e-01 8.403865e+01 -2.506622e-02 9.971905e-01 -7.058959e-02 -4.646845e+00 -9.473405e-01 -1.144842e-03 3.202260e-01 6.562136e+01
3.293967e-01 6.962864e-02 9.416208e-01 8.469320e+01 -2.423776e-02 9.975721e-01 -6.528717e-02 -4.684115e+00 -9.438805e-01 -1.317395e-03 3.302846e-01 6.586270e+01
3.399988e-01 6.233340e-02 9.383578e-01 8.535475e+01 -2.002717e-02 9.980546e-01 -5.904243e-02 -4.715863e+00 -9.402126e-01 1.281701e-03 3.405857e-01 6.610687e+01
3.507318e-01 5.812717e-02 9.346702e-01 8.602425e+01 -1.875925e-02 9.983076e-01 -5.504543e-02 -4.748875e+00 -9.362881e-01 1.772469e-03 3.512286e-01 6.636725e+01
3.610037e-01 5.491597e-02 9.309460e-01 8.670969e+01 -1.935845e-02 9.984908e-01 -5.139355e-02 -4.777614e+00 -9.323634e-01 5.315925e-04 3.615220e-01 6.664576e+01
3.704445e-01 5.262489e-02 9.273626e-01 8.739749e+01 -1.293634e-02 9.985892e-01 -5.149922e-02 -4.800164e+00 -9.287645e-01 7.080927e-03 3.706027e-01 6.691903e+01
3.789375e-01 4.696618e-02 9.242297e-01 8.810763e+01 -6.167627e-03 9.988173e-01 -4.822772e-02 -4.824881e+00 -9.254017e-01 1.257499e-02 3.787790e-01 6.720620e+01
3.859315e-01 3.740355e-02 9.217689e-01 8.882154e+01 3.224234e-03 9.991169e-01 -4.189212e-02 -4.848303e+00 -9.225218e-01 1.913949e-02 3.854701e-01 6.749592e+01
3.928356e-01 3.279055e-02 9.190239e-01 8.953935e+01 8.373683e-03 9.991951e-01 -3.923036e-02 -4.875773e+00 -9.195706e-01 2.310670e-02 3.922449e-01 6.779948e+01
4.004762e-01 3.268382e-02 9.157241e-01 9.024598e+01 1.059262e-02 9.991317e-01 -4.029329e-02 -4.907244e+00 -9.162459e-01 2.583642e-02 3.997823e-01 6.810478e+01
4.076907e-01 3.898876e-02 9.122873e-01 9.095609e+01 1.286512e-02 9.987436e-01 -4.843295e-02 -4.934406e+00 -9.130294e-01 3.148235e-02 4.066769e-01 6.842394e+01
4.150250e-01 4.267160e-02 9.088088e-01 9.166657e+01 1.722453e-02 9.983520e-01 -5.474187e-02 -4.964831e+00 -9.096469e-01 3.837305e-02 4.136061e-01 6.874145e+01
4.202906e-01 4.532342e-02 9.062569e-01 9.236598e+01 1.514373e-02 9.982623e-01 -5.694790e-02 -4.991235e+00 -9.072632e-01 3.765878e-02 4.188739e-01 6.907274e+01
4.247307e-01 4.766818e-02 9.040639e-01 9.306391e+01 7.725484e-03 9.983856e-01 -5.627088e-02 -5.025303e+00 -9.052868e-01 3.088430e-02 4.236768e-01 6.941764e+01
4.287980e-01 5.133072e-02 9.019409e-01 9.375473e+01 1.662259e-03 9.983379e-01 -5.760708e-02 -5.066688e+00 -9.033988e-01 2.620106e-02 4.280000e-01 6.976495e+01
4.328015e-01 5.455944e-02 8.998367e-01 9.443777e+01 1.058080e-03 9.981355e-01 -6.102846e-02 -5.105035e+00 -9.014886e-01 2.736531e-02 4.319368e-01 7.009828e+01
4.369632e-01 5.816300e-02 8.975969e-01 9.510813e+01 -1.936787e-03 9.979657e-01 -6.372390e-02 -5.156730e+00 -8.994773e-01 2.610655e-02 4.361870e-01 7.043204e+01
4.405493e-01 6.142530e-02 8.956245e-01 9.576963e+01 -5.273393e-03 9.978163e-01 -6.584006e-02 -5.195730e+00 -8.977129e-01 2.428282e-02 4.399112e-01 7.076585e+01
4.446683e-01 5.953400e-02 8.937146e-01 9.642760e+01 -6.038864e-03 9.979652e-01 -6.347392e-02 -5.243670e+00 -8.956750e-01 2.282782e-02 4.441230e-01 7.109806e+01
4.487114e-01 5.605728e-02 8.919169e-01 9.708489e+01 -5.190912e-03 9.981774e-01 -6.012432e-02 -5.291008e+00 -8.936617e-01 2.234860e-02 4.481845e-01 7.142974e+01
4.522480e-01 5.315256e-02 8.903070e-01 9.772600e+01 -5.585758e-03 9.983718e-01 -5.676679e-02 -5.334653e+00 -8.918747e-01 2.069963e-02 4.518086e-01 7.176057e+01
4.558896e-01 5.186918e-02 8.885237e-01 9.834696e+01 -6.449432e-03 9.984667e-01 -5.497819e-02 -5.378068e+00 -8.900130e-01 1.933351e-02 4.555251e-01 7.208627e+01
4.592137e-01 5.315818e-02 8.867339e-01 9.896019e+01 -7.968721e-03 9.984143e-01 -5.572646e-02 -5.421071e+00 -8.882901e-01 1.852422e-02 4.589091e-01 7.242020e+01
4.621340e-01 5.332855e-02 8.852052e-01 9.956338e+01 -6.458923e-03 9.983662e-01 -5.677388e-02 -5.455739e+00 -8.867866e-01 2.051967e-02 4.617234e-01 7.273690e+01
4.641764e-01 5.163595e-02 8.842364e-01 1.001628e+02 -4.627232e-03 9.984270e-01 -5.587519e-02 -5.489001e+00 -8.857307e-01 2.184438e-02 4.636852e-01 7.305223e+01
4.659440e-01 5.008304e-02 8.833956e-01 1.007528e+02 -2.356770e-03 9.984635e-01 -5.536360e-02 -5.526711e+00 -8.848111e-01 2.371438e-02 4.653461e-01 7.336255e+01
4.679138e-01 4.986741e-02 8.823661e-01 1.013352e+02 -3.634651e-03 9.985070e-01 -5.450374e-02 -5.564031e+00 -8.837666e-01 2.229596e-02 4.673964e-01 7.367657e+01
4.697542e-01 4.914028e-02 8.814285e-01 1.019087e+02 -2.247726e-03 9.985129e-01 -5.446991e-02 -5.597828e+00 -8.827944e-01 2.360626e-02 4.691661e-01 7.398580e+01
4.724912e-01 5.087122e-02 8.798660e-01 1.024637e+02 -2.319650e-03 9.984011e-01 -5.647890e-02 -5.626343e+00 -8.813323e-01 2.464480e-02 4.718537e-01 7.428661e+01
4.753364e-01 5.051587e-02 8.783527e-01 1.030170e+02 8.820439e-04 9.983224e-01 -5.789291e-02 -5.660232e+00 -8.798037e-01 2.829335e-02 4.744944e-01 7.458163e+01
4.780041e-01 4.991555e-02 8.769381e-01 1.035612e+02 1.929689e-03 9.983219e-01 -5.787659e-02 -5.697178e+00 -8.783555e-01 2.935746e-02 4.771056e-01 7.488487e+01
4.811499e-01 4.798138e-02 8.753242e-01 1.040992e+02 5.029797e-03 9.983335e-01 -5.748899e-02 -5.729605e+00 -8.766239e-01 3.206353e-02 4.801068e-01 7.518104e+01
4.845929e-01 4.703560e-02 8.734743e-01 1.046300e+02 6.575135e-03 9.983292e-01 -5.740670e-02 -5.757904e+00 -8.747151e-01 3.356209e-02 4.834739e-01 7.547412e+01
4.877630e-01 4.630217e-02 8.717473e-01 1.051478e+02 8.099377e-03 9.983094e-01 -5.755621e-02 -5.788589e+00 -8.729385e-01 3.513440e-02 4.865634e-01 7.576829e+01
