1.000000e+00 0.000000e+00 0.000000e+00 0.000000e+00 0.000000e+00 1.000000e+00 0.000000e+00 0.000000e+00 0.000000e+00 0.000000e+00 1.000000e+00 0.000000e+00
9.999997e-01 -7.736862e-04 4.169804e-05 -1.211442e-02 7.736149e-04 9.999983e-01 1.684144e-03 -3.145802e-02 -4.300096e-05 -1.684111e-03 9.999986e-01 1.336964e+00
9.999970e-01 -2.431564e-03 -1.991089e-04 -2.213167e-02 2.431919e-03 9.999954e-01 1.803349e-03 -4.349533e-02 1.947230e-04 -1.803828e-03 9.999984e-01 2.669897e+00
9.999906e-01 -4.296198e-03 -5.051130e-04 -1.101949e-02 4.296486e-03 9.999906e-01 5.695018e-04 -5.445814e-02 5.026616e-04 -5.716667e-04 9.999997e-01 4.028333e+00
9.999892e-01 -4.645707e-03 -3.226171e-04 -1.764660e-02 4.645926e-03 9.999890e-01 6.833986e-04 -7.893092e-02 3.194387e-04 -6.848901e-04 9.999997e-01 5.343522e+00
9.999855e-01 -5.359333e-03 -4.257832e-04 -1.274172e-02 5.359866e-03 9.999848e-01 1.260844e-03 -9.216314e-02 4.190194e-04 -1.263108e-03 9.999991e-01 6.733367e+00
9.999723e-01 -7.429828e-03 -3.581826e-04 -2.258610e-02 7.430814e-03 9.999684e-01 2.837138e-03 -1.236510e-01 3.370918e-04 -2.839721e-03 9.999959e-01 8.065862e+00
9.999729e-01 -7.351585e-03 -3.885634e-04 -3.661662e-02 7.352812e-03 9.999677e-01 3.257361e-03 -1.401142e-01 3.646041e-04 -3.260130e-03 9.999946e-01 9.402859e+00
9.999776e-01 -6.683366e-03 -4.503922e-04 -5.235410e-02 6.684118e-03 9.999762e-01 1.688922e-03 -1.651175e-01 4.390938e-04 -1.691895e-03 9.999985e-01 1.075073e+01
9.999904e-01 -4.340266e-03 -5.508924e-04 -5.792569e-02 4.340063e-03 9.999905e-01 -3.699985e-04 -1.948639e-01 5.524930e-04 3.676040e-04 9.999998e-01 1.211935e+01
9.999994e-01 -1.076877e-03 -2.580447e-04 -7.375703e-02 1.076514e-03 9.999984e-01 -1.402607e-03 -2.132382e-01 2.595547e-04 1.402328e-03 9.999990e-01 1.346636e+01
9.999998e-01 6.332521e-04 -7.186348e-05 -8.814709e-02 -6.333545e-04 9.999988e-01 -1.434384e-03 -2.427452e-01 7.095507e-05 1.434429e-03 9.999990e-01 1.483458e+01
9.999984e-01 1.788552e-03 -4.777971e-05 -9.560685e-02 -1.788580e-03 9.999982e-01 -6.035882e-04 -2.680690e-01 4.670008e-05 6.036727e-04 9.999998e-01 1.619905e+01
9.999995e-01 -9.805526e-04 -9.120720e-05 -8.567151e-02 9.807499e-04 9.999971e-01 2.188442e-03 -2.877816e-01 8.906106e-05 -2.188530e-03 9.999976e-01 1.759255e+01
9.999896e-01 -4.558159e-03 5.793228e-05 -8.974150e-02 4.557918e-03 9.999830e-01 3.643222e-03 -3.004745e-01 -7.453768e-05 -3.642920e-03 9.999934e-01 1.894963e+01
9.999739e-01 -7.228309e-03 -1.290560e-04 -9.501221e-02 7.228485e-03 9.999729e-01 1.417481e-03 -3.216873e-01 1.188065e-04 -1.418377e-03 9.999990e-01 2.030069e+01
9.999615e-01 -8.772697e-03 -3.679614e-04 -1.000907e-01 8.772611e-03 9.999615e-01 -2.355252e-04 -3.472774e-01 3.700135e-04 2.322882e-04 9.999999e-01 2.166516e+01
9.999767e-01 -6.822446e-03 1.781371e-04 -1.116624e-01 6.822733e-03 9.999753e-01 -1.664941e-03 -3.767407e-01 -1.667738e-04 1.666118e-03 9.999986e-01 2.303907e+01
9.999906e-01 -4.233244e-03 9.370841e-04 -1.243008e-01 4.233132e-03 9.999910e-01 1.215214e-04 -3.857918e-01 -9.375901e-04 -1.175534e-04 9.999996e-01 2.440677e+01
9.999894e-01 -4.480350e-03 1.030369e-03 -1.247847e-01 4.476366e-03 9.999826e-01 3.837402e-03 -4.099902e-01 -1.047544e-03 -3.832750e-03 9.999921e-01 2.579742e+01
9.999703e-01 -7.561527e-03 1.510018e-03 -1.242393e-01 7.552005e-03 9.999522e-01 6.215150e-03 -4.299501e-01 -1.556942e-03 -6.203562e-03 9.999795e-01 2.717028e+01
9.999270e-01 -1.204502e-02 9.481322e-04 -1.165428e-01 1.204042e-02 9.999164e-01 4.716805e-03 -4.518952e-01 -1.004867e-03 -4.705045e-03 9.999884e-01 2.854284e+01
9.999165e-01 -1.289389e-02 9.100757e-04 -1.208429e-01 1.289166e-02 9.999140e-01 2.415220e-03 -4.680757e-01 -9.411390e-04 -2.403286e-03 9.999967e-01 2.992423e+01
9.999106e-01 -1.327934e-02 1.562616e-03 -1.120647e-01 1.327983e-02 9.999118e-01 -3.041394e-04 -4.799592e-01 -1.558440e-03 3.248635e-04 9.999987e-01 3.135896e+01
9.999495e-01 -9.829599e-03 2.099799e-03 -1.142323e-01 9.832415e-03 9.999508e-01 -1.334929e-03 -5.007250e-01 -2.086574e-03 1.355507e-03 9.999969e-01 3.274694e+01
9.999559e-01 -9.058712e-03 2.491573e-03 -1.226989e-01 9.067475e-03 9.999527e-01 -3.528800e-03 -5.253265e-01 -2.459489e-03 3.551237e-03 9.999907e-01 3.414056e+01
9.999670e-01 -7.687710e-03 2.615606e-03 -1.302544e-01 7.696114e-03 9.999652e-01 -3.218507e-03 -5.404519e-01 -2.590772e-03 3.238531e-03 9.999914e-01 3.555171e+01
9.999654e-01 -7.915215e-03 2.562300e-03 -1.296704e-01 7.920016e-03 9.999669e-01 -1.869171e-03 -5.699979e-01 -2.547420e-03 1.889400e-03 9.999950e-01 3.697573e+01
9.999746e-01 -6.784010e-03 2.201883e-03 -1.345426e-01 6.785472e-03 9.999768e-01 -6.574023e-04 -5.930820e-01 -2.197372e-03 6.723264e-04 9.999974e-01 3.837603e+01
9.999922e-01 -3.283948e-03 2.211140e-03 -1.336952e-01 3.285343e-03 9.999944e-01 -6.276464e-04 -6.052872e-01 -2.209067e-03 6.349058e-04 9.999974e-01 3.982341e+01
9.999958e-01 -1.444921e-03 2.520722e-03 -1.433619e-01 1.447590e-03 9.999984e-01 -1.057442e-03 -6.291269e-01 -2.519190e-03 1.061087e-03 9.999963e-01 4.121956e+01
9.999959e-01 1.317887e-03 2.538054e-03 -1.544992e-01 -1.316569e-03 9.999990e-01 -5.206727e-04 -6.529792e-01 -2.538738e-03 5.173291e-04 9.999966e-01 4.262109e+01
9.999950e-01 2.173437e-03 2.317066e-03 -1.644478e-01 -2.172669e-03 9.999976e-01 -3.338389e-04 -6.774465e-01 -2.317786e-03 3.288030e-04 9.999973e-01 4.402794e+01
9.999972e-01 1.389554e-03 1.939657e-03 -1.596301e-01 -1.388449e-03 9.999989e-01 -5.712003e-04 -6.960377e-01 -1.940448e-03 5.685055e-04 9.999980e-01 4.545998e+01
9.999996e-01 2.349528e-04 8.539983e-04 -1.598490e-01 -2.341592e-04 9.999995e-01 -9.293166e-04 -7.216115e-01 -8.542163e-04 9.291162e-04 9.999992e-01 4.688247e+01
9.999998e-01 -5.126598e-04 -2.032640e-04 -1.649887e-01 5.124745e-04 9.999995e-01 -9.106822e-04 -7.396178e-01 2.037308e-04 9.105778e-04 9.999996e-01 4.829077e+01
9.999990e-01 4.349680e-05 -1.443979e-03 -1.649597e-01 -4.305024e-05 1.000000e+00 3.092877e-04 -7.547413e-01 1.443992e-03 -3.092252e-04 9.999989e-01 4.975198e+01
9.999972e-01 1.401761e-04 -2.372785e-03 -1.786256e-01 -1.399468e-04 1.000000e+00 9.677415e-05 -7.816054e-01 2.372798e-03 -9.644181e-05 9.999972e-01 5.117895e+01
9.999928e-01 -3.047480e-04 -3.776852e-03 -1.898513e-01 3.090491e-04 9.999993e-01 1.138258e-03 -8.108726e-01 3.776502e-03 -1.139417e-03 9.999922e-01 5.259767e+01
9.999868e-01 -7.652509e-04 -5.081220e-03 -1.994659e-01 7.776603e-04 9.999967e-01 2.440688e-03 -8.422278e-01 5.079335e-03 -2.444608e-03 9.999841e-01 5.406121e+01
9.999805e-01 -2.444675e-03 -5.753129e-03 -2.118722e-01 2.463625e-03 9.999916e-01 3.289053e-03 -8.641921e-01 5.745039e-03 -3.303162e-03 9.999780e-01 5.552865e+01
9.999746e-01 -4.123194e-03 -5.816645e-03 -2.275436e-01 4.143589e-03 9.999853e-01 3.498639e-03 -8.878512e-01 5.802134e-03 -3.522652e-03 9.999770e-01 5.697416e+01
9.999583e-01 -6.744994e-03 -6.152994e-03 -2.445157e-01 6.761335e-03 9.999737e-01 2.638796e-03 -9.017217e-01 6.135033e-03 -2.680288e-03 9.999776e-01 5.839777e+01
9.999469e-01 -8.129258e-03 -6.335386e-03 -2.530083e-01 8.147057e-03 9.999629e-01 2.788854e-03 -9.219514e-01 6.312480e-03 -2.840320e-03 9.999760e-01 5.984787e+01
9.999340e-01 -9.774072e-03 -6.042407e-03 -2.666940e-01 9.794985e-03 9.999461e-01 3.441179e-03 -9.438093e-01 6.008447e-03 -3.500137e-03 9.999758e-01 6.127915e+01
9.999287e-01 -1.053589e-02 -5.613882e-03 -2.780386e-01 1.055872e-02 9.999360e-01 4.053126e-03 -9.658791e-01 5.570820e-03 -4.112112e-03 9.999760e-01 6.271887e+01
9.999075e-01 -1.246975e-02 -5.427844e-03 -2.787618e-01 1.248928e-02 9.999156e-01 3.579065e-03 -9.881536e-01 5.382755e-03 -3.646524e-03 9.999789e-01 6.420109e+01
9.998796e-01 -1.457097e-02 -5.337079e-03 -2.830132e-01 1.458753e-02 9.998889e-01 3.077275e-03 -1.020773e+00 5.291647e-03 -3.154760e-03 9.999810e-01 6.564977e+01
9.998977e-01 -1.348831e-02 -4.757987e-03 -2.958223e-01 1.350130e-02 9.999052e-01 2.707933e-03 -1.039789e+00 4.721011e-03 -2.771895e-03 9.999850e-01 6.706707e+01
9.999269e-01 -1.143493e-02 -3.918249e-03 -3.072631e-01 1.144353e-02 9.999321e-01 2.179132e-03 -1.059067e+00 3.893065e-03 -2.223811e-03 9.999899e-01 6.849203e+01
9.999676e-01 -7.297217e-03 -3.403461e-03 -3.231325e-01 7.308878e-03 9.999674e-01 3.426567e-03 -1.082308e+00 3.378345e-03 -3.451332e-03 9.999883e-01 6.989636e+01
9.999874e-01 -4.352856e-03 -2.506224e-03 -3.433000e-01 4.364857e-03 9.999789e-01 4.803451e-03 -1.100524e+00 2.485263e-03 -4.814330e-03 9.999853e-01 7.132418e+01
9.999982e-01 1.156911e-05 -1.909270e-03 -3.552223e-01 -1.609604e-06 9.999864e-01 5.216312e-03 -1.119920e+00 1.909305e-03 -5.216299e-03 9.999846e-01 7.274674e+01
9.999909e-01 4.090123e-03 -1.186083e-03 -3.749963e-01 -4.083984e-03 9.999785e-01 5.132145e-03 -1.142177e+00 1.207049e-03 -5.127255e-03 9.999861e-01 7.416113e+01
9.999711e-01 7.593523e-03 -4.579913e-04 -3.945487e-01 -7.591315e-03 9.999604e-01 4.644998e-03 -1.158262e+00 4.932450e-04 -4.641387e-03 9.999891e-01 7.555927e+01
9.999621e-01 8.703256e-03 -2.765318e-05 -3.992265e-01 -8.703010e-03 9.999497e-01 4.986919e-03 -1.183395e+00 7.105422e-05 -4.986489e-03 9.999876e-01 7.697898e+01
9.999637e-01 8.508647e-03 4.109388e-04 -4.107040e-01 -8.510879e-03 9.999471e-01 5.775057e-03 -1.214293e+00 -3.617791e-04 -5.778345e-03 9.999832e-01 7.839280e+01
9.999688e-01 7.889277e-03 4.973747e-04 -4.212949e-01 -7.891842e-03 9.999544e-01 5.384702e-03 -1.236581e+00 -4.548706e-04 -5.388459e-03 9.999854e-01 7.978404e+01
9.999707e-01 7.649128e-03 2.323321e-04 -4.237411e-01 -7.650000e-03 9.999627e-01 4.021436e-03 -1.249689e+00 -2.015630e-04 -4.023095e-03 9.999919e-01 8.123044e+01
9.999771e-01 6.758724e-03 -3.572285e-04 -4.198717e-01 -6.757388e-03 9.999706e-01 3.619006e-03 -1.257192e+00 3.816778e-04 -3.616509e-03 9.999934e-01 8.265804e+01
9.999769e-01 6.726546e-03 -9.574326e-04 -4.225749e-01 -6.722879e-03 9.999702e-01 3.783267e-03 -1.283666e+00 9.828525e-04 -3.776743e-03 9.999924e-01 8.406772e+01
9.999756e-01 6.819297e-03 -1.504860e-03 -4.299636e-01 -6.814524e-03 9.999718e-01 3.154163e-03 -1.302433e+00 1.526327e-03 -3.143832e-03 9.999939e-01 8.547297e+01
9.999777e-01 6.331802e-03 -2.101801e-03 -4.527146e-01 -6.324915e-03 9.999747e-01 3.267323e-03 -1.316651e+00 2.122435e-03 -3.253956e-03 9.999925e-01 8.687422e+01
9.999760e-01 6.302856e-03 -2.877906e-03 -4.859763e-01 -6.290456e-03 9.999710e-01 4.297695e-03 -1.345850e+00 2.904911e-03 -4.279489e-03 9.999866e-01 8.828981e+01
9.999854e-01 3.897625e-03 -3.747778e-03 -4.991621e-01 -3.878855e-03 9.999800e-01 5.002455e-03 -1.363200e+00 3.767201e-03 -4.987845e-03 9.999805e-01 8.967509e+01
9.999851e-01 5.779642e-04 -5.421316e-03 -5.052114e-01 -5.468006e-04 9.999833e-01 5.748083e-03 -1.388371e+00 5.424547e-03 -5.745033e-03 9.999688e-01 9.103751e+01
9.999804e-01 -1.418541e-03 -6.093555e-03 -5.199306e-01 1.451375e-03 9.999844e-01 5.387281e-03 -1.404590e+00 6.085819e-03 -5.396019e-03 9.999669e-01 9.242558e+01
9.999697e-01 -3.779558e-03 -6.808006e-03 -5.326828e-01 3.813793e-03 9.999801e-01 5.022694e-03 -1.426062e+00 6.788887e-03 -5.048507e-03 9.999642e-01 9.379623e+01
9.999621e-01 -5.064596e-03 -7.082615e-03 -5.450380e-01 5.096336e-03 9.999770e-01 4.470546e-03 -1.443165e+00 7.059810e-03 -4.506472e-03 9.999649e-01 9.519189e+01
9.999613e-01 -4.652174e-03 -7.465694e-03 -5.511578e-01 4.680212e-03 9.999820e-01 3.742492e-03 -1.463036e+00 7.448149e-03 -3.777288e-03 9.999651e-01 9.658166e+01
9.999563e-01 -5.421936e-03 -7.611049e-03 -5.656350e-01 5.447622e-03 9.999795e-01 3.358243e-03 -1.489581e+00 7.592685e-03 -3.399558e-03 9.999654e-01 9.792843e+01
9.999627e-01 -3.720432e-03 -7.789605e-03 -5.802426e-01 3.736890e-03 9.999908e-01 2.099271e-03 -1.502614e+00 7.781723e-03 -2.128302e-03 9.999675e-01 9.927717e+01
9.999678e-01 -2.844447e-03 -7.508098e-03 -6.015813e-01 2.864474e-03 9.999924e-01 2.658022e-03 -1.530930e+00 7.500480e-03 -2.679443e-03 9.999683e-01 1.006285e+02
9.999721e-01 -1.883303e-03 -7.229688e-03 -6.192998e-01 1.911432e-03 9.999906e-01 3.885839e-03 -1.544512e+00 7.222302e-03 -3.899549e-03 9.999663e-01 1.020074e+02
9.999741e-01 -1.212777e-03 -7.098038e-03 -6.423393e-01 1.247137e-03 9.999875e-01 4.838314e-03 -1.557488e+00 7.092081e-03 -4.847041e-03 9.999631e-01 1.033374e+02
9.999756e-01 -1.348709e-03 -6.853409e-03 -6.607664e-01 1.370942e-03 9.999938e-01 3.240323e-03 -1.575631e+00 6.848996e-03 -3.249639e-03 9.999713e-01 1.046850e+02
9.999751e-01 -1.351346e-03 -6.925090e-03 -6.701042e-01 1.359047e-03 9.999985e-01 1.107398e-03 -1.603142e+00 6.923583e-03 -1.116782e-03 9.999754e-01 1.060275e+02
9.999702e-01 -2.309575e-03 -7.372823e-03 -6.855708e-01 2.308107e-03 9.999973e-01 -2.076093e-04 -1.626124e+00 7.373283e-03 1.905858e-04 9.999728e-01 1.073862e+02
9.999645e-01 -4.312796e-03 -7.235025e-03 -7.014068e-01 4.320580e-03 9.999901e-01 1.060538e-03 -1.647806e+00 7.230379e-03 -1.091760e-03 9.999733e-01 1.087590e+02
9.999449e-01 -7.857780e-03 -6.953919e-03 -7.129287e-01 7.880433e-03 9.999637e-01 3.236195e-03 -1.672103e+00 6.928237e-03 -3.290817e-03 9.999706e-01 1.100963e+02
9.999290e-01 -1.012715e-02 -6.280814e-03 -7.256290e-01 1.015221e-02 9.999406e-01 3.971016e-03 -1.695814e+00 6.240225e-03 -4.034498e-03 9.999724e-01 1.114402e+02
9.999180e-01 -1.157305e-02 -5.486500e-03 -7.319626e-01 1.158801e-02 9.999292e-01 2.703296e-03 -1.721705e+00 5.454826e-03 -2.766652e-03 9.999813e-01 1.127933e+02
9.999435e-01 -9.633745e-03 -4.495748e-03 -7.555609e-01 9.635040e-03 9.999535e-01 2.664417e-04 -1.741927e+00 4.492973e-03 -3.097434e-04 9.999899e-01 1.141118e+02
9.999650e-01 -7.685920e-03 -3.303423e-03 -7.691502e-01 7.679485e-03 9.999686e-01 -1.956247e-03 -1.763713e+00 3.318355e-03 1.930810e-03 9.999926e-01 1.154303e+02
9.999873e-01 -4.589775e-03 -2.059657e-03 -7.898347e-01 4.585411e-03 9.999872e-01 -2.118759e-03 -1.790592e+00 2.069355e-03 2.109288e-03 9.999956e-01 1.167572e+02
9.999935e-01 -3.571984e-03 -5.083628e-04 -8.049559e-01 3.571940e-03 9.999936e-01 -8.636069e-05 -1.818982e+00 5.086680e-04 8.454428e-05 9.999999e-01 1.180799e+02
9.999948e-01 -3.190826e-03 4.644312e-04 -8.119428e-01 3.189932e-03 9.999931e-01 1.914155e-03 -1.839753e+00 -4.705357e-04 -1.912663e-03 9.999981e-01 1.194007e+02
9.999897e-01 -4.421311e-03 1.001475e-03 -8.132750e-01 4.418635e-03 9.999867e-01 2.658926e-03 -1.866199e+00 -1.013218e-03 -2.654474e-03 9.999960e-01 1.207467e+02
9.999923e-01 -3.014621e-03 2.522240e-03 -8.250023e-01 3.009485e-03 9.999934e-01 2.037812e-03 -1.883735e+00 -2.528367e-03 -2.030206e-03 9.999947e-01 1.220959e+02
9.999915e-01 -1.192244e-03 3.952080e-03 -8.337253e-01 1.185220e-03 9.999977e-01 1.779219e-03 -1.910676e+00 -3.954193e-03 -1.774520e-03 9.999906e-01 1.234299e+02
9.999868e-01 1.270262e-03 4.973927e-03 -8.354075e-01 -1.277386e-03 9.999982e-01 1.429346e-03 -1.931502e+00 -4.972102e-03 -1.435681e-03 9.999866e-01 1.247912e+02
9.999787e-01 1.964346e-03 6.226951e-03 -8.433909e-01 -1.966738e-03 9.999980e-01 3.780870e-04 -1.956341e+00 -6.226196e-03 -3.903257e-04 9.999805e-01 1.261112e+02
9.999698e-01 2.988085e-03 7.181158e-03 -8.463218e-01 -2.984924e-03 9.999954e-01 -4.509293e-04 -1.984311e+00 -7.182473e-03 4.294805e-04 9.999741e-01 1.274374e+02
9.999666e-01 1.382419e-03 8.055894e-03 -8.367989e-01 -1.379371e-03 9.999990e-01 -3.839346e-04 -2.009129e+00 -8.056417e-03 3.728097e-04 9.999675e-01 1.288052e+02
9.999591e-01 6.397115e-04 9.018578e-03 -8.366057e-01 -6.460495e-04 9.999995e-01 6.998686e-04 -2.033887e+00 -9.018126e-03 -7.056664e-04 9.999591e-01 1.301349e+02
9.999519e-01 -5.773045e-04 9.787270e-03 -8.286869e-01 5.633935e-04 9.999988e-01 1.424034e-03 -2.052274e+00 -9.788081e-03 -1.418452e-03 9.999511e-01 1.314851e+02
9.999477e-01 -1.210146e-03 1.015432e-02 -8.223516e-01 1.194489e-03 9.999981e-01 1.547837e-03 -2.069871e+00 -1.015617e-02 -1.535626e-03 9.999472e-01 1.328654e+02
9.999426e-01 -3.652686e-03 1.006938e-02 -8.074315e-01 3.634546e-03 9.999917e-01 1.819248e-03 -2.088056e+00 -1.007594e-02 -1.782546e-03 9.999476e-01 1.342463e+02
9.999375e-01 -5.405293e-03 9.787351e-03 -7.976619e-01 5.378054e-03 9.999816e-01 2.807319e-03 -2.118133e+00 -9.802345e-03 -2.754507e-03 9.999482e-01 1.356188e+02
9.999314e-01 -7.247465e-03 9.202882e-03 -7.932993e-01 7.223832e-03 9.999705e-01 2.598616e-03 -2.134215e+00 -9.221444e-03 -2.531958e-03 9.999543e-01 1.369716e+02
9.999333e-01 -8.213767e-03 8.114383e-03 -7.877301e-01 8.193472e-03 9.999632e-01 2.531142e-03 -2.157774e+00 -8.134875e-03 -2.464488e-03 9.999639e-01 1.383038e+02
9.999304e-01 -9.434879e-03 7.084024e-03 -7.784841e-01 9.410214e-03 9.999496e-01 3.507066e-03 -2.178847e+00 -7.116755e-03 -3.440160e-03 9.999688e-01 1.396572e+02
9.999192e-01 -1.121651e-02 5.975044e-03 -7.792088e-01 1.119497e-02 9.999308e-01 3.625118e-03 -2.197120e+00 -6.015291e-03 -3.557935e-03 9.999756e-01 1.410124e+02
9.999136e-01 -1.243035e-02 4.274128e-03 -7.714564e-01 1.241494e-02 9.999164e-01 3.612919e-03 -2.216096e+00 -4.318681e-03 -3.559544e-03 9.999843e-01 1.423668e+02
9.999151e-01 -1.259138e-02 3.359346e-03 -7.817887e-01 1.258149e-02 9.999165e-01 2.951152e-03 -2.237278e+00 -3.396225e-03 -2.908635e-03 9.999900e-01 1.437139e+02
9.999226e-01 -1.218462e-02 2.527615e-03 -7.945171e-01 1.217844e-02 9.999228e-01 2.447515e-03 -2.252098e+00 -2.557242e-03 -2.416543e-03 9.999938e-01 1.450773e+02
9.998881e-01 -1.489408e-02 1.428368e-03 -7.939852e-01 1.489409e-02 9.998891e-01 7.184965e-06 -2.279829e+00 -1.428316e-03 1.409007e-05 9.999990e-01 1.464222e+02
9.997964e-01 -2.017730e-02 2.676293e-04 -7.880746e-01 2.017744e-02 9.997963e-01 -5.303364e-04 -2.299219e+00 -2.568740e-04 5.356285e-04 9.999998e-01 1.477920e+02
9.996131e-01 -2.780736e-02 -5.823947e-04 -7.832926e-01 2.780832e-02 9.996118e-01 1.700439e-03 -2.323728e+00 5.348839e-04 -1.715977e-03 9.999984e-01 1.491469e+02
9.993998e-01 -3.457244e-02 -2.201079e-03 -7.812919e-01 3.457922e-02 9.993971e-01 3.119386e-03 -2.344528e+00 2.091907e-03 -3.193625e-03 9.999927e-01 1.505094e+02
9.992865e-01 -3.766805e-02 -2.749609e-03 -7.931345e-01 3.766788e-02 9.992903e-01 -1.134361e-04 -2.367248e+00 2.751930e-03 9.783186e-06 9.999962e-01 1.518385e+02
9.993083e-01 -3.712039e-02 -2.251340e-03 -8.054822e-01 3.711334e-02 9.993063e-01 -3.095963e-03 -2.393624e+00 2.364702e-03 3.010267e-03 9.999927e-01 1.531769e+02
9.994210e-01 -3.399826e-02 -1.360673e-03 -8.165556e-01 3.399117e-02 9.994099e-01 -4.935449e-03 -2.427364e+00 1.527667e-03 4.886340e-03 9.999869e-01 1.545267e+02
9.993962e-01 -3.473504e-02 -8.632496e-04 -8.220435e-01 3.473045e-02 9.993849e-01 -4.854207e-03 -2.456703e+00 1.031330e-03 4.821295e-03 9.999878e-01 1.558827e+02
9.992659e-01 -3.830968e-02 -3.083964e-04 -8.211720e-01 3.830930e-02 9.992653e-01 -1.149572e-03 -2.484796e+00 3.522095e-04 1.136913e-03 9.999993e-01 1.572539e+02
9.990375e-01 -4.386490e-02 -5.107205e-05 -8.135510e-01 4.386492e-02 9.990361e-01 1.642238e-03 -2.510314e+00 -2.101377e-05 -1.642897e-03 9.999987e-01 1.586204e+02
9.988425e-01 -4.809973e-02 -3.870860e-04 -8.031582e-01 4.810061e-02 9.988388e-01 2.732823e-03 -2.529689e+00 2.551885e-04 -2.748279e-03 9.999962e-01 1.599854e+02
9.987401e-01 -5.017698e-02 -6.457611e-04 -7.880939e-01 5.017842e-02 9.987373e-01 2.452966e-03 -2.548964e+00 5.218632e-04 -2.482279e-03 9.999968e-01 1.613629e+02
9.988235e-01 -4.849042e-02 5.404729e-04 -8.002959e-01 4.848820e-02 9.988174e-01 3.552876e-03 -2.580494e+00 -7.121142e-04 -3.522489e-03 9.999935e-01 1.627171e+02
9.990346e-01 -4.388610e-02 1.944661e-03 -8.088496e-01 4.388169e-02 9.990342e-01 2.254749e-03 -2.597613e+00 -2.041735e-03 -2.167238e-03 9.999956e-01 1.640825e+02
9.991463e-01 -4.121568e-02 2.832013e-03 -8.184682e-01 4.121508e-02 9.991503e-01 2.712817e-04 -2.628044e+00 -2.840787e-03 -1.543285e-04 9.999960e-01 1.654379e+02
9.992334e-01 -3.899948e-02 3.423387e-03 -8.205790e-01 3.899953e-02 9.992392e-01 5.210134e-05 -2.659172e+00 -3.422814e-03 8.144908e-05 9.999941e-01 1.668365e+02
9.993083e-01 -3.699232e-02 3.818394e-03 -8.243418e-01 3.698811e-02 9.993150e-01 1.168151e-03 -2.680448e+00 -3.858991e-03 -1.026108e-03 9.999920e-01 1.681861e+02
9.993659e-01 -3.544833e-02 3.337599e-03 -8.192499e-01 3.544514e-02 9.993711e-01 1.009752e-03 -2.709788e+00 -3.371294e-03 -8.908096e-04 9.999939e-01 1.695650e+02
9.994138e-01 -3.411362e-02 2.886072e-03 -8.187902e-01 3.411615e-02 9.994175e-01 -8.341726e-04 -2.736224e+00 -2.855935e-03 9.321453e-04 9.999955e-01 1.709100e+02
9.995317e-01 -3.051983e-02 2.235462e-03 -8.193176e-01 3.052771e-02 9.995275e-01 -3.579125e-03 -2.759630e+00 -2.125171e-03 3.645693e-03 9.999911e-01 1.722860e+02
9.996797e-01 -2.521885e-02 2.124462e-03 -8.292259e-01 2.522858e-02 9.996707e-01 -4.686298e-03 -2.788484e+00 -2.005580e-03 4.738395e-03 9.999868e-01 1.736798e+02
9.997875e-01 -2.049287e-02 2.225049e-03 -8.312455e-01 2.050062e-02 9.997837e-01 -3.515287e-03 -2.816199e+00 -2.152530e-03 3.560155e-03 9.999913e-01 1.750671e+02
9.998336e-01 -1.804869e-02 2.641808e-03 -8.393666e-01 1.805237e-02 9.998361e-01 -1.375294e-03 -2.847160e+00 -2.616553e-03 1.422756e-03 9.999956e-01 1.764569e+02
9.998441e-01 -1.748623e-02 2.470495e-03 -8.412571e-01 1.748386e-02 9.998467e-01 9.764103e-04 -2.872596e+00 -2.487190e-03 -9.330643e-04 9.999965e-01 1.778410e+02
9.997810e-01 -2.085637e-02 1.737265e-03 -8.390373e-01 2.085339e-02 9.997811e-01 1.719674e-03 -2.889997e+00 -1.772750e-03 -1.683070e-03 9.999970e-01 1.792590e+02
9.997311e-01 -2.318731e-02 -7.454464e-05 -8.421145e-01 2.318741e-02 9.997295e-01 1.783286e-03 -2.908626e+00 3.317486e-05 -1.784536e-03 9.999984e-01 1.806453e+02
9.997155e-01 -2.377164e-02 -1.974862e-03 -8.492068e-01 2.376644e-02 9.997141e-01 -2.615431e-03 -2.932155e+00 2.036471e-03 2.567752e-03 9.999946e-01 1.820332e+02
9.997532e-01 -2.195433e-02 -3.393446e-03 -8.594407e-01 2.193018e-02 9.997350e-01 -6.999864e-03 -2.959647e+00 3.546224e-03 6.923718e-03 9.999697e-01 1.834126e+02
9.998456e-01 -1.710734e-02 -4.019127e-03 -8.788649e-01 1.707631e-02 9.998251e-01 -7.631001e-03 -2.993294e+00 4.148970e-03 7.561191e-03 9.999628e-01 1.848118e+02
9.998958e-01 -1.380046e-02 -4.224410e-03 -8.986463e-01 1.377179e-02 9.998824e-01 -6.743544e-03 -3.021947e+00 4.316977e-03 6.684664e-03 9.999683e-01 1.862386e+02
9.999120e-01 -1.255055e-02 -4.290333e-03 -9.109755e-01 1.253613e-02 9.999157e-01 -3.370800e-03 -3.051184e+00 4.332277e-03 3.316719e-03 9.999851e-01 1.876774e+02
9.999190e-01 -1.211005e-02 -3.909212e-03 -9.300389e-01 1.210547e-02 9.999260e-01 -1.191806e-03 -3.086943e+00 3.923356e-03 1.144387e-03 9.999916e-01 1.890609e+02
9.999072e-01 -1.303845e-02 -3.946736e-03 -9.454802e-01 1.303837e-02 9.999150e-01 -4.692040e-05 -3.112502e+00 3.947013e-03 -4.542959e-06 9.999922e-01 1.904897e+02
9.998901e-01 -1.433775e-02 -3.771473e-03 -9.558352e-01 1.434015e-02 9.998970e-01 6.093264e-04 -3.129932e+00 3.762348e-03 -6.633429e-04 9.999927e-01 1.919057e+02
9.998555e-01 -1.660028e-02 -3.661250e-03 -9.599464e-01 1.660287e-02 9.998619e-01 6.764566e-04 -3.142950e+00 3.649516e-03 -7.371461e-04 9.999931e-01 1.933283e+02
9.998155e-01 -1.890214e-02 -3.423359e-03 -9.768735e-01 1.890363e-02 9.998212e-01 4.047768e-04 -3.159536e+00 3.415096e-03 -4.694160e-04 9.999941e-01 1.947229e+02
9.997538e-01 -2.193481e-02 -3.345171e-03 -9.784026e-01 2.194002e-02 9.997581e-01 1.528516e-03 -3.180096e+00 3.310835e-03 -1.601533e-03 9.999932e-01 1.961687e+02
9.996342e-01 -2.685786e-02 -3.168542e-03 -9.756279e-01 2.686773e-02 9.996341e-01 3.116270e-03 -3.198910e+00 3.083686e-03 -3.200262e-03 9.999901e-01 1.976195e+02
9.995539e-01 -2.974251e-02 -2.702667e-03 -9.854147e-01 2.975075e-02 9.995527e-01 3.061430e-03 -3.214451e+00 2.610404e-03 -3.140471e-03 9.999917e-01 1.990780e+02
9.995970e-01 -2.826647e-02 -2.606352e-03 -9.909635e-01 2.826301e-02 9.995996e-01 -1.354808e-03 -3.235805e+00 2.643604e-03 1.280598e-03 9.999957e-01 2.005190e+02
9.997900e-01 -2.039788e-02 -1.993409e-03 -1.006668e+00 2.038465e-02 9.997714e-01 -6.443564e-03 -3.260334e+00 2.124389e-03 6.401576e-03 9.999773e-01 2.019526e+02
9.999363e-01 -1.127071e-02 -6.615943e-04 -1.030158e+00 1.126634e-02 9.999168e-01 -6.274041e-03 -3.292851e+00 7.322522e-04 6.266187e-03 9.999801e-01 2.033862e+02
9.999943e-01 -3.356823e-03 2.179672e-04 -1.051955e+00 3.357407e-03 9.999906e-01 -2.735125e-03 -3.320481e+00 -2.087839e-04 2.735842e-03 9.999962e-01 2.048208e+02
9.999958e-01 -2.754944e-03 9.263913e-04 -1.063250e+00 2.755358e-03 9.999961e-01 -4.456035e-04 -3.344835e+00 -9.251601e-04 4.481541e-04 9.999995e-01 2.062812e+02
9.999896e-01 -4.500238e-03 6.815984e-04 -1.066160e+00 4.500187e-03 9.999899e-01 7.569636e-05 -3.364947e+00 -6.819322e-04 -7.262825e-05 9.999998e-01 2.077448e+02
9.999666e-01 -8.141889e-03 -7.201013e-04 -1.064433e+00 8.141771e-03 9.999668e-01 -1.662619e-04 -3.386163e+00 7.214311e-04 1.603935e-04 9.999997e-01 2.092195e+02
9.999476e-01 -1.003116e-02 -2.062060e-03 -1.055794e+00 1.002943e-02 9.999493e-01 -8.499549e-04 -3.408069e+00 2.070482e-03 8.292290e-04 9.999975e-01 2.106850e+02
9.999489e-01 -9.724416e-03 -2.770467e-03 -1.061482e+00 9.720859e-03 9.999519e-01 -1.294606e-03 -3.430480e+00 2.782923e-03 1.267608e-03 9.999953e-01 2.121562e+02
9.999547e-01 -9.039763e-03 -2.969160e-03 -1.076050e+00 9.035964e-03 9.999583e-01 -1.290452e-03 -3.461298e+00 2.980702e-03 1.263564e-03 9.999948e-01 2.136413e+02
9.999678e-01 -7.377826e-03 -3.161290e-03 -1.089988e+00 7.376330e-03 9.999727e-01 -4.844185e-04 -3.479884e+00 3.164778e-03 4.610841e-04 9.999949e-01 2.151183e+02
9.999605e-01 -8.252293e-03 -3.315301e-03 -1.106101e+00 8.249618e-03 9.999656e-01 -8.200124e-04 -3.509122e+00 3.321954e-03 7.926300e-04 9.999942e-01 2.165928e+02
9.999557e-01 -8.714945e-03 -3.549529e-03 -1.119041e+00 8.708443e-03 9.999604e-01 -1.842955e-03 -3.534665e+00 3.565450e-03 1.811963e-03 9.999920e-01 2.180785e+02
9.999459e-01 -9.622638e-03 -3.961595e-03 -1.129600e+00 9.615390e-03 9.999521e-01 -1.844591e-03 -3.561661e+00 3.979155e-03 1.806399e-03 9.999905e-01 2.195461e+02
9.999437e-01 -9.608110e-03 -4.514067e-03 -1.139208e+00 9.599490e-03 9.999521e-01 -1.927438e-03 -3.585835e+00 4.532370e-03 1.883996e-03 9.999880e-01 2.210536e+02
9.999397e-01 -9.847212e-03 -4.862404e-03 -1.147720e+00 9.837457e-03 9.999496e-01 -2.026157e-03 -3.614195e+00 4.882110e-03 1.978201e-03 9.999861e-01 2.225452e+02
9.999366e-01 -9.914007e-03 -5.346703e-03 -1.157429e+00 9.902588e-03 9.999486e-01 -2.157844e-03 -3.642453e+00 5.367822e-03 2.104761e-03 9.999834e-01 2.240302e+02
9.999379e-01 -9.312605e-03 -6.119122e-03 -1.171433e+00 9.297364e-03 9.999536e-01 -2.514483e-03 -3.672505e+00 6.142254e-03 2.457435e-03 9.999781e-01 2.255175e+02
9.999285e-01 -9.976002e-03 -6.596411e-03 -1.182168e+00 9.958199e-03 9.999467e-01 -2.726182e-03 -3.693608e+00 6.623256e-03 2.660299e-03 9.999745e-01 2.270169e+02
9.999244e-01 -1.022921e-02 -6.824262e-03 -1.203555e+00 1.021476e-02 9.999455e-01 -2.148642e-03 -3.731382e+00 6.845870e-03 2.078771e-03 9.999744e-01 2.285298e+02
9.999164e-01 -1.096501e-02 -6.855585e-03 -1.220330e+00 1.094858e-02 9.999371e-01 -2.430544e-03 -3.752107e+00 6.881804e-03 2.355282e-03 9.999735e-01 2.300633e+02
9.998838e-01 -1.339930e-02 -7.272509e-03 -1.230811e+00 1.338064e-02 9.999071e-01 -2.609195e-03 -3.780049e+00 7.306795e-03 2.511581e-03 9.999702e-01 2.315768e+02
9.998634e-01 -1.480563e-02 -7.350397e-03 -1.246781e+00 1.478763e-02 9.998875e-01 -2.498176e-03 -3.802176e+00 7.386557e-03 2.389139e-03 9.999699e-01 2.330963e+02
9.998468e-01 -1.601799e-02 -7.057504e-03 -1.273704e+00 1.600706e-02 9.998706e-01 -1.602464e-03 -3.834187e+00 7.082259e-03 1.489249e-03 9.999738e-01 2.346010e+02
9.998502e-01 -1.579089e-02 -7.080128e-03 -1.287540e+00 1.578290e-02 9.998747e-01 -1.182758e-03 -3.860516e+00 7.097918e-03 1.070836e-03 9.999742e-01 2.361241e+02
9.998452e-01 -1.610958e-02 -7.079561e-03 -1.303566e+00 1.609955e-02 9.998693e-01 -1.471701e-03 -3.891932e+00 7.102344e-03 1.357496e-03 9.999739e-01 2.376442e+02
9.998571e-01 -1.553903e-02 -6.657079e-03 -1.321739e+00 1.552493e-02 9.998771e-01 -2.165267e-03 -3.916996e+00 6.689908e-03 2.061607e-03 9.999755e-01 2.391390e+02
9.998768e-01 -1.438413e-02 -6.284245e-03 -1.337973e+00 1.437449e-02 9.998954e-01 -1.576168e-03 -3.943587e+00 6.306260e-03 1.485641e-03 9.999790e-01 2.406444e+02
9.998815e-01 -1.424020e-02 -5.847645e-03 -1.348357e+00 1.424319e-02 9.998984e-01 4.704881e-04 -3.974495e+00 5.840351e-03 -5.537215e-04 9.999828e-01 2.421688e+02
9.998728e-01 -1.492670e-02 -5.616567e-03 -1.359286e+00 1.493257e-02 9.998880e-01 1.005578e-03 -3.996516e+00 5.600928e-03 -1.089320e-03 9.999837e-01 2.436856e+02
9.998770e-01 -1.489091e-02 -4.929765e-03 -1.376455e+00 1.488881e-02 9.998890e-01 -4.619025e-04 -4.025014e+00 4.936096e-03 3.884473e-04 9.999877e-01 2.452180e+02
9.998648e-01 -1.566218e-02 -5.010016e-03 -1.377001e+00 1.565393e-02 9.998761e-01 -1.682467e-03 -4.053117e+00 5.035746e-03 1.603813e-03 9.999860e-01 2.467528e+02
9.998641e-01 -1.569211e-02 -5.045506e-03 -1.389208e+00 1.569004e-02 9.998768e-01 -4.479815e-04 -4.085050e+00 5.051914e-03 3.687564e-04 9.999872e-01 2.482726e+02
9.998514e-01 -1.630978e-02 -5.590066e-03 -1.399203e+00 1.631392e-02 9.998667e-01 6.969600e-04 -4.109825e+00 5.577954e-03 -7.880523e-04 9.999841e-01 2.498003e+02
9.998546e-01 -1.601420e-02 -5.858951e-03 -1.412995e+00 1.602087e-02 9.998711e-01 1.093274e-03 -4.137004e+00 5.840687e-03 -1.186980e-03 9.999822e-01 2.513397e+02
9.998573e-01 -1.568860e-02 -6.269414e-03 -1.422182e+00 1.569327e-02 9.998766e-01 6.964256e-04 -4.154122e+00 6.257715e-03 -7.947139e-04 9.999801e-01 2.528844e+02
9.998619e-01 -1.533292e-02 -6.403404e-03 -1.437980e+00 1.534080e-02 9.998816e-01 1.183726e-03 -4.185074e+00 6.384496e-03 -1.281795e-03 9.999788e-01 2.544331e+02
9.998871e-01 -1.381696e-02 -5.906489e-03 -1.459532e+00 1.382180e-02 9.999042e-01 7.802242e-04 -4.202436e+00 5.895143e-03 -8.617744e-04 9.999823e-01 2.560010e+02
9.998876e-01 -1.386272e-02 -5.706336e-03 -1.483413e+00 1.387072e-02 9.999029e-01 1.364489e-03 -4.229672e+00 5.686866e-03 -1.443487e-03 9.999828e-01 2.575495e+02
9.998502e-01 -1.633654e-02 -5.710157e-03 -1.506393e+00 1.634468e-02 9.998655e-01 1.381873e-03 -4.253959e+00 5.686813e-03 -1.474997e-03 9.999827e-01 2.591047e+02
9.998137e-01 -1.839063e-02 -5.856373e-03 -1.521852e+00 1.840210e-02 9.998288e-01 1.910201e-03 -4.275617e+00 5.820240e-03 -2.017615e-03 9.999810e-01 2.606489e+02
9.997782e-01 -2.020715e-02 -5.938876e-03 -1.527819e+00 2.021888e-02 9.997937e-01 1.922427e-03 -4.288966e+00 5.898805e-03 -2.042078e-03 9.999805e-01 2.622043e+02
9.997565e-01 -2.126445e-02 -5.899208e-03 -1.549406e+00 2.126769e-02 9.997737e-01 4.873548e-04 -4.298137e+00 5.887510e-03 -6.126986e-04 9.999825e-01 2.637309e+02
9.997218e-01 -2.284986e-02 -5.846730e-03 -1.571995e+00 2.284776e-02 9.997389e-01 -4.247645e-04 -4.326114e+00 5.854909e-03 2.910616e-04 9.999828e-01 2.652604e+02
9.996663e-01 -2.525715e-02 -5.424820e-03 -1.586649e+00 2.526710e-02 9.996792e-01 1.772374e-03 -4.356622e+00 5.378315e-03 -1.908852e-03 9.999837e-01 2.668040e+02
9.995995e-01 -2.784272e-02 -5.062859e-03 -1.600394e+00 2.786288e-02 9.996039e-01 3.955363e-03 -4.387440e+00 4.950726e-03 -4.094845e-03 9.999794e-01 2.683576e+02
9.995693e-01 -2.889783e-02 -5.118367e-03 -1.610697e+00 2.891262e-02 9.995779e-01 2.838959e-03 -4.407258e+00 5.034167e-03 -2.985722e-03 9.999829e-01 2.699057e+02
9.995804e-01 -2.862704e-02 -4.428661e-03 -1.624632e+00 2.863496e-02 9.995884e-01 1.735481e-03 -4.425198e+00 4.377157e-03 -1.861568e-03 9.999887e-01 2.714707e+02
9.996055e-01 -2.783405e-02 -3.747440e-03 -1.637911e+00 2.783915e-02 9.996116e-01 1.314168e-03 -4.444898e+00 3.709406e-03 -1.417975e-03 9.999921e-01 2.730335e+02
9.996562e-01 -2.604052e-02 -3.062353e-03 -1.646577e+00 2.604468e-02 9.996599e-01 1.326830e-03 -4.470702e+00 3.026760e-03 -1.406132e-03 9.999944e-01 2.745787e+02
9.997102e-01 -2.399344e-02 -1.978185e-03 -1.670892e+00 2.399543e-02 9.997116e-01 9.887408e-04 -4.497198e+00 1.953891e-03 -1.035922e-03 9.999976e-01 2.761016e+02
9.997288e-01 -2.327130e-02 -8.443277e-04 -1.682739e+00 2.327203e-02 9.997288e-01 8.586165e-04 -4.523194e+00 8.241176e-04 -8.780329e-04 9.999993e-01 2.776532e+02
9.997523e-01 -2.225784e-02 1.021701e-04 -1.693612e+00 2.225779e-02 9.997521e-01 5.127441e-04 -4.546539e+00 -1.135573e-04 -5.103430e-04 9.999999e-01 2.791900e+02
9.997553e-01 -2.210392e-02 8.243918e-04 -1.700778e+00 2.210427e-02 9.997556e-01 -4.142072e-04 -4.573190e+00 -8.150347e-04 4.323284e-04 9.999996e-01 2.806925e+02
9.997384e-01 -2.278923e-02 1.947550e-03 -1.708338e+00 2.279050e-02 9.997401e-01 -6.330743e-04 -4.609935e+00 -1.932616e-03 6.772943e-04 9.999979e-01 2.822624e+02
9.997207e-01 -2.352253e-02 2.264935e-03 -1.703633e+00 2.352372e-02 9.997232e-01 -5.008207e-04 -4.633157e+00 -2.252528e-03 5.539606e-04 9.999973e-01 2.838378e+02
9.996941e-01 -2.457662e-02 2.774515e-03 -1.705527e+00 2.457529e-02 9.996979e-01 5.115750e-04 -4.661270e+00 -2.786250e-03 -4.432340e-04 9.999960e-01 2.853921e+02
9.996659e-01 -2.571131e-02 2.637695e-03 -1.690660e+00 2.570876e-02 9.996690e-01 9.991982e-04 -4.683590e+00 -2.662513e-03 -9.310526e-04 9.999960e-01 2.869635e+02
9.996490e-01 -2.638128e-02 2.413917e-03 -1.679491e+00 2.638466e-02 9.996509e-01 -1.379700e-03 -4.716638e+00 -2.376676e-03 1.442906e-03 9.999961e-01 2.885802e+02
9.995853e-01 -2.870993e-02 2.226840e-03 -1.686181e+00 2.871689e-02 9.995826e-01 -3.159206e-03 -4.757955e+00 -2.135210e-03 3.221844e-03 9.999925e-01 2.901694e+02
9.995771e-01 -2.904604e-02 1.373776e-03 -1.685059e+00 2.904989e-02 9.995739e-01 -2.866306e-03 -4.793043e+00 -1.289935e-03 2.905002e-03 9.999949e-01 2.917381e+02
9.995316e-01 -3.060030e-02 4.055365e-04 -1.688576e+00 3.060139e-02 9.995271e-01 -3.019571e-03 -4.819304e+00 -3.129450e-04 3.030567e-03 9.999954e-01 2.933019e+02
9.995171e-01 -3.106548e-02 -6.622673e-04 -1.698352e+00 3.106281e-02 9.995105e-01 -3.717072e-03 -4.847719e+00 7.774158e-04 3.694705e-03 9.999929e-01 2.948703e+02
9.995120e-01 -3.119935e-02 -1.508252e-03 -1.702795e+00 3.119302e-02 9.995052e-01 -4.054929e-03 -4.874700e+00 1.634017e-03 4.005903e-03 9.999906e-01 2.964677e+02
9.994811e-01 -3.210930e-02 -2.535451e-03 -1.704351e+00 3.210108e-02 9.994794e-01 -3.220140e-03 -4.915547e+00 2.637528e-03 3.137078e-03 9.999916e-01 2.980462e+02
9.994453e-01 -3.307818e-02 -3.874142e-03 -1.706120e+00 3.306761e-02 9.994493e-01 -2.761068e-03 -4.946556e+00 3.963340e-03 2.631428e-03 9.999887e-01 2.996081e+02
9.994020e-01 -3.419518e-02 -5.134317e-03 -1.712644e+00 3.419018e-02 9.994148e-01 -1.058841e-03 -4.986135e+00 5.167519e-03 8.826643e-04 9.999863e-01 3.012186e+02
9.994720e-01 -3.196266e-02 -5.844909e-03 -1.728924e+00 3.196391e-02 9.994890e-01 1.197315e-04 -5.012392e+00 5.838095e-03 -3.064944e-04 9.999829e-01 3.028080e+02
9.994680e-01 -3.220598e-02 -5.137475e-03 -1.747286e+00 3.220837e-02 9.994811e-01 3.834980e-04 -5.037414e+00 5.122459e-03 -5.487637e-04 9.999867e-01 3.044222e+02
9.994653e-01 -3.241080e-02 -4.329848e-03 -1.757970e+00 3.241248e-02 9.994745e-01 3.182072e-04 -5.067897e+00 4.317259e-03 -4.583781e-04 9.999906e-01 3.060111e+02
9.994430e-01 -3.315631e-02 -3.793675e-03 -1.778812e+00 3.315617e-02 9.994502e-01 -9.784278e-05 -5.086846e+00 3.794834e-03 -2.799548e-05 9.999928e-01 3.076334e+02
9.993752e-01 -3.519092e-02 -3.290055e-03 -1.795911e+00 3.518685e-02 9.993799e-01 -1.286261e-03 -5.101939e+00 3.333280e-03 1.169691e-03 9.999938e-01 3.092728e+02
9.992956e-01 -3.741698e-02 -2.869073e-03 -1.804116e+00 3.740816e-02 9.992954e-01 -3.068143e-03 -5.142377e+00 2.981852e-03 2.958656e-03 9.999912e-01 3.108900e+02
9.992423e-01 -3.880133e-02 -3.054764e-03 -1.813382e+00 3.878848e-02 9.992388e-01 -4.159354e-03 -5.169987e+00 3.213827e-03 4.037712e-03 9.999867e-01 3.125008e+02
9.992440e-01 -3.853366e-02 -5.149561e-03 -1.831076e+00 3.850782e-02 9.992457e-01 -5.025665e-03 -5.203087e+00 5.339334e-03 4.823568e-03 9.999741e-01 3.141098e+02
9.992293e-01 -3.851993e-02 -7.550200e-03 -1.839978e+00 3.848808e-02 9.992497e-01 -4.320106e-03 -5.245339e+00 7.710945e-03 4.026184e-03 9.999622e-01 3.157561e+02
9.992469e-01 -3.795011e-02 -8.086303e-03 -1.856078e+00 3.794443e-02 9.992795e-01 -8.556644e-04 -5.286496e+00 8.112950e-03 5.481899e-04 9.999669e-01 3.173883e+02
9.991635e-01 -4.014523e-02 -7.789317e-03 -1.871605e+00 4.016552e-02 9.991900e-01 2.465489e-03 -5.316200e+00 7.684030e-03 -2.776288e-03 9.999666e-01 3.190073e+02
9.990765e-01 -4.221821e-02 -7.986744e-03 -1.889006e+00 4.224775e-02 9.991008e-01 3.566174e-03 -5.345582e+00 7.829005e-03 -3.900302e-03 9.999617e-01 3.206288e+02
9.990514e-01 -4.284243e-02 -7.799476e-03 -1.905848e+00 4.286161e-02 9.990784e-01 2.309210e-03 -5.364495e+00 7.693355e-03 -2.641318e-03 9.999669e-01 3.222450e+02
9.989869e-01 -4.433535e-02 -7.717309e-03 -1.913228e+00 4.435291e-02 9.990137e-01 2.119855e-03 -5.393035e+00 7.615713e-03 -2.459992e-03 9.999680e-01 3.239305e+02
9.989673e-01 -4.481932e-02 -7.454632e-03 -1.931555e+00 4.483663e-02 9.989920e-01 2.170659e-03 -5.421257e+00 7.349830e-03 -2.502658e-03 9.999699e-01 3.255867e+02
9.989613e-01 -4.497379e-02 -7.328451e-03 -1.926955e+00 4.498922e-02 9.989856e-01 1.954205e-03 -5.439613e+00 7.233128e-03 -2.281876e-03 9.999712e-01 3.272781e+02
9.990107e-01 -4.389303e-02 -7.138267e-03 -1.938872e+00 4.390308e-02 9.990350e-01 1.257515e-03 -5.468883e+00 7.076182e-03 -1.569663e-03 9.999737e-01 3.289099e+02
9.990344e-01 -4.339874e-02 -6.843090e-03 -1.950148e+00 4.340556e-02 9.990572e-01 8.522528e-04 -5.495052e+00 6.799652e-03 -1.148458e-03 9.999762e-01 3.305445e+02
9.989785e-01 -4.474797e-02 -6.290886e-03 -1.967212e+00 4.476696e-02 9.989932e-01 2.911274e-03 -5.524244e+00 6.154279e-03 -3.189924e-03 9.999760e-01 3.322041e+02
9.988765e-01 -4.694068e-02 -6.498904e-03 -1.975540e+00 4.696633e-02 9.988890e-01 3.851808e-03 -5.562860e+00 6.310878e-03 -4.152710e-03 9.999715e-01 3.338272e+02
9.987920e-01 -4.869360e-02 -6.587599e-03 -1.986346e+00 4.871242e-02 9.988091e-01 2.726478e-03 -5.586642e+00 6.446992e-03 -3.044083e-03 9.999746e-01 3.354694e+02
9.988430e-01 -4.762844e-02 -6.645008e-03 -2.001859e+00 4.764785e-02 9.988603e-01 2.793196e-03 -5.611068e+00 6.504399e-03 -3.106585e-03 9.999740e-01 3.371003e+02
9.989117e-01 -4.613648e-02 -6.847356e-03 -2.025752e+00 4.614436e-02 9.989343e-01 9.980061e-04 -5.642335e+00 6.794015e-03 -1.312887e-03 9.999761e-01 3.387197e+02
9.989618e-01 -4.498720e-02 -7.175427e-03 -2.055408e+00 4.497129e-02 9.989855e-01 -2.362908e-03 -5.659643e+00 7.274448e-03 2.037766e-03 9.999715e-01 3.403962e+02
9.989981e-01 -4.402192e-02 -8.047847e-03 -2.077807e+00 4.401162e-02 9.990300e-01 -1.451930e-03 -5.700074e+00 8.103957e-03 1.096277e-03 9.999666e-01 3.419943e+02
9.989972e-01 -4.382472e-02 -9.168652e-03 -2.102577e+00 4.384594e-02 9.990360e-01 2.126744e-03 -5.732080e+00 9.066610e-03 -2.526619e-03 9.999557e-01 3.436152e+02
9.989947e-01 -4.354905e-02 -1.063383e-02 -2.117570e+00 4.360409e-02 9.990364e-01 4.999614e-03 -5.758641e+00 1.040585e-02 -5.458267e-03 9.999310e-01 3.452552e+02
9.990016e-01 -4.301092e-02 -1.207405e-02 -2.134766e+00 4.305698e-02 9.990662e-01 3.580695e-03 -5.774775e+00 1.190877e-02 -4.096992e-03 9.999207e-01 3.468921e+02
9.989098e-01 -4.452354e-02 -1.402987e-02 -2.154202e+00 4.455480e-02 9.990051e-01 1.923637e-03 -5.797383e+00 1.393026e-02 -2.546637e-03 9.998997e-01 3.485231e+02
9.988149e-01 -4.605634e-02 -1.573782e-02 -2.195965e+00 4.611224e-02 9.989311e-01 3.207694e-03 -5.819559e+00 1.557326e-02 -3.929598e-03 9.998710e-01 3.501506e+02
9.986909e-01 -4.830333e-02 -1.683285e-02 -2.222242e+00 4.837263e-02 9.988224e-01 3.734199e-03 -5.848909e+00 1.663265e-02 -4.543560e-03 9.998513e-01 3.517804e+02
9.986589e-01 -4.870358e-02 -1.755828e-02 -2.246484e+00 4.875516e-02 9.988076e-01 2.521100e-03 -5.862106e+00 1.741455e-02 -3.373775e-03 9.998427e-01 3.533941e+02
9.985868e-01 -5.002427e-02 -1.794491e-02 -2.281794e+00 5.006135e-02 9.987448e-01 1.622395e-03 -5.889652e+00 1.784122e-02 -2.518449e-03 9.998377e-01 3.550096e+02
9.984992e-01 -5.155704e-02 -1.847030e-02 -2.305439e+00 5.159129e-02 9.986673e-01 1.382470e-03 -5.917524e+00 1.837441e-02 -2.333302e-03 9.998285e-01 3.566205e+02
9.984490e-01 -5.256472e-02 -1.834276e-02 -2.342313e+00 5.260092e-02 9.986145e-01 1.496277e-03 -5.944035e+00 1.823869e-02 -2.458802e-03 9.998306e-01 3.582313e+02
9.984220e-01 -5.302278e-02 -1.849318e-02 -2.377092e+00 5.304644e-02 9.985917e-01 7.908677e-04 -5.975067e+00 1.842521e-02 -1.770617e-03 9.998287e-01 3.598111e+02
