1.000000e+00 0.000000e+00 0.000000e+00 0.000000e+00 0.000000e+00 1.000000e+00 0.000000e+00 0.000000e+00 0.000000e+00 0.000000e+00 1.000000e+00 0.000000e+00
9.999972e-01 -1.860594e-03 -1.456452e-03 -2.757283e-03 1.859113e-03 9.999978e-01 -1.017291e-03 -1.050676e-02 1.458341e-03 1.014581e-03 9.999984e-01 5.714992e-01
9.999945e-01 -1.992194e-03 -2.642405e-03 -9.246976e-03 1.985801e-03 9.999951e-01 -2.419874e-03 -2.056869e-02 2.647213e-03 2.414614e-03 9.999936e-01 1.136606e+00
9.999881e-01 -2.310799e-03 -4.304467e-03 -1.641590e-02 2.294804e-03 9.999905e-01 -3.717178e-03 -3.079078e-02 4.313015e-03 3.707255e-03 9.999838e-01 1.703162e+00
9.999697e-01 -4.648608e-03 -6.243806e-03 -1.871489e-02 4.613963e-03 9.999739e-01 -5.551657e-03 -4.089365e-02 6.269451e-03 5.522681e-03 9.999651e-01 2.263002e+00
9.999440e-01 -7.016825e-03 -7.917881e-03 -2.215720e-02 6.958988e-03 9.999491e-01 -7.308628e-03 -5.383598e-02 7.968761e-03 7.253119e-03 9.999419e-01 2.826785e+00
9.999239e-01 -8.148087e-03 -9.263152e-03 -3.336135e-02 8.075894e-03 9.999369e-01 -7.804485e-03 -6.586926e-02 9.326160e-03 7.729083e-03 9.999266e-01 3.401992e+00
9.999102e-01 -8.083457e-03 -1.068910e-02 -4.314509e-02 8.005471e-03 9.999412e-01 -7.318659e-03 -7.716844e-02 1.074763e-02 7.232430e-03 9.999161e-01 3.984151e+00
9.998914e-01 -8.527716e-03 -1.201804e-02 -5.203193e-02 8.437948e-03 9.999363e-01 -7.500441e-03 -9.463020e-02 1.208124e-02 7.398219e-03 9.998996e-01 4.568353e+00
9.998796e-01 -7.974850e-03 -1.331284e-02 -6.307876e-02 7.834398e-03 9.999135e-01 -1.056915e-02 -1.054305e-01 1.339597e-02 1.046358e-02 9.998555e-01 5.159809e+00
9.998729e-01 -6.230895e-03 -1.467683e-02 -7.644056e-02 6.019299e-03 9.998779e-01 -1.441727e-02 -1.217462e-01 1.476487e-02 1.432710e-02 9.997883e-01 5.761677e+00
9.998627e-01 -4.551696e-03 -1.593461e-02 -9.241983e-02 4.257656e-03 9.998209e-01 -1.843846e-02 -1.323375e-01 1.601568e-02 1.836808e-02 9.997030e-01 6.367459e+00
9.998470e-01 -3.205372e-03 -1.719430e-02 -1.093599e-01 2.885013e-03 9.998224e-01 -1.862426e-02 -1.416808e-01 1.725095e-02 1.857180e-02 9.996787e-01 7.004579e+00
9.998286e-01 -6.766143e-04 -1.850163e-02 -1.283136e-01 4.599774e-04 9.999313e-01 -1.171082e-02 -1.570434e-01 1.850828e-02 1.170030e-02 9.997602e-01 7.652253e+00
9.998190e-01 3.495700e-04 -1.902008e-02 -1.498314e-01 -3.756637e-04 9.999990e-01 -1.368346e-03 -1.673656e-01 1.901958e-02 1.375244e-03 9.998182e-01 8.320009e+00
9.997987e-01 1.660943e-03 -1.999354e-02 -1.651515e-01 -1.552332e-03 9.999840e-01 5.446595e-03 -1.821448e-01 2.000227e-02 -5.414462e-03 9.997853e-01 8.998236e+00
9.997653e-01 3.735007e-03 -2.134028e-02 -1.857456e-01 -3.644708e-03 9.999842e-01 4.268689e-03 -1.944160e-01 2.135588e-02 -4.189908e-03 9.997632e-01 9.681467e+00
9.997345e-01 5.521699e-03 -2.236929e-02 -2.074895e-01 -5.589458e-03 9.999800e-01 -2.967689e-03 -2.001751e-01 2.235245e-02 3.091933e-03 9.997454e-01 1.038006e+01
9.997050e-01 4.906775e-03 -2.378901e-02 -2.243145e-01 -5.118839e-03 9.999476e-01 -8.861680e-03 -2.011013e-01 2.374429e-02 8.980838e-03 9.996777e-01 1.109424e+01
9.996806e-01 2.559212e-03 -2.514155e-02 -2.408629e-01 -2.742236e-03 9.999700e-01 -7.247983e-03 -2.034652e-01 2.512225e-02 7.314612e-03 9.996576e-01 1.183241e+01
9.996732e-01 1.669203e-03 -2.550791e-02 -2.620195e-01 -1.615194e-03 9.999964e-01 2.137798e-03 -2.128145e-01 2.551139e-02 -2.095899e-03 9.996723e-01 1.258970e+01
9.996617e-01 8.764851e-04 -2.599364e-02 -2.847050e-01 -6.271987e-04 9.999538e-01 9.596887e-03 -2.190250e-01 2.600084e-02 -9.577338e-03 9.996160e-01 1.337545e+01
9.996499e-01 -1.208251e-04 -2.645930e-02 -3.083593e-01 4.418826e-04 9.999263e-01 1.212850e-02 -2.233867e-01 2.645588e-02 -1.213595e-02 9.995763e-01 1.416315e+01
9.996417e-01 -2.407206e-03 -2.665679e-02 -3.278361e-01 2.699132e-03 9.999367e-01 1.092071e-02 -2.205016e-01 2.662882e-02 -1.098874e-02 9.995850e-01 1.496775e+01
9.996426e-01 -2.951022e-03 -2.657099e-02 -3.476082e-01 3.178106e-03 9.999588e-01 8.508155e-03 -2.189432e-01 2.654479e-02 -8.589559e-03 9.996107e-01 1.580212e+01
9.996608e-01 -8.371534e-04 -2.603230e-02 -3.736192e-01 9.619202e-04 9.999881e-01 4.780613e-03 -2.155004e-01 2.602798e-02 -4.804032e-03 9.996497e-01 1.663705e+01
9.996772e-01 -4.114902e-03 -2.507250e-02 -3.953744e-01 4.095030e-03 9.999913e-01 -8.438672e-04 -2.223327e-01 2.507575e-02 7.409221e-04 9.996853e-01 1.748574e+01
9.996702e-01 -7.202805e-03 -2.465136e-02 -4.125343e-01 7.030370e-03 9.999503e-01 -7.074512e-03 -2.335704e-01 2.470109e-02 6.898871e-03 9.996711e-01 1.835455e+01
9.997043e-01 -6.269719e-03 -2.349424e-02 -4.398144e-01 5.978664e-03 9.999048e-01 -1.243818e-02 -2.460050e-01 2.356998e-02 1.229403e-02 9.996466e-01 1.924844e+01
9.997223e-01 -4.897009e-03 -2.304910e-02 -4.703135e-01 4.584929e-03 9.998974e-01 -1.357325e-02 -2.627474e-01 2.311320e-02 1.346380e-02 9.996422e-01 2.015709e+01
9.997151e-01 -5.005914e-03 -2.333702e-02 -4.948420e-01 4.703402e-03 9.999044e-01 -1.299967e-02 -2.837272e-01 2.339987e-02 1.288620e-02 9.996431e-01 2.108156e+01
9.997168e-01 -3.880307e-03 -2.348033e-02 -5.211377e-01 3.542339e-03 9.998898e-01 -1.441817e-02 -3.062663e-01 2.353369e-02 1.433091e-02 9.996203e-01 2.201431e+01
9.997263e-01 -1.007016e-03 -2.337215e-02 -5.513737e-01 6.222638e-04 9.998643e-01 -1.646344e-02 -3.306828e-01 2.338556e-02 1.644439e-02 9.995913e-01 2.296708e+01
9.997239e-01 2.452911e-03 -2.336806e-02 -5.873855e-01 -2.863878e-03 9.998415e-01 -1.756949e-02 -3.526244e-01 2.332126e-02 1.763156e-02 9.995725e-01 2.392920e+01
9.997141e-01 4.106727e-03 -2.355515e-02 -6.171629e-01 -4.524211e-03 9.998331e-01 -1.769787e-02 -3.759062e-01 2.347854e-02 1.779938e-02 9.995659e-01 2.490236e+01
9.997053e-01 4.680511e-03 -2.381912e-02 -6.449403e-01 -5.105401e-03 9.998284e-01 -1.780876e-02 -4.062752e-01 2.373168e-02 1.792512e-02 9.995577e-01 2.588584e+01
9.996955e-01 5.159929e-03 -2.413112e-02 -6.722181e-01 -5.590626e-03 9.998257e-01 -1.781490e-02 -4.364616e-01 2.403499e-02 1.794438e-02 9.995501e-01 2.688191e+01
9.996820e-01 6.117855e-03 -2.446474e-02 -7.043752e-01 -6.530767e-03 9.998370e-01 -1.683373e-02 -4.638752e-01 2.435776e-02 1.698815e-02 9.995590e-01 2.788855e+01
9.996707e-01 6.593796e-03 -2.479846e-02 -7.316521e-01 -6.970045e-03 9.998614e-01 -1.511655e-02 -4.891033e-01 2.469535e-02 1.528442e-02 9.995782e-01 2.890074e+01
9.996537e-01 6.832049e-03 -2.541211e-02 -7.553793e-01 -7.187383e-03 9.998773e-01 -1.391791e-02 -5.225604e-01 2.531391e-02 1.409574e-02 9.995802e-01 2.993347e+01
9.996502e-01 6.497118e-03 -2.563692e-02 -7.825354e-01 -6.886386e-03 9.998619e-01 -1.512493e-02 -5.474712e-01 2.553511e-02 1.529618e-02 9.995569e-01 3.096479e+01
9.996370e-01 7.367717e-03 -2.591508e-02 -8.136051e-01 -7.788886e-03 9.998386e-01 -1.618869e-02 -5.747569e-01 2.579163e-02 1.638466e-02 9.995331e-01 3.200315e+01
9.996281e-01 6.759248e-03 -2.641853e-02 -8.450439e-01 -7.175626e-03 9.998510e-01 -1.569792e-02 -5.977784e-01 2.630848e-02 1.588166e-02 9.995277e-01 3.304450e+01
9.996154e-01 5.675420e-03 -2.714566e-02 -8.748542e-01 -6.029824e-03 9.998974e-01 -1.299163e-02 -6.302454e-01 2.706914e-02 1.315032e-02 9.995471e-01 3.410587e+01
9.996039e-01 6.327957e-03 -2.742196e-02 -9.128157e-01 -6.582637e-03 9.999359e-01 -9.207159e-03 -6.620612e-01 2.736194e-02 9.384021e-03 9.995815e-01 3.516128e+01
9.995841e-01 6.134553e-03 -2.817870e-02 -9.453592e-01 -6.336353e-03 9.999549e-01 -7.077746e-03 -6.871101e-01 2.813401e-02 7.253352e-03 9.995778e-01 3.623001e+01
9.995799e-01 6.025095e-03 -2.834903e-02 -9.845564e-01 -6.217909e-03 9.999581e-01 -6.718225e-03 -7.096751e-01 2.830737e-02 6.891674e-03 9.995755e-01 3.730647e+01
9.995646e-01 4.886415e-03 -2.909893e-02 -1.017729e+00 -5.126654e-03 9.999533e-01 -8.187068e-03 -7.348057e-01 2.905757e-02 8.332683e-03 9.995430e-01 3.839020e+01
9.995469e-01 5.187514e-03 -2.964831e-02 -1.056902e+00 -5.442084e-03 9.999490e-01 -8.512074e-03 -7.627965e-01 2.960264e-02 8.669566e-03 9.995241e-01 3.947190e+01
9.995269e-01 4.967028e-03 -3.035428e-02 -1.096108e+00 -5.194666e-03 9.999589e-01 -7.425119e-03 -7.873755e-01 3.031615e-02 7.579286e-03 9.995116e-01 4.055915e+01
9.995211e-01 4.796234e-03 -3.056976e-02 -1.140828e+00 -4.965601e-03 9.999727e-01 -5.466835e-03 -8.130686e-01 3.054271e-02 5.616014e-03 9.995177e-01 4.165258e+01
9.995043e-01 5.158695e-03 -3.105763e-02 -1.182845e+00 -5.244126e-03 9.999827e-01 -2.669881e-03 -8.406678e-01 3.104332e-02 2.831427e-03 9.995140e-01 4.273550e+01
9.994919e-01 6.153834e-03 -3.127385e-02 -1.230314e+00 -6.247941e-03 9.999762e-01 -2.912292e-03 -8.652856e-01 3.125518e-02 3.106210e-03 9.995066e-01 4.380923e+01
9.994758e-01 7.351437e-03 -3.152751e-02 -1.272778e+00 -7.570895e-03 9.999479e-01 -6.847130e-03 -8.878835e-01 3.147553e-02 7.082233e-03 9.994794e-01 4.488720e+01
9.994602e-01 8.942700e-03 -3.161165e-02 -1.314121e+00 -9.296589e-03 9.998956e-01 -1.106572e-02 -9.120659e-01 3.150939e-02 1.135363e-02 9.994390e-01 4.597212e+01
9.994682e-01 8.836283e-03 -3.138708e-02 -1.358467e+00 -9.195729e-03 9.998936e-01 -1.132621e-02 -9.447341e-01 3.128366e-02 1.160882e-02 9.994431e-01 4.705865e+01
9.994671e-01 8.961246e-03 -3.138813e-02 -1.398491e+00 -9.233672e-03 9.999209e-01 -8.545092e-03 -9.728993e-01 3.130907e-02 8.830366e-03 9.994707e-01 4.815113e+01
9.994694e-01 9.451421e-03 -3.117131e-02 -1.440284e+00 -9.647500e-03 9.999346e-01 -6.145961e-03 -1.003565e+00 3.111119e-02 6.443425e-03 9.994952e-01 4.924265e+01
9.994824e-01 7.250110e-03 -3.134302e-02 -1.479205e+00 -7.403724e-03 9.999611e-01 -4.787799e-03 -1.031049e+00 3.130709e-02 5.017376e-03 9.994972e-01 5.033527e+01
9.994877e-01 7.231707e-03 -3.117625e-02 -1.516747e+00 -7.412952e-03 9.999563e-01 -5.701903e-03 -1.057850e+00 3.113366e-02 5.930090e-03 9.994976e-01 5.142672e+01
9.994877e-01 5.859375e-03 -3.146375e-02 -1.544658e+00 -6.093363e-03 9.999545e-01 -7.346011e-03 -1.089930e+00 3.141928e-02 7.533968e-03 9.994779e-01 5.251946e+01
9.994967e-01 6.030294e-03 -3.114532e-02 -1.585120e+00 -6.333532e-03 9.999334e-01 -9.646762e-03 -1.114973e+00 3.108507e-02 9.839167e-03 9.994683e-01 5.362292e+01
9.995090e-01 4.858352e-03 -3.095363e-02 -1.623239e+00 -5.232474e-03 9.999141e-01 -1.201702e-02 -1.144263e+00 3.089259e-02 1.217308e-02 9.994486e-01 5.472069e+01
9.995155e-01 3.103098e-03 -3.096859e-02 -1.658659e+00 -3.582036e-03 9.998747e-01 -1.542180e-02 -1.173667e+00 3.091685e-02 1.552526e-02 9.994014e-01 5.580454e+01
9.995240e-01 1.555727e-03 -3.081216e-02 -1.692212e+00 -2.084207e-03 9.998512e-01 -1.712699e-02 -1.205687e+00 3.078093e-02 1.718305e-02 9.993784e-01 5.689538e+01
9.995305e-01 -3.130054e-04 -3.063911e-02 -1.728744e+00 -1.459399e-04 9.998878e-01 -1.497568e-02 -1.238125e+00 3.064036e-02 1.497312e-02 9.994183e-01 5.798312e+01
9.995375e-01 -1.721128e-03 -3.036151e-02 -1.765941e+00 1.441600e-03 9.999564e-01 -9.226153e-03 -1.269902e+00 3.037607e-02 9.178117e-03 9.994964e-01 5.906485e+01
9.995370e-01 -3.134218e-03 -3.026330e-02 -1.801445e+00 3.030026e-03 9.999893e-01 -3.488111e-03 -1.295714e+00 3.027391e-02 3.394798e-03 9.995359e-01 6.015871e+01
9.995256e-01 -5.131560e-03 -3.036909e-02 -1.836884e+00 5.057283e-03 9.999840e-01 -2.522114e-03 -1.321482e+00 3.038155e-02 2.367333e-03 9.995356e-01 6.124898e+01
9.995061e-01 -8.474167e-03 -3.026054e-02 -1.862837e+00 8.310847e-03 9.999502e-01 -5.518846e-03 -1.341308e+00 3.030580e-02 5.264630e-03 9.995268e-01 6.235632e+01
9.994724e-01 -1.086205e-02 -3.060796e-02 -1.890514e+00 1.060208e-02 9.999064e-01 -8.643096e-03 -1.368482e+00 3.069897e-02 8.314029e-03 9.994941e-01 6.345462e+01
9.995063e-01 -8.546973e-03 -3.023310e-02 -1.936659e+00 8.167063e-03 9.998864e-01 -1.266725e-02 -1.401855e+00 3.033793e-02 1.241408e-02 9.994626e-01 6.453542e+01
9.994993e-01 -9.056458e-03 -3.031841e-02 -1.969540e+00 8.539483e-03 9.998167e-01 -1.713777e-02 -1.429404e+00 3.046806e-02 1.687029e-02 9.993934e-01 6.562569e+01
9.995402e-01 -6.297164e-03 -2.966176e-02 -2.012237e+00 5.775929e-03 9.998280e-01 -1.762565e-02 -1.463652e+00 2.976764e-02 1.744622e-02 9.994046e-01 6.670725e+01
9.995736e-01 -2.755090e-03 -2.906808e-02 -2.053067e+00 2.350853e-03 9.999002e-01 -1.393157e-02 -1.496870e+00 2.910356e-02 1.385730e-02 9.994803e-01 6.781955e+01
9.995735e-01 -1.622891e-03 -2.915656e-02 -2.090523e+00 1.283952e-03 9.999314e-01 -1.163975e-02 -1.531893e+00 2.917345e-02 1.159735e-02 9.995071e-01 6.891372e+01
9.995739e-01 -1.997916e-03 -2.912231e-02 -2.131397e+00 1.685575e-03 9.999408e-01 -1.074576e-02 -1.563833e+00 2.914205e-02 1.069209e-02 9.995181e-01 7.001757e+01
9.995735e-01 -3.533841e-03 -2.898692e-02 -2.169719e+00 3.247215e-03 9.999454e-01 -9.929227e-03 -1.594932e+00 2.902043e-02 9.830866e-03 9.995305e-01 7.111819e+01
9.995588e-01 -4.735864e-03 -2.932054e-02 -2.208471e+00 4.485280e-03 9.999529e-01 -8.606242e-03 -1.623500e+00 2.935992e-02 8.470935e-03 9.995330e-01 7.221375e+01
9.995363e-01 -6.675060e-03 -2.970900e-02 -2.243916e+00 6.474926e-03 9.999557e-01 -6.827590e-03 -1.646622e+00 2.975325e-02 6.632060e-03 9.995353e-01 7.330950e+01
9.995035e-01 -8.088779e-03 -3.045265e-02 -2.283233e+00 7.927341e-03 9.999539e-01 -5.418291e-03 -1.671423e+00 3.049507e-02 5.174192e-03 9.995215e-01 7.440856e+01
9.994803e-01 -8.906964e-03 -3.098210e-02 -2.320764e+00 8.704197e-03 9.999398e-01 -6.673380e-03 -1.700250e+00 3.103967e-02 6.400237e-03 9.994977e-01 7.549913e+01
9.994624e-01 -9.139382e-03 -3.148554e-02 -2.358553e+00 8.808223e-03 9.999046e-01 -1.064050e-02 -1.727906e+00 3.157978e-02 1.035744e-02 9.994476e-01 7.659363e+01
9.994402e-01 -8.753674e-03 -3.229166e-02 -2.393522e+00 8.354140e-03 9.998871e-01 -1.248692e-02 -1.759574e+00 3.239732e-02 1.221016e-02 9.994005e-01 7.767121e+01
9.994236e-01 -7.045851e-03 -3.320951e-02 -2.435231e+00 6.684985e-03 9.999175e-01 -1.096489e-02 -1.792220e+00 3.328403e-02 1.073656e-02 9.993883e-01 7.875723e+01
9.994197e-01 -6.100612e-03 -3.351131e-02 -2.483645e+00 5.880106e-03 9.999604e-01 -6.674680e-03 -1.822327e+00 3.355070e-02 6.473756e-03 9.994160e-01 7.984132e+01
9.994147e-01 -4.164877e-03 -3.395317e-02 -2.528094e+00 4.083265e-03 9.999886e-01 -2.472650e-03 -1.853969e+00 3.396308e-02 2.332563e-03 9.994204e-01 8.091832e+01
9.993943e-01 -3.107892e-03 -3.465999e-02 -2.573839e+00 3.052700e-03 9.999940e-01 -1.645186e-03 -1.884184e+00 3.466490e-02 1.538383e-03 9.993978e-01 8.199221e+01
9.993634e-01 -3.786515e-03 -3.547372e-02 -2.615101e+00 3.664807e-03 9.999872e-01 -3.495325e-03 -1.910578e+00 3.548650e-02 3.363096e-03 9.993645e-01 8.306300e+01
9.993287e-01 -4.347652e-03 -3.637552e-02 -2.657623e+00 4.207090e-03 9.999834e-01 -3.939860e-03 -1.939666e+00 3.639205e-02 3.784181e-03 9.993304e-01 8.412733e+01
9.993122e-01 -5.090863e-03 -3.673140e-02 -2.704875e+00 4.944349e-03 9.999795e-01 -4.078531e-03 -1.964712e+00 3.675141e-02 3.894113e-03 9.993169e-01 8.518039e+01
9.992682e-01 -6.381279e-03 -3.771410e-02 -2.746071e+00 6.238922e-03 9.999730e-01 -3.891122e-03 -1.990469e+00 3.773791e-02 3.652979e-03 9.992810e-01 8.621155e+01
9.992315e-01 -8.320805e-03 -3.830410e-02 -2.790128e+00 8.229960e-03 9.999629e-01 -2.528752e-03 -2.011914e+00 3.832372e-02 2.211568e-03 9.992629e-01 8.725711e+01
9.992018e-01 -8.374538e-03 -3.905975e-02 -2.833856e+00 8.386890e-03 9.999648e-01 1.523904e-04 -2.034243e+00 3.905710e-02 -4.798585e-04 9.992369e-01 8.827123e+01
9.991562e-01 -9.514929e-03 -3.995524e-02 -2.878302e+00 9.566119e-03 9.999536e-01 1.090197e-03 -2.056719e+00 3.994301e-02 -1.471493e-03 9.992009e-01 8.924772e+01
9.990628e-01 -1.018378e-02 -4.206851e-02 -2.924216e+00 1.024267e-02 9.999468e-01 1.184548e-03 -2.074273e+00 4.205421e-02 -1.614331e-03 9.991140e-01 9.022283e+01
9.989124e-01 -1.100216e-02 -4.530945e-02 -2.970067e+00 1.102866e-02 9.999391e-01 3.349474e-04 -2.096855e+00 4.530301e-02 -8.342856e-04 9.989729e-01 9.117020e+01
9.987501e-01 -1.108266e-02 -4.873862e-02 -3.019260e+00 1.105671e-02 9.999386e-01 -8.020074e-04 -2.115529e+00 4.874451e-02 2.621162e-04 9.988112e-01 9.208942e+01
9.985983e-01 -1.107887e-02 -5.175643e-02 -3.071782e+00 1.105448e-02 9.999386e-01 -7.574157e-04 -2.133527e+00 5.176165e-02 1.842135e-04 9.986595e-01 9.298822e+01
9.984283e-01 -1.016251e-02 -5.511509e-02 -3.124101e+00 1.019740e-02 9.999479e-01 3.519711e-04 -2.154546e+00 5.510865e-02 -9.134487e-04 9.984799e-01 9.386143e+01
9.982513e-01 -9.566096e-03 -5.833391e-02 -3.178034e+00 9.668134e-03 9.999522e-01 1.467227e-03 -2.176120e+00 5.831708e-02 -2.028641e-03 9.982960e-01 9.469602e+01
9.980736e-01 -9.044055e-03 -6.137811e-02 -3.235195e+00 9.237273e-03 9.999532e-01 2.864964e-03 -2.193907e+00 6.134933e-02 -3.426411e-03 9.981105e-01 9.551688e+01
9.979018e-01 -7.752015e-03 -6.427952e-02 -3.291414e+00 8.014501e-03 9.999606e-01 3.826658e-03 -2.211886e+00 6.424732e-02 -4.333798e-03 9.979246e-01 9.630803e+01
9.977400e-01 -5.849788e-03 -6.693833e-02 -3.348220e+00 6.140995e-03 9.999726e-01 4.145429e-03 -2.230115e+00 6.691224e-02 -4.547128e-03 9.977485e-01 9.707832e+01
9.975712e-01 -4.040120e-03 -6.953684e-02 -3.406915e+00 4.243173e-03 9.999872e-01 2.772614e-03 -2.246334e+00 6.952475e-02 -3.060937e-03 9.975755e-01 9.780569e+01
9.973876e-01 -2.598372e-03 -7.218877e-02 -3.464348e+00 2.525273e-03 9.999962e-01 -1.103858e-03 -2.265612e+00 7.219136e-02 9.186782e-04 9.973904e-01 9.850267e+01
9.971890e-01 -4.739192e-04 -7.492529e-02 -3.520006e+00 1.234231e-04 9.999890e-01 -4.682502e-03 -2.283752e+00 7.492669e-02 4.660092e-03 9.971782e-01 9.917349e+01
9.970393e-01 1.178245e-03 -7.688427e-02 -3.577495e+00 -1.740938e-03 9.999722e-01 -7.252086e-03 -2.302446e+00 7.687359e-02 7.364466e-03 9.970136e-01 9.980944e+01
9.969629e-01 3.541845e-03 -7.779767e-02 -3.630765e+00 -4.200962e-03 9.999566e-01 -8.310167e-03 -2.317639e+00 7.776487e-02 8.611753e-03 9.969345e-01 1.004212e+02
9.970262e-01 5.720375e-03 -7.685101e-02 -3.683538e+00 -6.353511e-03 9.999478e-01 -7.996513e-03 -2.335935e+00 7.680126e-02 8.461006e-03 9.970105e-01 1.010107e+02
9.972157e-01 9.544833e-03 -7.395767e-02 -3.732420e+00 -1.004680e-02 9.999289e-01 -6.418139e-03 -2.355891e+00 7.389116e-02 7.143307e-03 9.972407e-01 1.015777e+02
9.975831e-01 1.195577e-02 -6.844789e-02 -3.775988e+00 -1.232204e-02 9.999119e-01 -4.931331e-03 -2.374131e+00 6.838290e-02 5.762830e-03 9.976425e-01 1.021199e+02
9.980494e-01 1.271187e-02 -6.112181e-02 -3.808435e+00 -1.290827e-02 9.999127e-01 -2.819400e-03 -2.387928e+00 6.108064e-02 3.602877e-03 9.981263e-01 1.026353e+02
9.985834e-01 1.255977e-02 -5.170508e-02 -3.830864e+00 -1.260177e-02 9.999205e-01 -4.863982e-04 -2.396478e+00 5.169486e-02 1.137285e-03 9.986623e-01 1.031332e+02
9.991287e-01 1.171777e-02 -4.005766e-02 -3.844703e+00 -1.169747e-02 9.999313e-01 7.411245e-04 -2.408118e+00 4.006359e-02 -2.719057e-04 9.991971e-01 1.036122e+02
9.995875e-01 1.050169e-02 -2.673015e-02 -3.849655e+00 -1.047126e-02 9.999444e-01 1.278118e-03 -2.422859e+00 2.674209e-02 -9.976925e-04 9.996419e-01 1.040662e+02
9.998832e-01 9.934862e-03 -1.161278e-02 -3.846091e+00 -9.928256e-03 9.999505e-01 6.263663e-04 -2.436954e+00 1.161843e-02 -5.109985e-04 9.999324e-01 1.045067e+02
9.999476e-01 8.104961e-03 6.247174e-03 -3.828977e+00 -8.091748e-03 9.999650e-01 -2.137299e-03 -2.449393e+00 -6.264278e-03 2.086636e-03 9.999782e-01 1.049360e+02
9.995960e-01 7.409969e-03 2.744127e-02 -3.801664e+00 -7.233005e-03 9.999524e-01 -6.542496e-03 -2.459863e+00 -2.748845e-02 6.341370e-03 9.996020e-01 1.053525e+02
9.986395e-01 5.044621e-03 5.190097e-02 -3.762123e+00 -4.493832e-03 9.999324e-01 -1.072355e-02 -2.473628e+00 -5.195155e-02 1.047573e-02 9.985947e-01 1.057622e+02
9.968496e-01 2.820771e-03 7.926429e-02 -3.710718e+00 -1.820741e-03 9.999179e-01 -1.268584e-02 -2.488494e+00 -7.929356e-02 1.250155e-02 9.967729e-01 1.061594e+02
9.940383e-01 5.992545e-05 1.090311e-01 -3.642746e+00 1.413435e-03 9.999087e-01 -1.343588e-02 -2.498309e+00 -1.090219e-01 1.350989e-02 9.939475e-01 1.065517e+02
9.899330e-01 -2.269929e-03 1.415186e-01 -3.561525e+00 4.460521e-03 9.998751e-01 -1.516388e-02 -2.508037e+00 -1.414665e-01 1.564247e-02 9.898195e-01 1.069350e+02
9.841169e-01 -4.635191e-03 1.774613e-01 -3.468579e+00 7.614524e-03 9.998412e-01 -1.611127e-02 -2.520382e+00 -1.773584e-01 1.720665e-02 9.839959e-01 1.073103e+02
9.763613e-01 -7.711023e-03 2.160071e-01 -3.356012e+00 1.140353e-02 9.998093e-01 -1.585326e-02 -2.533925e+00 -2.158437e-01 1.794175e-02 9.762631e-01 1.076757e+02
9.666037e-01 -9.552242e-03 2.560976e-01 -3.231688e+00 1.416447e-02 9.997689e-01 -1.617116e-02 -2.547957e+00 -2.558840e-01 1.925859e-02 9.665157e-01 1.080287e+02
9.545754e-01 -8.676410e-03 2.978431e-01 -3.094235e+00 1.423574e-02 9.997625e-01 -1.650110e-02 -2.562961e+00 -2.976291e-01 1.999156e-02 9.544722e-01 1.083765e+02
9.395158e-01 -6.441070e-03 3.424449e-01 -2.948253e+00 1.273347e-02 9.997888e-01 -1.612986e-02 -2.577170e+00 -3.422687e-01 1.951477e-02 9.393994e-01 1.087089e+02
9.218992e-01 -6.224466e-03 3.873798e-01 -2.784777e+00 1.259256e-02 9.998241e-01 -1.390290e-02 -2.590829e+00 -3.872251e-01 1.769518e-02 9.218154e-01 1.090264e+02
9.018469e-01 -7.140856e-03 4.319968e-01 -2.600393e+00 1.353488e-02 9.998396e-01 -1.172851e-02 -2.602075e+00 -4.318437e-01 1.642435e-02 9.017989e-01 1.093389e+02
8.788784e-01 -8.747062e-03 4.769657e-01 -2.403958e+00 1.602763e-02 9.998088e-01 -1.119775e-02 -2.615498e+00 -4.767766e-01 1.748609e-02 8.788506e-01 1.096308e+02
8.540006e-01 -8.550595e-03 5.202018e-01 -2.190708e+00 1.766253e-02 9.997651e-01 -1.256286e-02 -2.626200e+00 -5.199722e-01 1.991677e-02 8.539510e-01 1.099100e+02
8.262739e-01 -6.227605e-03 5.632341e-01 -1.973736e+00 1.799251e-02 9.997204e-01 -1.534153e-02 -2.637650e+00 -5.629811e-01 2.281030e-02 8.261549e-01 1.101795e+02
7.958592e-01 -1.167637e-03 6.054806e-01 -1.738711e+00 1.577438e-02 9.996987e-01 -1.880638e-02 -2.649328e+00 -6.052762e-01 2.451831e-02 7.956378e-01 1.104407e+02
7.624836e-01 5.116553e-03 6.469873e-01 -1.488986e+00 1.209678e-02 9.996812e-01 -2.216198e-02 -2.655720e+00 -6.468944e-01 2.472461e-02 7.621787e-01 1.106885e+02
7.256527e-01 9.786713e-03 6.879916e-01 -1.219210e+00 9.782745e-03 9.996510e-01 -2.453834e-02 -2.658327e+00 -6.879916e-01 2.453676e-02 7.253037e-01 1.109323e+02
6.866567e-01 9.766624e-03 7.269162e-01 -9.284140e-01 1.184331e-02 9.996268e-01 -2.461806e-02 -2.670286e+00 -7.268853e-01 2.551325e-02 6.862848e-01 1.111571e+02
6.457192e-01 7.329437e-03 7.635398e-01 -6.170435e-01 1.545543e-02 9.996236e-01 -2.266620e-02 -2.676121e+00 -7.634185e-01 2.643684e-02 6.453629e-01 1.113659e+02
6.019510e-01 5.058788e-03 7.985170e-01 -2.940298e-01 1.621308e-02 9.996964e-01 -1.855531e-02 -2.687019e+00 -7.983684e-01 2.411581e-02 6.016863e-01 1.115628e+02
5.561546e-01 3.481724e-03 8.310715e-01 4.417317e-02 1.720686e-02 9.997286e-01 -1.570317e-02 -2.689391e+00 -8.309007e-01 2.303352e-02 5.559438e-01 1.117410e+02
5.084714e-01 8.265873e-04 8.610785e-01 3.967755e-01 1.862887e-02 9.997549e-01 -1.196015e-02 -2.695614e+00 -8.608773e-01 2.212231e-02 5.083314e-01 1.119052e+02
4.580276e-01 -2.725525e-03 8.889338e-01 7.633347e-01 2.094232e-02 9.997508e-01 -7.725339e-03 -2.701589e+00 -8.886912e-01 2.215475e-02 4.579706e-01 1.120483e+02
4.064301e-01 -2.990153e-03 9.136770e-01 1.134040e+00 1.860301e-02 9.998144e-01 -5.003110e-03 -2.713786e+00 -9.134925e-01 1.903056e-02 4.064103e-01 1.121808e+02
3.555133e-01 1.317545e-03 9.346703e-01 1.514363e+00 1.533039e-02 9.998563e-01 -7.240535e-03 -2.722215e+00 -9.345455e-01 1.690296e-02 3.554420e-01 1.122968e+02
3.054687e-01 6.510747e-03 9.521799e-01 1.903564e+00 1.480875e-02 9.998232e-01 -1.158731e-02 -2.724450e+00 -9.520870e-01 1.764016e-02 3.053183e-01 1.123870e+02
2.590544e-01 8.357618e-03 9.658266e-01 2.305501e+00 1.617367e-02 9.997848e-01 -1.298958e-02 -2.734288e+00 -9.657273e-01 1.898597e-02 2.588635e-01 1.124569e+02
2.177115e-01 7.726657e-03 9.759826e-01 2.724903e+00 2.267531e-02 9.996587e-01 -1.297226e-02 -2.745126e+00 -9.757497e-01 2.495492e-02 2.174620e-01 1.125150e+02
1.824153e-01 7.556099e-03 9.831925e-01 3.158246e+00 3.058856e-02 9.994428e-01 -1.335619e-02 -2.748403e+00 -9.827457e-01 3.251082e-02 1.820825e-01 1.125606e+02
1.520776e-01 8.790724e-03 9.883295e-01 3.606648e+00 3.470201e-02 9.992964e-01 -1.422798e-02 -2.753351e+00 -9.877592e-01 3.646077e-02 1.516655e-01 1.126026e+02
1.241287e-01 7.156136e-03 9.922403e-01 4.075862e+00 3.249577e-02 9.994083e-01 -1.127304e-02 -2.762314e+00 -9.917339e-01 3.364292e-02 1.238227e-01 1.126481e+02
9.880030e-02 3.719849e-03 9.951003e-01 4.560657e+00 2.546850e-02 9.996560e-01 -6.265564e-03 -2.769429e+00 -9.947813e-01 2.596275e-02 9.867157e-02 1.126955e+02
7.527397e-02 -2.744306e-04 9.971629e-01 5.069663e+00 2.057912e-02 9.997874e-01 -1.278326e-03 -2.777383e+00 -9.969505e-01 2.061695e-02 7.526361e-02 1.127234e+02
5.257600e-02 -2.933470e-03 9.986126e-01 5.591179e+00 2.468655e-02 9.996939e-01 1.636923e-03 -2.788041e+00 -9.983117e-01 2.456624e-02 5.263233e-02 1.127337e+02
3.219254e-02 -2.177112e-03 9.994793e-01 6.129799e+00 3.229372e-02 9.994778e-01 1.136950e-03 -2.795777e+00 -9.989598e-01 3.224030e-02 3.224604e-02 1.127250e+02
1.487463e-02 9.478478e-06 9.998894e-01 6.679730e+00 3.747445e-02 9.992974e-01 -5.669533e-04 -2.803933e+00 -9.991869e-01 3.747874e-02 1.486383e-02 1.127135e+02
4.356760e-04 5.596604e-03 9.999842e-01 7.250230e+00 3.719142e-02 9.992924e-01 -5.608935e-03 -2.804053e+00 -9.993081e-01 3.719328e-02 2.272220e-04 1.127102e+02
-1.019934e-02 1.045407e-02 9.998933e-01 7.845618e+00 3.520128e-02 9.993293e-01 -1.008910e-02 -2.799540e+00 -9.993282e-01 3.509462e-02 -1.056050e-02 1.127031e+02
-1.671321e-02 1.034427e-02 9.998068e-01 8.467547e+00 3.760360e-02 9.992456e-01 -9.709866e-03 -2.801669e+00 -9.991530e-01 3.743405e-02 -1.708958e-02 1.126908e+02
-1.916672e-02 6.973584e-03 9.997920e-01 9.103884e+00 4.371010e-02 9.990254e-01 -6.130284e-03 -2.816314e+00 -9.988604e-01 4.358351e-02 -1.945286e-02 1.126619e+02
-1.866656e-02 5.228305e-03 9.998121e-01 9.755575e+00 4.542931e-02 9.989580e-01 -4.375670e-03 -2.827776e+00 -9.987931e-01 4.533909e-02 -1.888463e-02 1.126471e+02
-1.690686e-02 4.732940e-03 9.998459e-01 1.043207e+01 4.411054e-02 9.990187e-01 -3.983139e-03 -2.839888e+00 -9.988836e-01 4.403640e-02 -1.709905e-02 1.126462e+02
-1.569394e-02 5.317184e-03 9.998627e-01 1.112834e+01 4.052291e-02 9.991677e-01 -4.677437e-03 -2.847683e+00 -9.990554e-01 4.044394e-02 -1.589634e-02 1.126547e+02
-1.439058e-02 6.251146e-03 9.998769e-01 1.183698e+01 4.007354e-02 9.991806e-01 -5.670040e-03 -2.857361e+00 -9.990931e-01 3.998701e-02 -1.462929e-02 1.126459e+02
-1.345858e-02 7.196006e-03 9.998835e-01 1.255988e+01 4.051913e-02 9.991567e-01 -6.645381e-03 -2.865091e+00 -9.990881e-01 4.042498e-02 -1.373881e-02 1.126373e+02
-1.249150e-02 6.794889e-03 9.998989e-01 1.330201e+01 4.047934e-02 9.991606e-01 -6.284173e-03 -2.873155e+00 -9.991023e-01 4.039675e-02 -1.275607e-02 1.126298e+02
-1.191354e-02 5.328445e-03 9.999148e-01 1.406942e+01 3.939232e-02 9.992120e-01 -4.855357e-03 -2.887214e+00 -9.991528e-01 3.933112e-02 -1.211405e-02 1.126293e+02
-1.163306e-02 4.121400e-03 9.999238e-01 1.484884e+01 4.020807e-02 9.991847e-01 -3.650574e-03 -2.896748e+00 -9.991236e-01 4.016254e-02 -1.178929e-02 1.126268e+02
-1.227668e-02 1.706643e-03 9.999232e-01 1.563900e+01 4.090168e-02 9.991625e-01 -1.203169e-03 -2.911709e+00 -9.990878e-01 4.088377e-02 -1.233621e-02 1.126201e+02
-1.345985e-02 5.017549e-06 9.999094e-01 1.642714e+01 3.839452e-02 9.992625e-01 5.118169e-04 -2.924313e+00 -9.991720e-01 3.839793e-02 -1.345011e-02 1.126189e+02
-1.479176e-02 -1.187679e-03 9.998899e-01 1.722720e+01 3.757300e-02 9.992924e-01 1.742801e-03 -2.936015e+00 -9.991844e-01 3.759464e-02 -1.473667e-02 1.126150e+02
-1.584908e-02 -3.677955e-03 9.998676e-01 1.803786e+01 3.975571e-02 9.992002e-01 4.305675e-03 -2.943044e+00 -9.990837e-01 3.981869e-02 -1.569018e-02 1.126012e+02
-1.709877e-02 -5.180200e-03 9.998404e-01 1.884833e+01 4.095428e-02 9.991437e-01 5.876970e-03 -2.948427e+00 -9.990147e-01 4.104823e-02 -1.687197e-02 1.125884e+02
-1.865868e-02 -6.180179e-03 9.998068e-01 1.968329e+01 3.854005e-02 9.992333e-01 6.895879e-03 -2.962734e+00 -9.990828e-01 3.866127e-02 -1.840619e-02 1.125787e+02
-1.937923e-02 -1.575923e-03 9.998110e-01 2.050742e+01 3.555166e-02 9.993653e-01 2.264315e-03 -2.970059e+00 -9.991799e-01 3.558882e-02 -1.931091e-02 1.125678e+02
-2.004332e-02 2.954447e-03 9.997947e-01 2.134376e+01 3.692578e-02 9.993156e-01 -2.212764e-03 -2.977757e+00 -9.991170e-01 3.687385e-02 -2.013869e-02 1.125507e+02
-2.111513e-02 4.528074e-03 9.997668e-01 2.218529e+01 3.748347e-02 9.992903e-01 -3.734263e-03 -2.989389e+00 -9.990741e-01 3.739588e-02 -2.126987e-02 1.125356e+02
-2.240295e-02 2.246731e-03 9.997465e-01 2.302683e+01 3.372532e-02 9.994300e-01 -1.490282e-03 -3.004174e+00 -9.991800e-01 3.368338e-02 -2.246596e-02 1.125252e+02
-2.333212e-02 -2.092290e-03 9.997256e-01 2.387627e+01 3.048574e-02 9.995313e-01 2.803375e-03 -3.020109e+00 -9.992628e-01 3.054279e-02 -2.325740e-02 1.125135e+02
-2.343376e-02 -7.658791e-03 9.996961e-01 2.473056e+01 2.933241e-02 9.995349e-01 8.345134e-03 -3.036493e+00 -9.992950e-01 2.951905e-02 -2.319821e-02 1.124966e+02
-2.382626e-02 -1.322410e-02 9.996286e-01 2.558037e+01 2.537577e-02 9.995823e-01 1.382832e-02 -3.041764e+00 -9.993940e-01 2.569582e-02 -2.348074e-02 1.124881e+02
-2.369297e-02 -1.450028e-02 9.996141e-01 2.642612e+01 2.288129e-02 9.996250e-01 1.504277e-02 -3.048655e+00 -9.994574e-01 2.322887e-02 -2.335231e-02 1.124792e+02
-2.258366e-02 -7.468790e-03 9.997171e-01 2.726821e+01 2.644781e-02 9.996177e-01 8.065505e-03 -3.058921e+00 -9.993951e-01 2.662247e-02 -2.237749e-02 1.124601e+02
-2.152736e-02 3.863062e-03 9.997608e-01 2.810088e+01 2.888869e-02 9.995774e-01 -3.240307e-03 -3.064204e+00 -9.993508e-01 2.881203e-02 -2.162987e-02 1.124451e+02
-2.094439e-02 9.126981e-03 9.997390e-01 2.893662e+01 3.144741e-02 9.994696e-01 -8.465703e-03 -3.071302e+00 -9.992859e-01 3.126189e-02 -2.122030e-02 1.124292e+02
-1.929822e-02 3.662180e-03 9.998071e-01 2.978280e+01 3.382932e-02 9.994231e-01 -3.007802e-03 -3.085854e+00 -9.992413e-01 3.376475e-02 -1.941098e-02 1.124109e+02
-1.844885e-02 -3.891095e-03 9.998222e-01 3.061960e+01 3.725245e-02 9.992954e-01 4.576432e-03 -3.100299e+00 -9.991356e-01 3.733026e-02 -1.829090e-02 1.123937e+02
-1.820406e-02 -7.084590e-03 9.998092e-01 3.144725e+01 3.842056e-02 9.992314e-01 7.780039e-03 -3.113922e+00 -9.990958e-01 3.855485e-02 -1.791787e-02 1.123840e+02
-1.836774e-02 -6.155750e-03 9.998123e-01 3.227377e+01 3.747068e-02 9.992743e-01 6.840818e-03 -3.122029e+00 -9.991289e-01 3.758930e-02 -1.812375e-02 1.123759e+02
-1.898119e-02 -5.197388e-03 9.998063e-01 3.309683e+01 3.486538e-02 9.993749e-01 5.857059e-03 -3.132060e+00 -9.992117e-01 3.496980e-02 -1.878812e-02 1.123659e+02
-2.093366e-02 -4.803092e-03 9.997693e-01 3.391596e+01 3.303115e-02 9.994392e-01 5.493129e-03 -3.137644e+00 -9.992351e-01 3.313852e-02 -2.076327e-02 1.123565e+02
-2.310429e-02 -5.107976e-03 9.997200e-01 3.472192e+01 3.245706e-02 9.994560e-01 5.856735e-03 -3.152227e+00 -9.992061e-01 3.258329e-02 -2.292593e-02 1.123437e+02
-2.526175e-02 -4.967853e-03 9.996685e-01 3.552645e+01 3.070723e-02 9.995119e-01 5.743051e-03 -3.169021e+00 -9.992091e-01 3.084213e-02 -2.509687e-02 1.123294e+02
-2.704650e-02 -4.479490e-03 9.996241e-01 3.633267e+01 3.055143e-02 9.995191e-01 5.305639e-03 -3.176675e+00 -9.991672e-01 3.068345e-02 -2.689664e-02 1.123139e+02
-2.893282e-02 -5.450340e-03 9.995665e-01 3.712937e+01 2.889655e-02 9.995626e-01 6.286740e-03 -3.189857e+00 -9.991636e-01 2.906592e-02 -2.876267e-02 1.122944e+02
-3.094984e-02 -6.469844e-03 9.995000e-01 3.792629e+01 3.069408e-02 9.995013e-01 7.420305e-03 -3.199434e+00 -9.990495e-01 3.090839e-02 -3.073582e-02 1.122735e+02
-3.304204e-02 -6.609982e-03 9.994321e-01 3.871815e+01 3.044282e-02 9.995075e-01 7.616945e-03 -3.214262e+00 -9.989902e-01 3.067722e-02 -3.282454e-02 1.122540e+02
-3.477155e-02 -5.493198e-03 9.993802e-01 3.949982e+01 3.096600e-02 9.994988e-01 6.571254e-03 -3.222076e+00 -9.989154e-01 3.117530e-02 -3.458402e-02 1.122323e+02
-3.601430e-02 -5.386503e-03 9.993368e-01 4.028550e+01 3.179462e-02 9.994731e-01 6.533059e-03 -3.230286e+00 -9.988454e-01 3.200882e-02 -3.582406e-02 1.122130e+02
-3.742395e-02 -6.793407e-03 9.992764e-01 4.106224e+01 3.309731e-02 9.994198e-01 8.033912e-03 -3.244787e+00 -9.987512e-01 3.337402e-02 -3.717740e-02 1.121884e+02
-3.890489e-02 -7.423937e-03 9.992153e-01 4.182924e+01 3.352130e-02 9.993999e-01 8.730475e-03 -3.252753e+00 -9.986805e-01 3.383466e-02 -3.863268e-02 1.121610e+02
-4.023057e-02 -7.819024e-03 9.991598e-01 4.259144e+01 3.222168e-02 9.994392e-01 9.118597e-03 -3.262948e+00 -9.986707e-01 3.256145e-02 -3.995607e-02 1.121361e+02
-4.132468e-02 -9.164326e-03 9.991037e-01 4.334029e+01 3.057074e-02 9.994782e-01 1.043222e-02 -3.277451e+00 -9.986780e-01 3.097445e-02 -4.102295e-02 1.121115e+02
-4.211791e-02 -1.036220e-02 9.990589e-01 4.407029e+01 2.978422e-02 9.994888e-01 1.162229e-02 -3.285886e+00 -9.986686e-01 3.024570e-02 -4.178774e-02 1.120854e+02
-4.275115e-02 -1.058025e-02 9.990297e-01 4.478872e+01 3.034395e-02 9.994689e-01 1.188340e-02 -3.296239e+00 -9.986248e-01 3.082254e-02 -4.240740e-02 1.120579e+02
-4.272224e-02 -7.969013e-03 9.990552e-01 4.549242e+01 3.094607e-02 9.994778e-01 9.295720e-03 -3.305296e+00 -9.986076e-01 3.131396e-02 -4.245332e-02 1.120291e+02
-4.253296e-02 -5.035936e-03 9.990824e-01 4.619374e+01 3.141643e-02 9.994860e-01 6.375432e-03 -3.313544e+00 -9.986010e-01 3.165877e-02 -4.235289e-02 1.120004e+02
-4.244464e-02 -3.729050e-03 9.990919e-01 4.689440e+01 2.954566e-02 9.995510e-01 4.985959e-03 -3.326861e+00 -9.986619e-01 2.973045e-02 -4.231540e-02 1.119747e+02
-4.250199e-02 -3.016244e-03 9.990918e-01 4.758951e+01 3.011643e-02 9.995372e-01 4.298760e-03 -3.339516e+00 -9.986424e-01 3.027179e-02 -4.239148e-02 1.119475e+02
-4.269875e-02 -3.548391e-03 9.990817e-01 4.827849e+01 3.107147e-02 9.995053e-01 4.877828e-03 -3.354247e+00 -9.986047e-01 3.125121e-02 -4.256737e-02 1.119220e+02
-4.288720e-02 -4.215190e-03 9.990710e-01 4.897128e+01 3.196216e-02 9.994735e-01 5.588930e-03 -3.365119e+00 -9.985685e-01 3.217216e-02 -4.272989e-02 1.118933e+02
-4.318414e-02 -4.207804e-03 9.990583e-01 4.966167e+01 2.815127e-02 9.995889e-01 5.426874e-03 -3.377151e+00 -9.986704e-01 2.835911e-02 -4.304793e-02 1.118757e+02
-4.263068e-02 -3.909444e-03 9.990833e-01 5.034497e+01 2.657645e-02 9.996341e-01 5.045611e-03 -3.385809e+00 -9.987374e-01 2.676718e-02 -4.251118e-02 1.118540e+02
-4.278130e-02 -5.317858e-03 9.990703e-01 5.103033e+01 2.798965e-02 9.995870e-01 6.519156e-03 -3.396865e+00 -9.986923e-01 2.824253e-02 -4.261479e-02 1.118298e+02
-4.369529e-02 -6.180118e-03 9.990258e-01 5.170535e+01 2.907718e-02 9.995494e-01 7.455132e-03 -3.405736e+00 -9.986217e-01 2.937461e-02 -4.349590e-02 1.118005e+02
-4.718415e-02 -6.440916e-03 9.988654e-01 5.237532e+01 2.568163e-02 9.996408e-01 7.659059e-03 -3.413448e+00 -9.985560e-01 2.601388e-02 -4.700179e-02 1.117788e+02
-5.239878e-02 -6.803561e-03 9.986031e-01 5.304283e+01 2.206804e-02 9.997247e-01 7.969159e-03 -3.423544e+00 -9.983824e-01 2.245479e-02 -5.223421e-02 1.117535e+02
-5.826352e-02 -2.783889e-03 9.982974e-01 5.372554e+01 2.578743e-02 9.996582e-01 4.292712e-03 -3.428173e+00 -9.979681e-01 2.599363e-02 -5.817181e-02 1.117129e+02
-6.454451e-02 5.857027e-05 9.979148e-01 5.438595e+01 2.820447e-02 9.996006e-01 1.765579e-03 -3.436567e+00 -9.975162e-01 2.825962e-02 -6.452039e-02 1.116596e+02
-7.179165e-02 1.682738e-03 9.974182e-01 5.505944e+01 2.767164e-02 9.996170e-01 3.052871e-04 -3.445446e+00 -9.970357e-01 2.762211e-02 -7.181072e-02 1.116127e+02
-7.796217e-02 3.306094e-04 9.969563e-01 5.573368e+01 2.326957e-02 9.997281e-01 1.488156e-03 -3.459928e+00 -9.966847e-01 2.331476e-02 -7.794867e-02 1.115655e+02
-8.332366e-02 -6.968415e-04 9.965223e-01 5.641531e+01 2.295820e-02 9.997330e-01 2.618724e-03 -3.469497e+00 -9.962580e-01 2.309656e-02 -8.328541e-02 1.115133e+02
-8.805684e-02 -3.213212e-04 9.961154e-01 5.710682e+01 2.086595e-02 9.997799e-01 2.167058e-03 -3.479200e+00 -9.958969e-01 2.097572e-02 -8.803075e-02 1.114585e+02
-9.176375e-02 -8.052629e-04 9.957805e-01 5.780085e+01 1.856768e-02 9.998244e-01 2.519593e-03 -3.486065e+00 -9.956077e-01 1.872054e-02 -9.173269e-02 1.113987e+02
-9.405296e-02 -3.520152e-03 9.955610e-01 5.850743e+01 1.962355e-02 9.997929e-01 5.388998e-03 -3.485950e+00 -9.953738e-01 2.004329e-02 -9.396441e-02 1.113299e+02
-9.583754e-02 -6.758411e-03 9.953740e-01 5.921316e+01 2.176102e-02 9.997237e-01 8.883159e-03 -3.493536e+00 -9.951591e-01 2.251169e-02 -9.566399e-02 1.112630e+02
-9.698232e-02 -1.010699e-02 9.952348e-01 5.993557e+01 2.177351e-02 9.996876e-01 1.227397e-02 -3.504880e+00 -9.950479e-01 2.286012e-02 -9.673196e-02 1.111936e+02
-9.838353e-02 -1.023152e-02 9.950960e-01 6.066013e+01 2.106552e-02 9.997017e-01 1.236159e-02 -3.505606e+00 -9.949256e-01 2.217839e-02 -9.813865e-02 1.111289e+02
-9.842147e-02 -6.546820e-03 9.951233e-01 6.138543e+01 2.296637e-02 9.996971e-01 8.848372e-03 -3.508232e+00 -9.948798e-01 2.372524e-02 -9.824130e-02 1.110562e+02
-9.857125e-02 -2.562280e-03 9.951267e-01 6.211624e+01 2.883441e-02 9.995695e-01 5.429882e-03 -3.512124e+00 -9.947122e-01 2.922912e-02 -9.845493e-02 1.109772e+02
-9.924532e-02 2.094107e-03 9.950608e-01 6.285502e+01 3.620300e-02 9.993433e-01 1.507694e-03 -3.520327e+00 -9.944042e-01 3.617382e-02 -9.925596e-02 1.108964e+02
-1.000865e-01 3.582478e-03 9.949723e-01 6.359795e+01 3.741797e-02 9.992997e-01 1.658968e-04 -3.522217e+00 -9.942749e-01 3.724645e-02 -1.001504e-01 1.108230e+02
-1.002850e-01 1.138038e-03 9.949581e-01 6.434855e+01 3.496201e-02 9.993858e-01 2.380828e-03 -3.530762e+00 -9.943443e-01 3.502450e-02 -1.002632e-01 1.107546e+02
-9.984161e-02 -3.478325e-03 9.949973e-01 6.510345e+01 3.536140e-02 9.993498e-01 7.041831e-03 -3.536196e+00 -9.943748e-01 3.588756e-02 -9.965369e-02 1.106791e+02
-9.951004e-02 -5.787787e-03 9.950197e-01 6.584904e+01 3.764615e-02 9.992452e-01 9.577286e-03 -3.548733e+00 -9.943242e-01 3.841170e-02 -9.921705e-02 1.106006e+02
-1.005706e-01 -6.243394e-03 9.949103e-01 6.659271e+01 3.820809e-02 9.992184e-01 1.013270e-02 -3.557065e+00 -9.941960e-01 3.903267e-02 -1.002535e-01 1.105286e+02
-1.023311e-01 -5.132624e-03 9.947372e-01 6.733777e+01 3.679824e-02 9.992827e-01 8.941604e-03 -3.562426e+00 -9.940695e-01 3.751958e-02 -1.020688e-01 1.104604e+02
-1.045011e-01 -4.410957e-03 9.945150e-01 6.808030e+01 3.599823e-02 9.993181e-01 8.214863e-03 -3.568992e+00 -9.938731e-01 3.665924e-02 -1.042711e-01 1.103873e+02
-1.068585e-01 -4.238948e-03 9.942652e-01 6.882398e+01 3.720282e-02 9.992736e-01 8.258669e-03 -3.575523e+00 -9.935780e-01 3.787197e-02 -1.066232e-01 1.103120e+02
-1.086772e-01 -3.963821e-03 9.940692e-01 6.956172e+01 3.771320e-02 9.992557e-01 8.107520e-03 -3.581545e+00 -9.933615e-01 3.837063e-02 -1.084468e-01 1.102337e+02
-1.106148e-01 -4.275341e-03 9.938542e-01 7.030649e+01 3.769962e-02 9.992530e-01 8.494489e-03 -3.589354e+00 -9.931481e-01 3.840754e-02 -1.103710e-01 1.101536e+02
-1.120906e-01 -3.839930e-03 9.936906e-01 7.105570e+01 3.566965e-02 9.993325e-01 7.885352e-03 -3.594894e+00 -9.930576e-01 3.632847e-02 -1.118788e-01 1.100731e+02
-1.131408e-01 -2.316372e-03 9.935763e-01 7.180967e+01 3.581051e-02 9.993381e-01 6.407630e-03 -3.604233e+00 -9.929334e-01 3.630544e-02 -1.129830e-01 1.099927e+02
-1.141518e-01 -1.704881e-03 9.934619e-01 7.257527e+01 3.557353e-02 9.993502e-01 5.802494e-03 -3.607521e+00 -9.928262e-01 3.600331e-02 -1.140170e-01 1.099129e+02
-1.154468e-01 -1.258090e-03 9.933129e-01 7.333973e+01 3.581175e-02 9.993438e-01 5.427913e-03 -3.612837e+00 -9.926679e-01 3.619891e-02 -1.153260e-01 1.098309e+02
-1.166232e-01 -3.153015e-03 9.931712e-01 7.412553e+01 3.670964e-02 9.992980e-01 7.483097e-03 -3.621880e+00 -9.924976e-01 3.733166e-02 -1.164256e-01 1.097421e+02
-1.174999e-01 -5.692194e-03 9.930566e-01 7.490814e+01 3.434460e-02 9.993621e-01 9.792040e-03 -3.630893e+00 -9.924788e-01 3.525670e-02 -1.172294e-01 1.096541e+02
-1.192581e-01 -7.833906e-03 9.928324e-01 7.569599e+01 3.156634e-02 9.994334e-01 1.167771e-02 -3.634878e+00 -9.923614e-01 3.273275e-02 -1.189432e-01 1.095685e+02
-1.215996e-01 -8.329781e-03 9.925443e-01 7.648654e+01 3.299934e-02 9.993781e-01 1.242998e-02 -3.640045e+00 -9.920305e-01 3.426478e-02 -1.212491e-01 1.094770e+02
