1.000000e+00 0.000000e+00 0.000000e+00 0.000000e+00 0.000000e+00 1.000000e+00 0.000000e+00 0.000000e+00 0.000000e+00 0.000000e+00 1.000000e+00 0.000000e+00
9.999984e-01 6.117953e-04 1.692975e-03 -2.774462e-03 -6.101107e-04 9.999993e-01 -9.953858e-04 -2.151964e-02 -1.693583e-03 9.943512e-04 9.999981e-01 1.202905e+00
9.999955e-01 7.975484e-04 2.891821e-03 4.834639e-04 -7.953886e-04 9.999994e-01 -7.479504e-04 -4.037429e-02 -2.892416e-03 7.456469e-04 9.999955e-01 2.404812e+00
9.999912e-01 -2.148754e-04 4.193126e-03 -1.821753e-03 2.173446e-04 9.999998e-01 -5.884227e-04 -6.169935e-02 -4.192999e-03 5.893289e-04 9.999910e-01 3.616805e+00
9.999871e-01 -1.379626e-03 4.888110e-03 1.219306e-03 1.381722e-03 9.999990e-01 -4.255875e-04 -8.250776e-02 -4.887518e-03 4.323360e-04 9.999880e-01 4.812017e+00
9.999806e-01 -2.156750e-03 5.838348e-03 -3.616189e-04 2.158760e-03 9.999976e-01 -3.380018e-04 -1.044636e-01 -5.837605e-03 3.505989e-04 9.999829e-01 6.009102e+00
9.999767e-01 -2.060367e-03 6.515314e-03 2.538011e-03 2.068968e-03 9.999970e-01 -1.313680e-03 -1.251936e-01 -6.512587e-03 1.327129e-03 9.999779e-01 7.205626e+00
9.999716e-01 -2.117587e-03 7.231271e-03 6.137068e-03 2.131256e-03 9.999960e-01 -1.883057e-03 -1.415547e-01 -7.227255e-03 1.898415e-03 9.999721e-01 8.423435e+00
9.999711e-01 -2.896601e-03 7.029640e-03 1.725056e-02 2.899250e-03 9.999957e-01 -3.665899e-04 -1.595967e-01 -7.028548e-03 3.869600e-04 9.999752e-01 9.618109e+00
9.999775e-01 -3.441688e-03 5.763729e-03 2.524985e-02 3.437854e-03 9.999939e-01 6.749806e-04 -1.803994e-01 -5.766017e-03 -6.551506e-04 9.999832e-01 1.082091e+01
9.999819e-01 -5.093353e-03 3.209429e-03 2.489331e-02 5.092112e-03 9.999870e-01 3.947446e-04 -2.055744e-01 -3.211398e-03 -3.783947e-04 9.999948e-01 1.201880e+01
9.999880e-01 -4.726167e-03 1.294669e-03 1.866537e-02 4.725810e-03 9.999888e-01 2.786412e-04 -2.318971e-01 -1.295972e-03 -2.725195e-04 9.999991e-01 1.320221e+01
9.999876e-01 -4.971822e-03 -7.021923e-07 1.180530e-02 4.971823e-03 9.999876e-01 2.447656e-04 -2.587493e-01 -5.147473e-07 -2.447660e-04 1.000000e+00 1.440625e+01
9.999920e-01 -3.776294e-03 -1.280614e-03 8.467311e-03 3.776540e-03 9.999929e-01 1.893589e-04 -2.802142e-01 1.279890e-03 -1.941937e-04 9.999992e-01 1.560553e+01
9.999884e-01 -4.348694e-03 -2.059603e-03 5.845171e-03 4.348926e-03 9.999905e-01 1.085132e-04 -3.009570e-01 2.059112e-03 -1.174691e-04 9.999979e-01 1.681921e+01
9.999842e-01 -4.971370e-03 -2.635167e-03 -4.180634e-03 4.972316e-03 9.999876e-01 3.523983e-04 -3.216019e-01 2.633382e-03 -3.654956e-04 9.999965e-01 1.802289e+01
9.999792e-01 -5.654058e-03 -3.115159e-03 -1.811032e-02 5.655928e-03 9.999838e-01 5.918839e-04 -3.428246e-01 3.111762e-03 -6.094907e-04 9.999950e-01 1.922585e+01
9.999807e-01 -4.996743e-03 -3.704474e-03 -2.943319e-02 4.994306e-03 9.999873e-01 -6.668050e-04 -3.567396e-01 3.707759e-03 6.482908e-04 9.999929e-01 2.044107e+01
9.999738e-01 -5.702675e-03 -4.451407e-03 -3.867930e-02 5.696193e-03 9.999827e-01 -1.467509e-03 -3.789640e-01 4.459699e-03 1.442114e-03 9.999890e-01 2.163598e+01
9.999719e-01 -5.011137e-03 -5.568699e-03 -4.610673e-02 5.006593e-03 9.999871e-01 -8.295741e-04 -4.027904e-01 5.572784e-03 8.016706e-04 9.999842e-01 2.282583e+01
9.999660e-01 -5.338726e-03 -6.285519e-03 -5.922649e-02 5.333597e-03 9.999854e-01 -8.325966e-04 -4.273117e-01 6.289873e-03 7.990439e-04 9.999799e-01 2.403356e+01
9.999538e-01 -6.159045e-03 -7.379608e-03 -7.014205e-02 6.150843e-03 9.999804e-01 -1.133663e-03 -4.537596e-01 7.386446e-03 1.088220e-03 9.999721e-01 2.522470e+01
9.999472e-01 -6.003654e-03 -8.340384e-03 -8.291735e-02 5.999668e-03 9.999819e-01 -5.028754e-04 -4.732816e-01 8.343252e-03 4.528093e-04 9.999651e-01 2.642271e+01
9.999330e-01 -7.389673e-03 -8.914208e-03 -1.026772e-01 7.404305e-03 9.999713e-01 1.609602e-03 -5.008142e-01 8.902057e-03 -1.675497e-03 9.999590e-01 2.761868e+01
9.999179e-01 -7.955044e-03 -1.004066e-02 -1.222011e-01 7.976827e-03 9.999659e-01 2.131372e-03 -5.294211e-01 1.002336e-02 -2.211289e-03 9.999473e-01 2.882416e+01
9.998937e-01 -9.181276e-03 -1.132665e-02 -1.317888e-01 9.198011e-03 9.999567e-01 1.426351e-03 -5.489917e-01 1.131306e-02 -1.530382e-03 9.999348e-01 3.002319e+01
9.998811e-01 -9.545189e-03 -1.210849e-02 -1.530770e-01 9.551305e-03 9.999543e-01 4.474316e-04 -5.704991e-01 1.210367e-02 -5.630303e-04 9.999266e-01 3.122285e+01
9.998717e-01 -9.648106e-03 -1.278495e-02 -1.751685e-01 9.652940e-03 9.999534e-01 3.164675e-04 -5.890521e-01 1.278130e-02 -4.398393e-04 9.999182e-01 3.243707e+01
9.998497e-01 -1.088609e-02 -1.349328e-02 -1.965732e-01 1.090168e-02 9.999400e-01 1.082308e-03 -6.146191e-01 1.348069e-02 -1.229245e-03 9.999084e-01 3.362469e+01
9.998298e-01 -1.171909e-02 -1.425022e-02 -2.166800e-01 1.173898e-02 9.999302e-01 1.312527e-03 -6.349287e-01 1.423384e-02 -1.479587e-03 9.998976e-01 3.482045e+01
9.998103e-01 -1.267796e-02 -1.478940e-02 -2.434902e-01 1.269565e-02 9.999188e-01 1.102437e-03 -6.538000e-01 1.477422e-02 -1.289989e-03 9.998900e-01 3.603376e+01
9.998078e-01 -1.256345e-02 -1.505289e-02 -2.694401e-01 1.257507e-02 9.999207e-01 6.776868e-04 -6.692535e-01 1.504318e-02 -8.668477e-04 9.998865e-01 3.723415e+01
9.997977e-01 -1.333630e-02 -1.505924e-02 -2.951491e-01 1.335687e-02 9.999100e-01 1.265937e-03 -6.895760e-01 1.504101e-02 -1.466825e-03 9.998858e-01 3.843760e+01
9.998080e-01 -1.279970e-02 -1.483638e-02 -3.244586e-01 1.284398e-02 9.999133e-01 2.893445e-03 -7.177416e-01 1.479806e-02 -3.083448e-03 9.998857e-01 3.964178e+01
9.998154e-01 -1.251412e-02 -1.457961e-02 -3.538897e-01 1.257609e-02 9.999122e-01 4.166523e-03 -7.454885e-01 1.452619e-02 -4.349108e-03 9.998850e-01 4.085010e+01
9.998185e-01 -1.188669e-02 -1.489163e-02 -3.764070e-01 1.194454e-02 9.999214e-01 3.801626e-03 -7.639992e-01 1.484527e-02 -3.978809e-03 9.998819e-01 4.205551e+01
9.998335e-01 -1.094084e-02 -1.460138e-02 -4.000621e-01 1.099522e-02 9.999329e-01 3.649704e-03 -7.771067e-01 1.456047e-02 -3.809642e-03 9.998867e-01 4.326220e+01
9.998583e-01 -8.895347e-03 -1.428879e-02 -4.244550e-01 8.971176e-03 9.999460e-01 5.251585e-03 -7.914054e-01 1.424130e-02 -5.379028e-03 9.998841e-01 4.446413e+01
9.998821e-01 -8.886000e-03 -1.252474e-02 -4.502776e-01 8.996859e-03 9.999206e-01 8.822812e-03 -8.084052e-01 1.244534e-02 -8.934455e-03 9.998826e-01 4.567090e+01
9.999013e-01 -9.045139e-03 -1.074647e-02 -4.742791e-01 9.170472e-03 9.998898e-01 1.167128e-02 -8.178421e-01 1.063972e-02 -1.176868e-02 9.998741e-01 4.688111e+01
9.999121e-01 -9.298971e-03 -9.449952e-03 -4.885751e-01 9.440437e-03 9.998424e-01 1.503732e-02 -8.213060e-01 9.308631e-03 -1.512521e-02 9.998423e-01 4.809187e+01
9.999198e-01 -9.708871e-03 -8.131941e-03 -5.025947e-01 9.840908e-03 9.998178e-01 1.635743e-02 -8.249132e-01 7.971647e-03 -1.643614e-02 9.998331e-01 4.930434e+01
9.999086e-01 -1.170120e-02 -6.778723e-03 -5.130408e-01 1.180269e-02 9.998159e-01 1.513060e-02 -8.279960e-01 6.600429e-03 -1.520922e-02 9.998625e-01 5.051369e+01
9.999262e-01 -1.077150e-02 -5.613814e-03 -5.248925e-01 1.084698e-02 9.998488e-01 1.359172e-02 -8.307598e-01 5.466562e-03 -1.365161e-02 9.998919e-01 5.172014e+01
9.999284e-01 -1.089759e-02 -4.947767e-03 -5.349971e-01 1.096274e-02 9.998510e-01 1.333658e-02 -8.414484e-01 4.801693e-03 -1.338987e-02 9.998988e-01 5.294547e+01
9.999202e-01 -1.165102e-02 -4.883534e-03 -5.506619e-01 1.171357e-02 9.998471e-01 1.298091e-02 -8.531629e-01 4.731547e-03 -1.303707e-02 9.999038e-01 5.415868e+01
9.999064e-01 -1.247883e-02 -5.606127e-03 -5.676035e-01 1.254454e-02 9.998512e-01 1.184250e-02 -8.537542e-01 5.457512e-03 -1.191172e-02 9.999142e-01 5.536918e+01
9.998990e-01 -1.217740e-02 -7.323164e-03 -5.823648e-01 1.226362e-02 9.998546e-01 1.184690e-02 -8.524812e-01 7.177834e-03 -1.193552e-02 9.999030e-01 5.658888e+01
9.998862e-01 -1.201821e-02 -9.122483e-03 -5.921226e-01 1.213753e-02 9.998400e-01 1.313911e-02 -8.580441e-01 8.963115e-03 -1.324834e-02 9.998721e-01 5.779884e+01
9.998749e-01 -1.194603e-02 -1.037103e-02 -6.073149e-01 1.208287e-02 9.998394e-01 1.323299e-02 -8.639903e-01 1.021128e-02 -1.335665e-02 9.998587e-01 5.899712e+01
9.998748e-01 -1.104204e-02 -1.133584e-02 -6.265402e-01 1.119112e-02 9.998506e-01 1.317264e-02 -8.753596e-01 1.118870e-02 -1.329785e-02 9.998490e-01 6.021640e+01
9.998620e-01 -1.132945e-02 -1.214699e-02 -6.439362e-01 1.148955e-02 9.998470e-01 1.319276e-02 -8.819240e-01 1.199567e-02 -1.333051e-02 9.998392e-01 6.142240e+01
9.998481e-01 -1.225872e-02 -1.239042e-02 -6.637103e-01 1.241820e-02 9.998400e-01 1.287804e-02 -8.919813e-01 1.223057e-02 -1.302995e-02 9.998403e-01 6.262088e+01
9.998279e-01 -1.365258e-02 -1.256175e-02 -6.844126e-01 1.380130e-02 9.998348e-01 1.182950e-02 -8.985969e-01 1.239817e-02 -1.200083e-02 9.998511e-01 6.383847e+01
9.998091e-01 -1.471137e-02 -1.285589e-02 -7.048903e-01 1.487871e-02 9.998045e-01 1.301965e-02 -9.044490e-01 1.266184e-02 -1.320845e-02 9.998326e-01 6.504325e+01
9.997992e-01 -1.524003e-02 -1.301282e-02 -7.253418e-01 1.542859e-02 9.997756e-01 1.451532e-02 -9.117158e-01 1.278868e-02 -1.471317e-02 9.998100e-01 6.626512e+01
9.998095e-01 -1.454672e-02 -1.301384e-02 -7.519607e-01 1.471514e-02 9.998080e-01 1.294084e-02 -9.177983e-01 1.282310e-02 -1.312988e-02 9.998316e-01 6.746504e+01
9.998325e-01 -1.301701e-02 -1.286506e-02 -7.777867e-01 1.317125e-02 9.998415e-01 1.197792e-02 -9.301878e-01 1.270710e-02 -1.214537e-02 9.998455e-01 6.866687e+01
9.998569e-01 -1.112631e-02 -1.274547e-02 -8.045788e-01 1.128503e-02 9.998588e-01 1.245002e-02 -9.392734e-01 1.260515e-02 -1.259207e-02 9.998413e-01 6.987113e+01
9.998733e-01 -1.001083e-02 -1.237915e-02 -8.348476e-01 1.016670e-02 9.998690e-01 1.259341e-02 -9.445688e-01 1.225145e-02 -1.271767e-02 9.998441e-01 7.107106e+01
9.998899e-01 -8.295759e-03 -1.229926e-02 -8.576729e-01 8.455286e-03 9.998801e-01 1.297569e-02 -9.547363e-01 1.219014e-02 -1.307825e-02 9.998402e-01 7.227196e+01
9.999141e-01 -7.460868e-03 -1.078019e-02 -8.847193e-01 7.610063e-03 9.998749e-01 1.386561e-02 -9.577529e-01 1.067539e-02 -1.394646e-02 9.998458e-01 7.347794e+01
9.999473e-01 -5.266290e-03 -8.812149e-03 -9.057249e-01 5.395277e-03 9.998777e-01 1.467831e-02 -9.659231e-01 8.733771e-03 -1.472509e-02 9.998534e-01 7.466222e+01
9.999569e-01 -6.943668e-03 -6.164901e-03 -9.223814e-01 7.021049e-03 9.998957e-01 1.262012e-02 -9.768912e-01 6.076628e-03 -1.266286e-02 9.999014e-01 7.584689e+01
9.999407e-01 -1.025782e-02 -3.670204e-03 -9.279370e-01 1.028614e-02 9.999168e-01 7.783178e-03 -9.860044e-01 3.590061e-03 -7.820469e-03 9.999630e-01 7.702423e+01
9.999499e-01 -9.924299e-03 -1.341175e-03 -9.338341e-01 9.934180e-03 9.999220e-01 7.573147e-03 -9.992441e-01 1.265912e-03 -7.586091e-03 9.999704e-01 7.820473e+01
9.999381e-01 -1.102194e-02 1.522205e-03 -9.381088e-01 1.100373e-02 9.998734e-01 1.149665e-02 -1.013048e+00 -1.648728e-03 -1.147918e-02 9.999328e-01 7.937604e+01
9.999328e-01 -1.044719e-02 5.025605e-03 -9.422871e-01 1.038172e-02 9.998632e-01 1.288010e-02 -1.021804e+00 -5.159478e-03 -1.282706e-02 9.999044e-01 8.055144e+01
9.999014e-01 -1.034365e-02 9.495065e-03 -9.427981e-01 1.023566e-02 9.998832e-01 1.135160e-02 -1.031743e+00 -9.611372e-03 -1.125329e-02 9.998905e-01 8.172123e+01
9.998493e-01 -1.178981e-02 1.274124e-02 -9.285282e-01 1.168793e-02 9.998994e-01 8.041593e-03 -1.038187e+00 -1.283476e-02 -7.891462e-03 9.998865e-01 8.289484e+01
9.997748e-01 -1.381836e-02 1.610295e-02 -9.166434e-01 1.373321e-02 9.998912e-01 5.386210e-03 -1.060238e+00 -1.617563e-02 -5.163852e-03 9.998558e-01 8.405932e+01
9.996963e-01 -1.493203e-02 1.960662e-02 -9.040853e-01 1.484459e-02 9.998792e-01 4.597646e-03 -1.074039e+00 -1.967291e-02 -4.305197e-03 9.997972e-01 8.523199e+01
9.996072e-01 -1.601885e-02 2.299772e-02 -8.759621e-01 1.587261e-02 9.998527e-01 6.527555e-03 -1.092151e+00 -2.309890e-02 -6.159957e-03 9.997142e-01 8.637360e+01
9.995286e-01 -1.481921e-02 2.688870e-02 -8.553923e-01 1.463174e-02 9.998673e-01 7.155655e-03 -1.110235e+00 -2.699117e-02 -6.758853e-03 9.996128e-01 8.753567e+01
9.994064e-01 -1.536677e-02 3.083505e-02 -8.279965e-01 1.521834e-02 9.998715e-01 5.042502e-03 -1.125328e+00 -3.090857e-02 -4.570250e-03 9.995118e-01 8.869195e+01
9.993008e-01 -1.558344e-02 3.398720e-02 -7.931420e-01 1.549060e-02 9.998755e-01 2.993057e-03 -1.145014e+00 -3.402961e-02 -2.464482e-03 9.994178e-01 8.984098e+01
9.991809e-01 -1.578769e-02 3.726005e-02 -7.563575e-01 1.569611e-02 9.998730e-01 2.749165e-03 -1.158609e+00 -3.729872e-02 -2.162075e-03 9.993018e-01 9.101619e+01
9.990508e-01 -1.779684e-02 3.976012e-02 -7.091495e-01 1.763876e-02 9.998351e-01 4.323103e-03 -1.178655e+00 -3.983051e-02 -3.617680e-03 9.991999e-01 9.217641e+01
9.989317e-01 -1.861452e-02 4.229633e-02 -6.637825e-01 1.837799e-02 9.998133e-01 5.974149e-03 -1.193441e+00 -4.239964e-02 -5.190445e-03 9.990872e-01 9.333475e+01
9.988020e-01 -1.976352e-02 4.476513e-02 -6.089307e-01 1.942094e-02 9.997788e-01 8.074950e-03 -1.208385e+00 -4.491482e-02 -7.195895e-03 9.989649e-01 9.450825e+01
9.986633e-01 -2.158734e-02 4.696410e-02 -5.527475e-01 2.117173e-02 9.997323e-01 9.329095e-03 -1.220723e+00 -4.715292e-02 -8.322314e-03 9.988530e-01 9.566504e+01
9.985279e-01 -2.338643e-02 4.893938e-02 -4.885749e-01 2.306424e-02 9.997085e-01 7.137762e-03 -1.233163e+00 -4.909204e-02 -5.998505e-03 9.987762e-01 9.684309e+01
9.983762e-01 -2.495841e-02 5.120672e-02 -4.303254e-01 2.479610e-02 9.996853e-01 3.802666e-03 -1.247669e+00 -5.128552e-02 -2.526764e-03 9.986808e-01 9.799577e+01
9.982947e-01 -2.445989e-02 5.300376e-02 -3.707313e-01 2.443696e-02 9.997008e-01 1.080721e-03 -1.261501e+00 -5.301433e-02 2.163723e-04 9.985937e-01 9.915333e+01
9.981983e-01 -2.528281e-02 5.441455e-02 -3.061324e-01 2.528915e-02 9.996800e-01 5.723005e-04 -1.284983e+00 -5.441161e-02 8.048282e-04 9.985183e-01 1.003329e+02
9.981862e-01 -2.560834e-02 5.448479e-02 -2.387617e-01 2.558052e-02 9.996720e-01 1.208038e-03 -1.295869e+00 -5.449785e-02 1.879024e-04 9.985139e-01 1.015399e+02
9.982361e-01 -2.607366e-02 5.333722e-02 -1.608449e-01 2.595084e-02 9.996587e-01 2.994255e-03 -1.307730e+00 -5.339708e-02 -1.604828e-03 9.985721e-01 1.027552e+02
9.982853e-01 -2.697971e-02 5.194743e-02 -1.051336e-01 2.678782e-02 9.996315e-01 4.386739e-03 -1.320187e+00 -5.204665e-02 -2.987659e-03 9.986402e-01 1.039517e+02
9.983846e-01 -2.741615e-02 4.976495e-02 -4.974865e-02 2.717858e-02 9.996158e-01 5.444462e-03 -1.341148e+00 -4.989510e-02 -4.083126e-03 9.987461e-01 1.051582e+02
9.985189e-01 -2.727434e-02 4.707660e-02 7.444260e-03 2.701320e-02 9.996160e-01 6.174513e-03 -1.356930e+00 -4.722693e-02 -4.893678e-03 9.988722e-01 1.063821e+02
9.986846e-01 -2.698652e-02 4.359893e-02 6.332715e-02 2.675160e-02 9.996243e-01 5.962929e-03 -1.361287e+00 -4.374347e-02 -4.788744e-03 9.990313e-01 1.076093e+02
9.988956e-01 -2.536604e-02 3.954851e-02 1.106701e-01 2.517626e-02 9.996690e-01 5.289374e-03 -1.370694e+00 -3.966959e-02 -4.287849e-03 9.992037e-01 1.088288e+02
9.990395e-01 -2.571680e-02 3.547757e-02 1.640446e-01 2.552857e-02 9.996576e-01 5.748736e-03 -1.387473e+00 -3.561326e-02 -4.837523e-03 9.993539e-01 1.100690e+02
9.991875e-01 -2.505662e-02 3.156842e-02 1.963437e-01 2.485525e-02 9.996682e-01 6.755351e-03 -1.401991e+00 -3.172721e-02 -5.965222e-03 9.994788e-01 1.113072e+02
9.993200e-01 -2.506631e-02 2.703929e-02 2.263387e-01 2.486137e-02 9.996598e-01 7.888867e-03 -1.421308e+00 -2.722783e-02 -7.211269e-03 9.996032e-01 1.125235e+02
9.994278e-01 -2.539032e-02 2.234551e-02 2.515724e-01 2.519811e-02 9.996434e-01 8.841778e-03 -1.443084e+00 -2.256204e-02 -8.273655e-03 9.997112e-01 1.137469e+02
9.995294e-01 -2.525981e-02 1.740716e-02 2.738697e-01 2.510776e-02 9.996451e-01 8.898740e-03 -1.451984e+00 -1.762577e-02 -8.457497e-03 9.998089e-01 1.149913e+02
9.996139e-01 -2.494120e-02 1.224886e-02 2.877394e-01 2.483414e-02 9.996527e-01 8.815626e-03 -1.463563e+00 -1.246448e-02 -8.508032e-03 9.998861e-01 1.162247e+02
9.996631e-01 -2.487672e-02 7.407675e-03 2.874133e-01 2.481476e-02 9.996573e-01 8.341778e-03 -1.472873e+00 -7.612653e-03 -8.155148e-03 9.999378e-01 1.174627e+02
9.997098e-01 -2.391474e-02 2.881225e-03 2.866666e-01 2.389144e-02 9.996836e-01 7.866734e-03 -1.487578e+00 -3.068444e-03 -7.795615e-03 9.999649e-01 1.186966e+02
9.997546e-01 -2.214333e-02 -6.800886e-04 2.785079e-01 2.214813e-02 9.997215e-01 8.142365e-03 -1.505036e+00 4.996002e-04 -8.155429e-03 9.999666e-01 1.199201e+02
9.997856e-01 -2.045840e-02 -3.187955e-03 2.714965e-01 2.048426e-02 9.997557e-01 8.299865e-03 -1.518726e+00 3.017374e-03 -8.363389e-03 9.999605e-01 1.211757e+02
9.997951e-01 -1.971950e-02 -4.563402e-03 2.641149e-01 1.975591e-02 9.997722e-01 8.077483e-03 -1.529979e+00 4.403078e-03 -8.165983e-03 9.999570e-01 1.224204e+02
9.998200e-01 -1.808444e-02 -5.735704e-03 2.467744e-01 1.813051e-02 9.998029e-01 8.085098e-03 -1.530588e+00 5.588359e-03 -8.187634e-03 9.999509e-01 1.236666e+02
9.998242e-01 -1.739687e-02 -6.992349e-03 2.322403e-01 1.746037e-02 9.998059e-01 9.125565e-03 -1.545845e+00 6.832236e-03 -9.246050e-03 9.999339e-01 1.248949e+02
9.998098e-01 -1.794614e-02 -7.632333e-03 2.146950e-01 1.801788e-02 9.997931e-01 9.435857e-03 -1.552837e+00 7.461417e-03 -9.571581e-03 9.999264e-01 1.261331e+02
9.998603e-01 -1.435144e-02 -8.565159e-03 1.891715e-01 1.445110e-02 9.998273e-01 1.168880e-02 -1.567437e+00 8.395928e-03 -1.181094e-02 9.998950e-01 1.273784e+02
9.998643e-01 -1.359314e-02 -9.301969e-03 1.687014e-01 1.373112e-02 9.997942e-01 1.493414e-02 -1.574649e+00 9.097053e-03 -1.505984e-02 9.998452e-01 1.286328e+02
9.998306e-01 -1.536996e-02 -1.012276e-02 1.586746e-01 1.551958e-02 9.997690e-01 1.487221e-02 -1.583557e+00 9.891836e-03 -1.502679e-02 9.998382e-01 1.298973e+02
9.998206e-01 -1.553853e-02 -1.082956e-02 1.410837e-01 1.568497e-02 9.997849e-01 1.357161e-02 -1.585398e+00 1.061635e-02 -1.373904e-02 9.998493e-01 1.311431e+02
9.997575e-01 -1.865127e-02 -1.170423e-02 1.243540e-01 1.882107e-02 9.997167e-01 1.456906e-02 -1.588666e+00 1.142919e-02 -1.478581e-02 9.998254e-01 1.323952e+02
9.996836e-01 -2.157341e-02 -1.293675e-02 1.061645e-01 2.178116e-02 9.996325e-01 1.613955e-02 -1.586066e+00 1.258381e-02 -1.641622e-02 9.997861e-01 1.336535e+02
9.996028e-01 -2.489134e-02 -1.321612e-02 9.018766e-02 2.512845e-02 9.995206e-01 1.808924e-02 -1.587782e+00 1.275952e-02 -1.841415e-02 9.997490e-01 1.349423e+02
9.995499e-01 -2.663330e-02 -1.380924e-02 7.214504e-02 2.690413e-02 9.994417e-01 1.981249e-02 -1.599841e+00 1.327385e-02 -2.017510e-02 9.997083e-01 1.362092e+02
9.994282e-01 -3.090710e-02 -1.371342e-02 5.696396e-02 3.115448e-02 9.993487e-01 1.820802e-02 -1.602778e+00 1.314173e-02 -1.862484e-02 9.997402e-01 1.374745e+02
9.993533e-01 -3.328012e-02 -1.361748e-02 3.605215e-02 3.351197e-02 9.992909e-01 1.716737e-02 -1.599548e+00 1.303649e-02 -1.761262e-02 9.997599e-01 1.387402e+02
9.993044e-01 -3.469200e-02 -1.368160e-02 1.845104e-02 3.492234e-02 9.992459e-01 1.697283e-02 -1.599104e+00 1.308246e-02 -1.743882e-02 9.997623e-01 1.400129e+02
9.993165e-01 -3.451858e-02 -1.323233e-02 -2.540065e-03 3.474314e-02 9.992494e-01 1.713392e-02 -1.593700e+00 1.263096e-02 -1.758194e-02 9.997656e-01 1.412979e+02
9.993309e-01 -3.422081e-02 -1.290754e-02 -2.639446e-02 3.446616e-02 9.992197e-01 1.929008e-02 -1.596156e+00 1.223735e-02 -1.972205e-02 9.997306e-01 1.425644e+02
9.993949e-01 -3.248554e-02 -1.243026e-02 -4.665267e-02 3.274098e-02 9.992447e-01 2.093042e-02 -1.596879e+00 1.174094e-02 -2.132474e-02 9.997037e-01 1.438432e+02
9.993654e-01 -3.354645e-02 -1.197789e-02 -7.192981e-02 3.377071e-02 9.992482e-01 1.903938e-02 -1.586428e+00 1.133018e-02 -1.943180e-02 9.997470e-01 1.451434e+02
9.993798e-01 -3.320381e-02 -1.172477e-02 -8.885454e-02 3.340427e-02 9.992916e-01 1.733619e-02 -1.586016e+00 1.114084e-02 -1.771709e-02 9.997810e-01 1.464211e+02
9.993897e-01 -3.313189e-02 -1.106442e-02 -1.106210e-01 3.329411e-02 9.993358e-01 1.481412e-02 -1.589192e+00 1.056625e-02 -1.517346e-02 9.998290e-01 1.477023e+02
9.993268e-01 -3.505624e-02 -1.081425e-02 -1.238858e-01 3.517551e-02 9.993201e-01 1.104319e-02 -1.599254e+00 1.041977e-02 -1.141615e-02 9.998805e-01 1.489825e+02
9.993226e-01 -3.534806e-02 -1.024291e-02 -1.428024e-01 3.542464e-02 9.993450e-01 7.394048e-03 -1.607914e+00 9.974832e-03 -7.751891e-03 9.999202e-01 1.502530e+02
9.993106e-01 -3.576024e-02 -9.976073e-03 -1.611262e-01 3.582501e-02 9.993376e-01 6.391574e-03 -1.619333e+00 9.740901e-03 -6.744560e-03 9.999298e-01 1.515340e+02
9.992971e-01 -3.611475e-02 -1.004946e-02 -1.813601e-01 3.618223e-02 9.993233e-01 6.615800e-03 -1.632676e+00 9.803733e-03 -6.974762e-03 9.999276e-01 1.528147e+02
9.993252e-01 -3.525020e-02 -1.032148e-02 -1.979938e-01 3.532316e-02 9.993516e-01 6.973417e-03 -1.645934e+00 1.006898e-02 -7.333299e-03 9.999224e-01 1.540811e+02
9.993615e-01 -3.420549e-02 -1.032039e-02 -2.201165e-01 3.428754e-02 9.993809e-01 7.880680e-03 -1.658828e+00 1.004444e-02 -8.229509e-03 9.999157e-01 1.553457e+02
9.993521e-01 -3.439883e-02 -1.058698e-02 -2.392112e-01 3.448717e-02 9.993709e-01 8.277786e-03 -1.670484e+00 1.029557e-02 -8.637538e-03 9.999097e-01 1.566221e+02
9.993269e-01 -3.483165e-02 -1.150952e-02 -2.506602e-01 3.492771e-02 9.993558e-01 8.252956e-03 -1.687559e+00 1.121465e-02 -8.649402e-03 9.998997e-01 1.579179e+02
9.993188e-01 -3.475696e-02 -1.240902e-02 -2.720129e-01 3.486487e-02 9.993551e-01 8.589015e-03 -1.699204e+00 1.210249e-02 -9.015803e-03 9.998861e-01 1.591936e+02
9.992786e-01 -3.552427e-02 -1.343029e-02 -2.880197e-01 3.565718e-02 9.993161e-01 9.789861e-03 -1.707887e+00 1.307333e-02 -1.026168e-02 9.998619e-01 1.604825e+02
9.992896e-01 -3.499378e-02 -1.398797e-02 -3.147445e-01 3.513512e-02 9.993326e-01 9.989511e-03 -1.717364e+00 1.362906e-02 -1.047388e-02 9.998523e-01 1.617624e+02
9.992978e-01 -3.454003e-02 -1.452115e-02 -3.406619e-01 3.467064e-02 9.993597e-01 8.841543e-03 -1.725490e+00 1.420647e-02 -9.338792e-03 9.998555e-01 1.630227e+02
9.992908e-01 -3.449221e-02 -1.510882e-02 -3.666914e-01 3.461270e-02 9.993705e-01 7.786864e-03 -1.741757e+00 1.483072e-02 -8.304299e-03 9.998555e-01 1.642839e+02
9.992878e-01 -3.428668e-02 -1.575670e-02 -3.949899e-01 3.441402e-02 9.993766e-01 7.882755e-03 -1.758352e+00 1.547660e-02 -8.419393e-03 9.998448e-01 1.655502e+02
9.992356e-01 -3.538964e-02 -1.660497e-02 -4.198219e-01 3.551248e-02 9.993436e-01 7.162220e-03 -1.772401e+00 1.634060e-02 -7.746429e-03 9.998365e-01 1.668122e+02
9.992241e-01 -3.543645e-02 -1.719138e-02 -4.495790e-01 3.554736e-02 9.993488e-01 6.188939e-03 -1.790164e+00 1.696087e-02 -6.795245e-03 9.998331e-01 1.680948e+02
9.992098e-01 -3.540602e-02 -1.806177e-02 -4.772497e-01 3.552858e-02 9.993475e-01 6.510349e-03 -1.804627e+00 1.781948e-02 -7.146914e-03 9.998157e-01 1.693641e+02
9.991792e-01 -3.572804e-02 -1.909236e-02 -5.025971e-01 3.588564e-02 9.993241e-01 7.976882e-03 -1.820983e+00 1.879445e-02 -8.655476e-03 9.997859e-01 1.706330e+02
9.991748e-01 -3.554493e-02 -1.965149e-02 -5.351172e-01 3.570993e-02 9.993293e-01 8.110156e-03 -1.829846e+00 1.935004e-02 -8.805217e-03 9.997740e-01 1.719093e+02
9.991481e-01 -3.576009e-02 -2.059744e-02 -5.581352e-01 3.593566e-02 9.993203e-01 8.217423e-03 -1.840367e+00 2.028959e-02 -8.950606e-03 9.997541e-01 1.731998e+02
9.991423e-01 -3.545847e-02 -2.138651e-02 -5.908470e-01 3.564968e-02 9.993271e-01 8.626541e-03 -1.857370e+00 2.106624e-02 -9.381565e-03 9.997341e-01 1.744728e+02
9.991459e-01 -3.520565e-02 -2.163344e-02 -6.291267e-01 3.538828e-02 9.993407e-01 8.117490e-03 -1.878064e+00 2.133339e-02 -8.876127e-03 9.997330e-01 1.757587e+02
9.991653e-01 -3.424085e-02 -2.227524e-02 -6.637117e-01 3.441418e-02 9.993799e-01 7.444603e-03 -1.886671e+00 2.200652e-02 -8.204973e-03 9.997242e-01 1.770309e+02
9.991493e-01 -3.431415e-02 -2.287536e-02 -7.001141e-01 3.450614e-02 9.993721e-01 8.051657e-03 -1.903786e+00 2.258471e-02 -8.834147e-03 9.997059e-01 1.782939e+02
9.991460e-01 -3.431087e-02 -2.302061e-02 -7.345939e-01 3.448530e-02 9.993791e-01 7.223270e-03 -1.921673e+00 2.275848e-02 -8.010974e-03 9.997089e-01 1.795558e+02
9.991002e-01 -3.569308e-02 -2.290716e-02 -7.721265e-01 3.583107e-02 9.993419e-01 5.641869e-03 -1.938398e+00 2.269071e-02 -6.457580e-03 9.997217e-01 1.808227e+02
9.989655e-01 -3.904019e-02 -2.332083e-02 -8.021942e-01 3.918616e-02 9.992149e-01 5.835253e-03 -1.951289e+00 2.307471e-02 -6.743070e-03 9.997110e-01 1.820932e+02
9.989610e-01 -3.887373e-02 -2.378494e-02 -8.371038e-01 3.910992e-02 9.991893e-01 9.547028e-03 -1.967611e+00 2.339453e-02 -1.046734e-02 9.996715e-01 1.833568e+02
9.989425e-01 -3.925656e-02 -2.393245e-02 -8.704014e-01 3.959678e-02 9.991189e-01 1.391120e-02 -1.977060e+00 2.336526e-02 -1.484413e-02 9.996168e-01 1.846258e+02
9.989454e-01 -3.916311e-02 -2.396669e-02 -9.033284e-01 3.948966e-02 9.991314e-01 1.330684e-02 -1.986803e+00 2.342474e-02 -1.423924e-02 9.996242e-01 1.858862e+02
9.990297e-01 -3.721388e-02 -2.355215e-02 -9.423805e-01 3.746586e-02 9.992443e-01 1.034941e-02 -1.996637e+00 2.314921e-02 -1.122177e-02 9.996690e-01 1.871333e+02
9.990102e-01 -3.740932e-02 -2.406728e-02 -9.800916e-01 3.762496e-02 9.992552e-01 8.570069e-03 -2.010261e+00 2.372876e-02 -9.467117e-03 9.996736e-01 1.883709e+02
9.990005e-01 -3.752362e-02 -2.428951e-02 -1.014947e+00 3.774265e-02 9.992503e-01 8.622382e-03 -2.022449e+00 2.394776e-02 -9.530514e-03 9.996678e-01 1.896180e+02
9.990038e-01 -3.748433e-02 -2.421325e-02 -1.046535e+00 3.772889e-02 9.992407e-01 9.723600e-03 -2.033739e+00 2.383039e-02 -1.062745e-02 9.996595e-01 1.908836e+02
9.990196e-01 -3.728719e-02 -2.386591e-02 -1.085541e+00 3.757755e-02 9.992236e-01 1.183556e-02 -2.043646e+00 2.340607e-02 -1.272078e-02 9.996451e-01 1.921362e+02
9.990224e-01 -3.769838e-02 -2.308782e-02 -1.119644e+00 3.799498e-02 9.991992e-01 1.254522e-02 -2.050124e+00 2.259640e-02 -1.341018e-02 9.996547e-01 1.933778e+02
9.990617e-01 -3.755825e-02 -2.156434e-02 -1.152778e+00 3.782876e-02 9.992088e-01 1.227646e-02 -2.061869e+00 2.108620e-02 -1.308070e-02 9.996921e-01 1.946070e+02
9.990165e-01 -3.946081e-02 -2.022064e-02 -1.182105e+00 3.968452e-02 9.991541e-01 1.078428e-02 -2.068929e+00 1.977797e-02 -1.157612e-02 9.997374e-01 1.958389e+02
9.990252e-01 -3.982424e-02 -1.904188e-02 -1.213535e+00 4.001046e-02 9.991541e-01 9.500751e-03 -2.080905e+00 1.864742e-02 -1.025336e-02 9.997735e-01 1.970801e+02
9.990390e-01 -4.020722e-02 -1.744766e-02 -1.242926e+00 4.037764e-02 9.991391e-01 9.527531e-03 -2.099844e+00 1.704957e-02 -1.022287e-02 9.998024e-01 1.983112e+02
9.991054e-01 -3.919119e-02 -1.588625e-02 -1.274606e+00 3.935745e-02 9.991722e-01 1.029143e-02 -2.109795e+00 1.546977e-02 -1.090746e-02 9.998208e-01 1.995297e+02
9.991059e-01 -3.969687e-02 -1.454768e-02 -1.298051e+00 3.987216e-02 9.991332e-01 1.196442e-02 -2.116927e+00 1.406012e-02 -1.253377e-02 9.998226e-01 2.007401e+02
9.991362e-01 -3.929869e-02 -1.350464e-02 -1.320323e+00 3.946580e-02 9.991447e-01 1.233821e-02 -2.131945e+00 1.300822e-02 -1.286052e-02 9.998327e-01 2.019535e+02
9.991363e-01 -3.969655e-02 -1.228257e-02 -1.340578e+00 3.984779e-02 9.991298e-01 1.232398e-02 -2.142014e+00 1.178266e-02 -1.280277e-02 9.998486e-01 2.031586e+02
9.991563e-01 -3.948414e-02 -1.129783e-02 -1.361004e+00 3.962596e-02 9.991349e-01 1.261785e-02 -2.151176e+00 1.078985e-02 -1.305489e-02 9.998566e-01 2.043648e+02
9.991554e-01 -3.978192e-02 -1.029282e-02 -1.379338e+00 3.991457e-02 9.991183e-01 1.301959e-02 -2.162858e+00 9.765798e-03 -1.341943e-02 9.998623e-01 2.055784e+02
9.991674e-01 -3.971535e-02 -9.340111e-03 -1.396705e+00 3.983703e-02 9.991187e-01 1.322386e-02 -2.175164e+00 8.806689e-03 -1.358494e-02 9.998689e-01 2.067719e+02
9.991585e-01 -4.009540e-02 -8.640076e-03 -1.414174e+00 4.021168e-02 9.990968e-01 1.373290e-02 -2.188651e+00 8.081646e-03 -1.406878e-02 9.998684e-01 2.079529e+02
9.990963e-01 -4.170794e-02 -8.190250e-03 -1.425229e+00 4.182047e-02 9.990259e-01 1.408543e-02 -2.200250e+00 7.594798e-03 -1.441522e-02 9.998673e-01 2.091061e+02
9.990676e-01 -4.239335e-02 -8.168726e-03 -1.438648e+00 4.251742e-02 9.989729e-01 1.566628e-02 -2.221530e+00 7.496189e-03 -1.599899e-02 9.998439e-01 2.102696e+02
9.990182e-01 -4.340738e-02 -8.856977e-03 -1.450410e+00 4.355301e-02 9.989069e-01 1.697218e-02 -2.234119e+00 8.110577e-03 -1.734127e-02 9.998167e-01 2.114051e+02
9.990325e-01 -4.298518e-02 -9.288692e-03 -1.468479e+00 4.313851e-02 9.989246e-01 1.698946e-02 -2.241023e+00 8.548409e-03 -1.737372e-02 9.998125e-01 2.125172e+02
9.990501e-01 -4.246879e-02 -9.759113e-03 -1.483748e+00 4.262475e-02 9.989570e-01 1.637106e-02 -2.253684e+00 9.053675e-03 -1.677149e-02 9.998184e-01 2.136155e+02
9.990140e-01 -4.313714e-02 -1.049701e-02 -1.494447e+00 4.329822e-02 9.989398e-01 1.563478e-02 -2.260154e+00 9.811441e-03 -1.607387e-02 9.998227e-01 2.146945e+02
9.990228e-01 -4.279760e-02 -1.104035e-02 -1.515173e+00 4.297079e-02 9.989489e-01 1.595774e-02 -2.271902e+00 1.034579e-02 -1.641656e-02 9.998117e-01 2.157741e+02
9.989457e-01 -4.419453e-02 -1.242586e-02 -1.530136e+00 4.438928e-02 9.988884e-01 1.585990e-02 -2.276971e+00 1.171112e-02 -1.639475e-02 9.997970e-01 2.168315e+02
9.988822e-01 -4.513983e-02 -1.402448e-02 -1.546516e+00 4.536877e-02 9.988347e-01 1.645849e-02 -2.281784e+00 1.326521e-02 -1.707637e-02 9.997662e-01 2.178928e+02
9.988095e-01 -4.618732e-02 -1.569451e-02 -1.569368e+00 4.646996e-02 9.987548e-01 1.814831e-02 -2.288625e+00 1.483674e-02 -1.885602e-02 9.997121e-01 2.189421e+02
9.987808e-01 -4.588601e-02 -1.820177e-02 -1.589983e+00 4.624365e-02 9.987351e-01 1.973980e-02 -2.293149e+00 1.727297e-02 -2.055745e-02 9.996395e-01 2.199663e+02
9.987400e-01 -4.580036e-02 -2.051244e-02 -1.616679e+00 4.620261e-02 9.987401e-01 1.958514e-02 -2.294949e+00 1.958959e-02 -2.050820e-02 9.995977e-01 2.209791e+02
9.986604e-01 -4.625255e-02 -2.319759e-02 -1.643294e+00 4.670126e-02 9.987246e-01 1.918892e-02 -2.301023e+00 2.228047e-02 -2.024657e-02 9.995467e-01 2.219597e+02
9.985783e-01 -4.655088e-02 -2.596883e-02 -1.672958e+00 4.705233e-02 9.987109e-01 1.904480e-02 -2.301638e+00 2.504880e-02 -2.023961e-02 9.994813e-01 2.229301e+02
9.985291e-01 -4.592842e-02 -2.881320e-02 -1.705552e+00 4.650168e-02 9.987269e-01 1.955122e-02 -2.308126e+00 2.787856e-02 -2.086232e-02 9.993936e-01 2.238782e+02
9.984528e-01 -4.567097e-02 -3.171901e-02 -1.740136e+00 4.629049e-02 9.987458e-01 1.907947e-02 -2.310956e+00 3.080785e-02 -2.051824e-02 9.993147e-01 2.248111e+02
9.983575e-01 -4.559119e-02 -3.469480e-02 -1.776096e+00 4.625911e-02 9.987545e-01 1.869807e-02 -2.319098e+00 3.379912e-02 -2.027231e-02 9.992230e-01 2.257116e+02
9.982163e-01 -4.607818e-02 -3.796195e-02 -1.814028e+00 4.678934e-02 9.987415e-01 1.806235e-02 -2.327044e+00 3.708189e-02 -1.980634e-02 9.991159e-01 2.265917e+02
9.981486e-01 -4.502323e-02 -4.089388e-02 -1.861073e+00 4.577176e-02 9.987977e-01 1.755557e-02 -2.332123e+00 4.005430e-02 -1.939485e-02 9.990093e-01 2.274455e+02
9.980378e-01 -4.478818e-02 -4.375628e-02 -1.904728e+00 4.556328e-02 9.988188e-01 1.687980e-02 -2.341485e+00 4.294858e-02 -1.884036e-02 9.988996e-01 2.282731e+02
9.980240e-01 -4.252861e-02 -4.625441e-02 -1.948309e+00 4.332957e-02 9.989253e-01 1.645343e-02 -2.344547e+00 4.550496e-02 -1.842510e-02 9.987942e-01 2.290850e+02
9.980397e-01 -4.152734e-02 -4.682184e-02 -1.994689e+00 4.235918e-02 9.989592e-01 1.691564e-02 -2.350714e+00 4.607065e-02 -1.886582e-02 9.987600e-01 2.298839e+02
9.980743e-01 -4.097370e-02 -4.657152e-02 -2.035871e+00 4.185273e-02 9.989606e-01 1.805871e-02 -2.358875e+00 4.578318e-02 -1.997308e-02 9.987517e-01 2.306643e+02
9.981023e-01 -4.063817e-02 -4.626478e-02 -2.073648e+00 4.154713e-02 9.989586e-01 1.885752e-02 -2.365504e+00 4.545027e-02 -2.074390e-02 9.987512e-01 2.314328e+02
9.980960e-01 -4.112710e-02 -4.596729e-02 -2.111184e+00 4.201779e-02 9.989441e-01 1.858101e-02 -2.373142e+00 4.515457e-02 -2.047708e-02 9.987701e-01 2.321774e+02
9.981070e-01 -4.103283e-02 -4.581213e-02 -2.146033e+00 4.183099e-02 9.989868e-01 1.660151e-02 -2.375124e+00 4.508451e-02 -1.848645e-02 9.988121e-01 2.329196e+02
9.981392e-01 -4.136181e-02 -4.480368e-02 -2.181638e+00 4.205362e-02 9.990085e-01 1.460965e-02 -2.381618e+00 4.415498e-02 -1.646662e-02 9.988890e-01 2.336535e+02
9.982198e-01 -4.105266e-02 -4.326523e-02 -2.220058e+00 4.165194e-02 9.990471e-01 1.304159e-02 -2.382492e+00 4.268860e-02 -1.482045e-02 9.989785e-01 2.343837e+02
9.982899e-01 -4.054135e-02 -4.211611e-02 -2.251935e+00 4.111318e-02 9.990725e-01 1.280099e-02 -2.389351e+00 4.155807e-02 -1.451063e-02 9.990307e-01 2.351101e+02
9.983403e-01 -4.120463e-02 -4.023543e-02 -2.283823e+00 4.175175e-02 9.990453e-01 1.285320e-02 -2.395550e+00 3.966741e-02 -1.451177e-02 9.991076e-01 2.358298e+02
9.984056e-01 -4.116420e-02 -3.862304e-02 -2.312078e+00 4.168739e-02 9.990482e-01 1.283978e-02 -2.400627e+00 3.805774e-02 -1.442940e-02 9.991714e-01 2.365451e+02
9.984951e-01 -4.082215e-02 -3.662042e-02 -2.341151e+00 4.131968e-02 9.990623e-01 1.293341e-02 -2.406945e+00 3.605811e-02 -1.442710e-02 9.992456e-01 2.372574e+02
9.985415e-01 -4.138054e-02 -3.467654e-02 -2.365732e+00 4.184147e-02 9.990439e-01 1.267348e-02 -2.411138e+00 3.411895e-02 -1.410591e-02 9.993182e-01 2.379717e+02
9.986489e-01 -4.113939e-02 -3.174844e-02 -2.391863e+00 4.156631e-02 9.990524e-01 1.290567e-02 -2.413574e+00 3.118742e-02 -1.420790e-02 9.994126e-01 2.386775e+02
9.986942e-01 -4.224409e-02 -2.872923e-02 -2.411947e+00 4.265079e-02 9.989962e-01 1.369350e-02 -2.414973e+00 2.812192e-02 -1.490094e-02 9.994934e-01 2.393798e+02
9.987538e-01 -4.279555e-02 -2.567867e-02 -2.432709e+00 4.316434e-02 9.989701e-01 1.398336e-02 -2.417962e+00 2.505380e-02 -1.507434e-02 9.995724e-01 2.400826e+02
9.988066e-01 -4.318168e-02 -2.282133e-02 -2.449730e+00 4.351024e-02 9.989535e-01 1.410161e-02 -2.422886e+00 2.218852e-02 -1.507774e-02 9.996401e-01 2.407728e+02
9.988451e-01 -4.378912e-02 -1.977452e-02 -2.465065e+00 4.407249e-02 9.989284e-01 1.412851e-02 -2.429751e+00 1.913465e-02 -1.498370e-02 9.997046e-01 2.414659e+02
9.988897e-01 -4.396391e-02 -1.692801e-02 -2.476798e+00 4.420695e-02 9.989206e-01 1.426126e-02 -2.434955e+00 1.628276e-02 -1.499376e-02 9.997550e-01 2.421574e+02
9.989779e-01 -4.298673e-02 -1.397185e-02 -2.489080e+00 4.317122e-02 9.989807e-01 1.318281e-02 -2.436451e+00 1.339092e-02 -1.377252e-02 9.998155e-01 2.428535e+02
9.989949e-01 -4.341657e-02 -1.114098e-02 -2.500177e+00 4.355946e-02 9.989673e-01 1.292024e-02 -2.441002e+00 1.056852e-02 -1.339255e-02 9.998545e-01 2.435510e+02
9.990215e-01 -4.342431e-02 -8.389771e-03 -2.510048e+00 4.353971e-02 9.989522e-01 1.409989e-02 -2.444021e+00 7.768702e-03 -1.445138e-02 9.998654e-01 2.442554e+02
9.990330e-01 -4.360198e-02 -5.649745e-03 -2.519852e+00 4.368103e-02 9.989371e-01 1.471912e-02 -2.447218e+00 5.001957e-03 -1.495167e-02 9.998757e-01 2.449588e+02
9.990230e-01 -4.406391e-02 -3.387924e-03 -2.523949e+00 4.410888e-02 9.989200e-01 1.460205e-02 -2.450187e+00 2.740841e-03 -1.473723e-02 9.998876e-01 2.456616e+02
9.990067e-01 -4.454331e-02 -1.191840e-03 -2.524460e+00 4.455526e-02 9.989180e-01 1.332694e-02 -2.453958e+00 5.969247e-04 -1.336680e-02 9.999105e-01 2.463697e+02
9.990221e-01 -4.420841e-02 6.150854e-04 -2.526643e+00 4.419895e-02 9.989618e-01 1.103398e-02 -2.455397e+00 -1.102241e-03 -1.099600e-02 9.999389e-01 2.470793e+02
9.989503e-01 -4.577953e-02 1.619468e-03 -2.525722e+00 4.576203e-02 9.989066e-01 9.564543e-03 -2.459373e+00 -2.055557e-03 -9.480392e-03 9.999529e-01 2.477972e+02
9.989777e-01 -4.516885e-02 1.806209e-03 -2.526687e+00 4.515079e-02 9.989394e-01 9.029564e-03 -2.462294e+00 -2.212149e-03 -8.938781e-03 9.999576e-01 2.485182e+02
9.989645e-01 -4.545409e-02 1.970689e-03 -2.526913e+00 4.543540e-02 9.989297e-01 8.670352e-03 -2.468953e+00 -2.362682e-03 -8.571834e-03 9.999605e-01 2.492435e+02
9.990198e-01 -4.421644e-02 2.093481e-03 -2.528958e+00 4.419748e-02 9.989877e-01 8.372538e-03 -2.475515e+00 -2.461566e-03 -8.271805e-03 9.999628e-01 2.499780e+02
9.990502e-01 -4.348579e-02 2.757056e-03 -2.537796e+00 4.346353e-02 9.990255e-01 7.674757e-03 -2.479747e+00 -3.088113e-03 -7.547636e-03 9.999667e-01 2.507132e+02
9.990097e-01 -4.439452e-02 2.942702e-03 -2.537818e+00 4.437786e-02 9.989997e-01 5.504704e-03 -2.483669e+00 -3.184137e-03 -5.368662e-03 9.999805e-01 2.514661e+02
9.988018e-01 -4.883162e-02 3.241856e-03 -2.533375e+00 4.881940e-02 9.988006e-01 3.747795e-03 -2.494178e+00 -3.420978e-03 -3.585039e-03 9.999877e-01 2.522195e+02
9.986347e-01 -5.209576e-02 3.855557e-03 -2.528305e+00 5.208404e-02 9.986380e-01 3.081016e-03 -2.501491e+00 -4.010813e-03 -2.875997e-03 9.999878e-01 2.529783e+02
9.987510e-01 -4.978044e-02 4.293447e-03 -2.533142e+00 4.974888e-02 9.987360e-01 7.167891e-03 -2.505254e+00 -4.644841e-03 -6.945344e-03 9.999651e-01 2.537514e+02
9.989262e-01 -4.613687e-02 4.224104e-03 -2.535734e+00 4.607750e-02 9.988505e-01 1.321362e-02 -2.510076e+00 -4.828883e-03 -1.300480e-02 9.999038e-01 2.545325e+02
9.988841e-01 -4.700420e-02 4.594094e-03 -2.527751e+00 4.691963e-02 9.987532e-01 1.704835e-02 -2.516034e+00 -5.389710e-03 -1.681378e-02 9.998441e-01 2.553248e+02
9.988221e-01 -4.800373e-02 7.078672e-03 -2.522941e+00 4.789065e-02 9.987344e-01 1.536212e-02 -2.520459e+00 -7.807152e-03 -1.500502e-02 9.998569e-01 2.561092e+02
9.988332e-01 -4.686031e-02 1.167867e-02 -2.521738e+00 4.675146e-02 9.988621e-01 9.425025e-03 -2.520158e+00 -1.210704e-02 -8.868033e-03 9.998874e-01 2.569050e+02
9.988614e-01 -4.519496e-02 1.527272e-02 -2.512716e+00 4.510748e-02 9.989640e-01 6.024799e-03 -2.522371e+00 -1.552919e-02 -5.329025e-03 9.998652e-01 2.577112e+02
9.988843e-01 -4.350202e-02 1.837764e-02 -2.501658e+00 4.339574e-02 9.990391e-01 6.143221e-03 -2.524352e+00 -1.862722e-02 -5.338856e-03 9.998122e-01 2.585358e+02
9.987242e-01 -4.573240e-02 2.141262e-02 -2.483832e+00 4.555265e-02 9.989231e-01 8.808639e-03 -2.528438e+00 -2.179241e-02 -7.821999e-03 9.997319e-01 2.593635e+02
9.985109e-01 -4.897666e-02 2.402575e-02 -2.460053e+00 4.869224e-02 9.987383e-01 1.228411e-02 -2.537237e+00 -2.459708e-02 -1.109595e-02 9.996359e-01 2.602049e+02
9.983142e-01 -5.150636e-02 2.675641e-02 -2.435791e+00 5.115165e-02 9.985959e-01 1.377719e-02 -2.536260e+00 -2.742845e-02 -1.238533e-02 9.995470e-01 2.610422e+02
9.982486e-01 -5.113335e-02 2.975008e-02 -2.413957e+00 5.071655e-02 9.986064e-01 1.460032e-02 -2.540577e+00 -3.045519e-02 -1.306593e-02 9.994507e-01 2.618829e+02
9.982422e-01 -4.953873e-02 3.253254e-02 -2.394577e+00 4.914982e-02 9.987113e-01 1.264797e-02 -2.547524e+00 -3.311718e-02 -1.102677e-02 9.993906e-01 2.627253e+02
9.981873e-01 -4.895205e-02 3.501228e-02 -2.369556e+00 4.859918e-02 9.987593e-01 1.085987e-02 -2.554147e+00 -3.550045e-02 -9.138613e-03 9.993279e-01 2.635568e+02
9.980946e-01 -4.879890e-02 3.775924e-02 -2.342818e+00 4.843014e-02 9.987701e-01 1.062034e-02 -2.553908e+00 -3.823106e-02 -8.771419e-03 9.992304e-01 2.644103e+02
9.980231e-01 -4.801131e-02 4.055736e-02 -2.314327e+00 4.751890e-02 9.987855e-01 1.301957e-02 -2.560927e+00 -4.113318e-02 -1.106659e-02 9.990924e-01 2.652476e+02
9.979589e-01 -4.685977e-02 4.338375e-02 -2.281665e+00 4.626064e-02 9.988210e-01 1.471293e-02 -2.566762e+00 -4.402205e-02 -1.267594e-02 9.989501e-01 2.660919e+02
9.978525e-01 -4.646437e-02 4.616856e-02 -2.245305e+00 4.583512e-02 9.988424e-01 1.459636e-02 -2.565374e+00 -4.679332e-02 -1.244887e-02 9.988270e-01 2.669469e+02
9.977329e-01 -4.611887e-02 4.901118e-02 -2.212350e+00 4.547547e-02 9.988650e-01 1.416326e-02 -2.564423e+00 -4.960875e-02 -1.190234e-02 9.986978e-01 2.677856e+02
9.975321e-01 -4.761408e-02 5.160126e-02 -2.167860e+00 4.695426e-02 9.988000e-01 1.392522e-02 -2.566812e+00 -5.220238e-02 -1.146795e-02 9.985707e-01 2.686349e+02
9.972754e-01 -5.073852e-02 5.354740e-02 -2.124699e+00 5.002371e-02 9.986412e-01 1.460690e-02 -2.566879e+00 -5.421578e-02 -1.188847e-02 9.984585e-01 2.694823e+02
9.971642e-01 -5.162789e-02 5.475480e-02 -2.085514e+00 5.091188e-02 9.985994e-01 1.439272e-02 -2.565118e+00 -5.542117e-02 -1.156423e-02 9.983961e-01 2.703295e+02
9.970899e-01 -5.253938e-02 5.523915e-02 -2.041436e+00 5.182646e-02 9.985543e-01 1.426138e-02 -2.566048e+00 -5.590857e-02 -1.135703e-02 9.983713e-01 2.711860e+02
9.970638e-01 -5.266258e-02 5.559092e-02 -1.999953e+00 5.192556e-02 9.985439e-01 1.462102e-02 -2.570075e+00 -5.627996e-02 -1.169150e-02 9.983466e-01 2.720482e+02
