1.000000e+00 0.000000e+00 0.000000e+00 0.000000e+00 0.000000e+00 1.000000e+00 0.000000e+00 0.000000e+00 0.000000e+00 0.000000e+00 1.000000e+00 0.000000e+00
9.999785e-01 4.086371e-04 -6.540928e-03 -8.206442e-03 -4.085609e-04 9.999999e-01 1.299573e-05 9.585617e-04 6.540933e-03 -1.032308e-05 9.999786e-01 9.575766e-02
9.999071e-01 6.565976e-04 -1.361274e-02 -1.708691e-02 -6.536031e-04 9.999998e-01 2.244281e-04 -1.516702e-03 1.361288e-02 -2.155100e-04 9.999073e-01 1.939795e-01
9.997739e-01 7.403352e-04 -2.125175e-02 -2.812518e-02 -7.520881e-04 9.999996e-01 -5.450440e-04 -2.660484e-03 2.125134e-02 5.609040e-04 9.997740e-01 2.894987e-01
9.995320e-01 1.178621e-03 -3.056921e-02 -3.892416e-02 -1.229310e-03 9.999979e-01 -1.639424e-03 -6.424691e-03 3.056722e-02 1.676236e-03 9.995313e-01 3.929482e-01
9.991186e-01 1.565429e-03 -4.194770e-02 -5.392435e-02 -1.699439e-03 9.999936e-01 -3.159236e-03 -7.843592e-03 4.194248e-02 3.227739e-03 9.991148e-01 5.094347e-01
9.984365e-01 7.280382e-04 -5.589294e-02 -7.103675e-02 -9.615395e-04 9.999909e-01 -4.150873e-03 -6.312059e-03 5.588941e-02 4.198127e-03 9.984281e-01 6.387121e-01
9.973919e-01 6.460387e-04 -7.217258e-02 -9.585049e-02 -9.465290e-04 9.999910e-01 -4.129373e-03 -7.191816e-03 7.216927e-02 4.186916e-03 9.973836e-01 7.835136e-01
9.958476e-01 -8.595158e-04 -9.103230e-02 -1.229807e-01 4.996965e-04 9.999920e-01 -3.975373e-03 -1.067414e-02 9.103499e-02 3.913377e-03 9.958400e-01 9.300669e-01
9.938010e-01 -2.227234e-03 -1.111511e-01 -1.555292e-01 1.802960e-03 9.999907e-01 -3.917459e-03 -1.558639e-02 1.111588e-01 3.692774e-03 9.937958e-01 1.090412e+00
9.910837e-01 -2.240389e-03 -1.332219e-01 -1.999572e-01 1.736736e-03 9.999909e-01 -3.896638e-03 -2.391180e-02 1.332295e-01 3.630524e-03 9.910786e-01 1.256976e+00
9.875181e-01 1.567617e-03 -1.574977e-01 -2.545708e-01 -2.422141e-03 9.999834e-01 -5.233837e-03 -2.795350e-02 1.574869e-01 5.549991e-03 9.875055e-01 1.428601e+00
9.830956e-01 5.827404e-03 -1.830002e-01 -3.181496e-01 -7.149831e-03 9.999529e-01 -6.567420e-03 -3.530139e-02 1.829533e-01 7.764822e-03 9.830909e-01 1.605390e+00
9.775766e-01 8.376524e-03 -2.104136e-01 -3.852587e-01 -1.017821e-02 9.999202e-01 -7.481095e-03 -4.083468e-02 2.103342e-01 9.454977e-03 9.775838e-01 1.788296e+00
9.707528e-01 9.191952e-03 -2.399053e-01 -4.600965e-01 -1.135232e-02 9.999065e-01 -7.624677e-03 -4.426702e-02 2.398127e-01 1.012516e-02 9.707664e-01 1.979430e+00
9.626452e-01 1.113380e-02 -2.705368e-01 -5.440503e-01 -1.360320e-02 9.998812e-01 -7.254385e-03 -4.781641e-02 2.704239e-01 1.066357e-02 9.626823e-01 2.163278e+00
9.531819e-01 1.313689e-02 -3.021119e-01 -6.438170e-01 -1.579328e-02 9.998551e-01 -6.351557e-03 -4.890850e-02 3.019847e-01 1.082553e-02 9.532513e-01 2.355220e+00
9.419237e-01 1.541414e-02 -3.354732e-01 -7.444244e-01 -1.806521e-02 9.998254e-01 -4.783089e-03 -5.618154e-02 3.353408e-01 1.056570e-02 9.420376e-01 2.538482e+00
9.293369e-01 1.761535e-02 -3.688123e-01 -8.581953e-01 -2.080496e-02 9.997726e-01 -4.673043e-03 -5.718859e-02 3.686462e-01 1.201596e-02 9.294921e-01 2.729487e+00
9.152511e-01 2.022263e-02 -4.023761e-01 -9.740244e-01 -2.378353e-02 9.997097e-01 -3.854959e-03 -6.070677e-02 4.021814e-01 1.309818e-02 9.154663e-01 2.912874e+00
8.991468e-01 2.062234e-02 -4.371609e-01 -1.096103e+00 -2.438834e-02 9.996981e-01 -3.002528e-03 -6.488394e-02 4.369670e-01 1.336134e-02 8.993783e-01 3.094794e+00
8.806339e-01 1.594518e-02 -4.735291e-01 -1.230135e+00 -2.021349e-02 9.997880e-01 -3.925596e-03 -6.474471e-02 4.733661e-01 1.302869e-02 8.807695e-01 3.286865e+00
8.593856e-01 1.067778e-02 -5.112165e-01 -1.368236e+00 -1.505593e-02 9.998769e-01 -4.425489e-03 -6.837480e-02 5.111063e-01 1.150004e-02 8.594406e-01 3.467129e+00
8.341611e-01 1.225693e-02 -5.513846e-01 -1.528489e+00 -1.556476e-02 9.998780e-01 -1.320471e-03 -7.284611e-02 5.513012e-01 9.683657e-03 8.342501e-01 3.646045e+00
8.047256e-01 1.822706e-02 -5.933670e-01 -1.710850e+00 -2.072578e-02 9.997818e-01 2.602961e-03 -7.814361e-02 5.932850e-01 1.020333e-02 8.049278e-01 3.820008e+00
7.719031e-01 2.111458e-02 -6.353895e-01 -1.904472e+00 -2.381385e-02 9.997072e-01 4.290938e-03 -8.085273e-02 6.352941e-01 1.181888e-02 7.721799e-01 3.984889e+00
7.354432e-01 1.980794e-02 -6.772968e-01 -2.117374e+00 -2.270892e-02 9.997316e-01 4.579241e-03 -7.664661e-02 6.772058e-01 1.201291e-02 7.356956e-01 4.161163e+00
6.958877e-01 1.522858e-02 -7.179891e-01 -2.336466e+00 -1.691939e-02 9.998453e-01 4.808188e-03 -7.282144e-02 7.179512e-01 8.801977e-03 6.960377e-01 4.321699e+00
6.530433e-01 1.169742e-02 -7.572302e-01 -2.576281e+00 -1.165149e-02 9.999175e-01 5.397996e-03 -7.241820e-02 7.572309e-01 5.297733e-03 6.531258e-01 4.483906e+00
6.079923e-01 1.106742e-02 -7.938658e-01 -2.838130e+00 -8.571259e-03 9.999361e-01 7.375869e-03 -7.311194e-02 7.938966e-01 2.319957e-03 6.080483e-01 4.637490e+00
5.598618e-01 1.158444e-02 -8.285050e-01 -3.112163e+00 -6.283676e-03 9.999329e-01 9.735217e-03 -7.000069e-02 8.285622e-01 -2.443187e-04 5.598970e-01 4.774142e+00
5.088099e-01 1.279384e-02 -8.607839e-01 -3.410959e+00 -4.439167e-03 9.999153e-01 1.223775e-02 -7.369543e-02 8.608675e-01 -2.405526e-03 5.088235e-01 4.898881e+00
4.558700e-01 1.423238e-02 -8.899326e-01 -3.726875e+00 -3.374584e-03 9.998926e-01 1.426229e-02 -7.061068e-02 8.900400e-01 -3.498600e-03 4.558691e-01 5.011730e+00
4.017860e-01 1.652559e-02 -9.155845e-01 -4.064179e+00 -2.393119e-03 9.998527e-01 1.699640e-02 -6.545214e-02 9.157305e-01 -4.637812e-03 4.017664e-01 5.103736e+00
3.465337e-01 1.802976e-02 -9.378642e-01 -4.410733e+00 -2.276563e-03 9.998285e-01 1.837981e-02 -5.408112e-02 9.380348e-01 -4.234116e-03 3.465153e-01 5.183324e+00
2.913856e-01 2.105307e-02 -9.563740e-01 -4.787228e+00 3.957183e-04 9.997551e-01 2.212860e-02 -5.421457e-02 9.566056e-01 -6.826410e-03 2.913059e-01 5.258704e+00
2.377009e-01 2.310070e-02 -9.710637e-01 -5.181942e+00 4.526770e-03 9.996800e-01 2.488954e-02 -5.022375e-02 9.713278e-01 -1.031205e-02 2.375203e-01 5.319138e+00
1.868782e-01 2.386141e-02 -9.820933e-01 -5.579719e+00 6.596971e-03 9.996519e-01 2.554333e-02 -4.669523e-02 9.823609e-01 -1.125233e-02 1.866558e-01 5.356177e+00
1.394952e-01 2.498943e-02 -9.899074e-01 -5.986922e+00 4.302199e-03 9.996568e-01 2.584180e-02 -4.002238e-02 9.902134e-01 -7.863586e-03 1.393399e-01 5.371179e+00
9.676814e-02 2.538694e-02 -9.949831e-01 -6.420308e+00 2.816877e-03 9.996637e-01 2.578032e-02 -3.228211e-02 9.953030e-01 -5.297459e-03 9.666408e-02 5.378282e+00
5.893002e-02 2.398217e-02 -9.979740e-01 -6.870080e+00 1.516848e-03 9.997081e-01 2.411341e-02 -2.323325e-02 9.982610e-01 -2.934779e-03 5.887644e-02 5.371485e+00
2.453086e-02 2.130963e-02 -9.994719e-01 -7.333257e+00 2.680942e-03 9.997678e-01 2.138174e-02 -1.725420e-02 9.996955e-01 -3.204039e-03 2.446803e-02 5.355185e+00
-6.731980e-03 1.867315e-02 -9.998030e-01 -7.806270e+00 3.284629e-03 9.998207e-01 1.865137e-02 -1.480227e-02 9.999719e-01 -3.158421e-03 -6.792107e-03 5.328273e+00
-3.326134e-02 1.686747e-02 -9.993043e-01 -8.301692e+00 2.540962e-03 9.998558e-01 1.679220e-02 -1.079553e-02 9.994435e-01 -1.980664e-03 -3.329940e-02 5.289391e+00
-5.405326e-02 1.456428e-02 -9.984318e-01 -8.809277e+00 2.186081e-03 9.998930e-01 1.446724e-02 -3.603894e-03 9.985357e-01 -1.400651e-03 -5.407932e-02 5.244930e+00
-7.049866e-02 1.376960e-02 -9.974168e-01 -9.327963e+00 2.705080e-03 9.999037e-01 1.361273e-02 4.648381e-03 9.975082e-01 -1.738413e-03 -7.052912e-02 5.197405e+00
-8.367703e-02 1.422584e-02 -9.963914e-01 -9.872216e+00 4.032252e-03 9.998947e-01 1.393723e-02 1.210798e-02 9.964848e-01 -2.851474e-03 -8.372558e-02 5.143609e+00
-9.328597e-02 1.563700e-02 -9.955166e-01 -1.042736e+01 2.576533e-03 9.998771e-01 1.546406e-02 8.700879e-03 9.956360e-01 -1.122402e-03 -9.331480e-02 5.081457e+00
-9.997263e-02 1.700665e-02 -9.948448e-01 -1.099712e+01 9.462498e-04 9.998551e-01 1.699721e-02 8.841531e-03 9.949897e-01 7.578839e-04 -9.997424e-02 5.012467e+00
-1.042967e-01 1.850290e-02 -9.943741e-01 -1.158793e+01 8.533610e-04 9.998282e-01 1.851488e-02 1.216872e-02 9.945459e-01 1.082480e-03 -1.042945e-01 4.941952e+00
-1.056464e-01 1.921089e-02 -9.942182e-01 -1.218760e+01 3.522201e-03 9.998143e-01 1.894475e-02 2.192847e-02 9.943975e-01 -1.500391e-03 -1.056945e-01 4.878457e+00
-1.047579e-01 2.170556e-02 -9.942609e-01 -1.281285e+01 6.319766e-03 9.997561e-01 2.115966e-02 2.777278e-02 9.944777e-01 -4.066854e-03 -1.048696e-01 4.816095e+00
-1.032953e-01 2.402344e-02 -9.943606e-01 -1.345246e+01 5.531757e-03 9.997067e-01 2.357796e-02 3.569787e-02 9.946354e-01 -3.065070e-03 -1.033978e-01 4.746779e+00
-1.017462e-01 2.370887e-02 -9.945278e-01 -1.410671e+01 3.880766e-03 9.997178e-01 2.343557e-02 4.074262e-02 9.948028e-01 -1.475049e-03 -1.018095e-01 4.675200e+00
-1.002076e-01 2.121872e-02 -9.947403e-01 -1.478210e+01 2.329690e-03 9.997748e-01 2.109143e-02 4.794659e-02 9.949638e-01 -2.039157e-04 -1.002344e-01 4.603207e+00
-9.907669e-02 2.107607e-02 -9.948566e-01 -1.546543e+01 2.760572e-03 9.997776e-01 2.090540e-02 6.018525e-02 9.950760e-01 -6.751346e-04 -9.911285e-02 4.535469e+00
-9.772837e-02 2.387138e-02 -9.949268e-01 -1.616382e+01 3.514603e-03 9.997143e-01 2.364102e-02 7.421427e-02 9.952069e-01 -1.186374e-03 -9.778435e-02 4.471170e+00
-9.608385e-02 2.762131e-02 -9.949899e-01 -1.688182e+01 2.783694e-03 9.996185e-01 2.748098e-02 8.130152e-02 9.953694e-01 -1.292682e-04 -9.612408e-02 4.402732e+00
-9.415041e-02 2.984361e-02 -9.951106e-01 -1.761998e+01 2.128457e-03 9.995543e-01 2.977550e-02 8.966964e-02 9.955557e-01 6.853259e-04 -9.417197e-02 4.325172e+00
-9.244467e-02 2.922481e-02 -9.952888e-01 -1.836191e+01 5.185063e-04 9.995705e-01 2.930237e-02 1.029461e-01 9.957177e-01 2.192785e-03 -9.242011e-02 4.250667e+00
-9.085229e-02 2.610135e-02 -9.955223e-01 -1.910947e+01 -1.625401e-03 9.996512e-01 2.635795e-02 1.186488e-01 9.958631e-01 4.012803e-03 -9.077818e-02 4.179226e+00
-8.936942e-02 2.559433e-02 -9.956696e-01 -1.987888e+01 -2.098584e-03 9.996627e-01 2.588534e-02 1.332519e-01 9.959963e-01 4.402854e-03 -8.928556e-02 4.105782e+00
-8.826036e-02 2.803142e-02 -9.957029e-01 -2.066808e+01 1.395515e-03 9.996065e-01 2.801761e-02 1.452990e-01 9.960965e-01 1.083325e-03 -8.826475e-02 4.040570e+00
-8.698058e-02 3.025752e-02 -9.957504e-01 -2.146680e+01 3.858257e-03 9.995414e-01 3.003569e-02 1.562004e-01 9.962025e-01 -1.229339e-03 -8.705743e-02 3.968740e+00
-8.564794e-02 3.229995e-02 -9.958018e-01 -2.227263e+01 4.908388e-03 9.994759e-01 3.199696e-02 1.636630e-01 9.963134e-01 -2.147308e-03 -8.576159e-02 3.896619e+00
-8.521768e-02 2.758443e-02 -9.959804e-01 -2.306769e+01 5.149420e-03 9.996155e-01 2.724452e-02 1.719168e-01 9.963491e-01 -2.807007e-03 -8.532697e-02 3.828599e+00
-8.503926e-02 2.075971e-02 -9.961613e-01 -2.387153e+01 6.951166e-03 9.997710e-01 2.024153e-02 1.801101e-01 9.963534e-01 -5.203158e-03 -8.516408e-02 3.761338e+00
-8.511126e-02 1.631570e-02 -9.962379e-01 -2.469058e+01 9.631894e-03 9.998327e-01 1.555169e-02 1.908689e-01 9.963249e-01 -8.272034e-03 -8.525417e-02 3.690490e+00
-8.555152e-02 1.740978e-02 -9.961816e-01 -2.552298e+01 1.130529e-02 9.997999e-01 1.650213e-02 1.989583e-01 9.962696e-01 -9.850341e-03 -8.573122e-02 3.616510e+00
-8.570518e-02 2.488452e-02 -9.960097e-01 -2.636563e+01 1.094542e-02 9.996512e-01 2.403367e-02 2.044233e-01 9.962604e-01 -8.841937e-03 -8.594766e-02 3.539049e+00
-8.602607e-02 3.198486e-02 -9.957793e-01 -2.721858e+01 9.906771e-03 9.994626e-01 3.124732e-02 2.150233e-01 9.962436e-01 -7.176874e-03 -8.629670e-02 3.460148e+00
-8.641789e-02 3.784294e-02 -9.955400e-01 -2.806278e+01 8.398290e-03 9.992705e-01 3.725573e-02 2.191679e-01 9.962236e-01 -5.141272e-03 -8.667266e-02 3.381116e+00
-8.698416e-02 3.827059e-02 -9.954743e-01 -2.890486e+01 7.337888e-03 9.992593e-01 3.777492e-02 2.298009e-01 9.961827e-01 -4.018859e-03 -8.720055e-02 3.300150e+00
-8.734257e-02 3.524445e-02 -9.955547e-01 -2.974178e+01 7.432638e-03 9.993692e-01 3.472741e-02 2.407922e-01 9.961506e-01 -4.366416e-03 -8.754943e-02 3.224332e+00
-8.776887e-02 3.241428e-02 -9.956133e-01 -3.058360e+01 7.107538e-03 9.994654e-01 3.191312e-02 2.606546e-01 9.961155e-01 -4.275381e-03 -8.795233e-02 3.145936e+00
-8.778656e-02 3.372878e-02 -9.955681e-01 -3.142620e+01 6.040860e-03 9.994263e-01 3.332682e-02 2.774516e-01 9.961210e-01 -3.088441e-03 -8.793994e-02 3.064734e+00
-8.788090e-02 3.632121e-02 -9.954686e-01 -3.226190e+01 5.672520e-03 9.993371e-01 3.596158e-02 2.894130e-01 9.961148e-01 -2.486479e-03 -8.802868e-02 2.985322e+00
-8.779408e-02 3.490738e-02 -9.955268e-01 -3.308986e+01 5.644020e-03 9.993872e-01 3.454500e-02 3.015603e-01 9.961227e-01 -2.585927e-03 -8.793730e-02 2.905726e+00
-8.736024e-02 2.947823e-02 -9.957405e-01 -3.392567e+01 5.172734e-03 9.995620e-01 2.913754e-02 3.180751e-01 9.961634e-01 -2.605239e-03 -8.747446e-02 2.821335e+00
-8.750143e-02 2.521876e-02 -9.958451e-01 -3.476448e+01 4.524088e-03 9.996793e-01 2.491834e-02 3.345439e-01 9.961541e-01 -2.324901e-03 -8.758745e-02 2.746087e+00
-8.697665e-02 2.602714e-02 -9.958703e-01 -3.559290e+01 5.089721e-03 9.996572e-01 2.568158e-02 3.422648e-01 9.961973e-01 -2.835004e-03 -8.707931e-02 2.670657e+00
-8.647709e-02 2.885239e-02 -9.958360e-01 -3.643097e+01 6.409337e-03 9.995760e-01 2.840417e-02 3.450370e-01 9.962332e-01 -3.926338e-03 -8.662534e-02 2.596208e+00
-8.587581e-02 3.359125e-02 -9.957394e-01 -3.727328e+01 6.988761e-03 9.994272e-01 3.311292e-02 3.652789e-01 9.962813e-01 -4.115386e-03 -8.606138e-02 2.517116e+00
-8.513936e-02 3.898033e-02 -9.956063e-01 -3.811224e+01 8.474276e-03 9.992266e-01 3.839740e-02 3.851693e-01 9.963330e-01 -5.167912e-03 -8.540384e-02 2.440616e+00
-8.515667e-02 4.220312e-02 -9.954734e-01 -3.896402e+01 8.273485e-03 9.990980e-01 4.164904e-02 4.038102e-01 9.963332e-01 -4.689340e-03 -8.542903e-02 2.356604e+00
-8.512646e-02 4.205329e-02 -9.954823e-01 -3.979836e+01 9.292533e-03 9.990990e-01 4.141145e-02 4.234939e-01 9.963268e-01 -5.725342e-03 -8.544054e-02 2.286743e+00
-8.510893e-02 3.758994e-02 -9.956623e-01 -4.061145e+01 9.791495e-03 9.992714e-01 3.688922e-02 4.461638e-01 9.963235e-01 -6.609420e-03 -8.541498e-02 2.216373e+00
-8.499847e-02 3.305271e-02 -9.958327e-01 -4.143849e+01 9.319704e-03 9.994323e-01 3.237671e-02 4.631262e-01 9.963375e-01 -6.528895e-03 -8.525826e-02 2.142369e+00
-8.494113e-02 3.019765e-02 -9.959283e-01 -4.226869e+01 5.987944e-03 9.995381e-01 2.979640e-02 4.787097e-01 9.963680e-01 -3.432623e-03 -8.508271e-02 2.058381e+00
-8.566518e-02 2.809788e-02 -9.959277e-01 -4.310877e+01 2.800179e-03 9.996051e-01 2.796077e-02 4.934934e-01 9.963200e-01 -3.935118e-04 -8.571003e-02 1.974836e+00
-8.636891e-02 2.679025e-02 -9.959030e-01 -4.393494e+01 5.213042e-03 9.996368e-01 2.643860e-02 4.940779e-01 9.962496e-01 -2.908211e-03 -8.647720e-02 1.899388e+00
-8.773825e-02 2.347399e-02 -9.958669e-01 -4.476561e+01 9.141607e-03 9.996992e-01 2.275893e-02 4.985863e-01 9.961016e-01 -7.106996e-03 -8.792645e-02 1.830395e+00
-8.845754e-02 2.202125e-02 -9.958365e-01 -4.558788e+01 1.357683e-02 9.996894e-01 2.090046e-02 5.102462e-01 9.959874e-01 -1.167150e-02 -8.872904e-02 1.757221e+00
-9.089217e-02 2.569683e-02 -9.955291e-01 -4.641090e+01 1.460781e-02 9.995939e-01 2.446805e-02 5.178791e-01 9.957536e-01 -1.231854e-02 -9.123063e-02 1.683701e+00
-9.269557e-02 3.203552e-02 -9.951790e-01 -4.724379e+01 1.718294e-02 9.993849e-01 3.057041e-02 5.235226e-01 9.955462e-01 -1.426636e-02 -9.318902e-02 1.606226e+00
-9.463635e-02 3.584749e-02 -9.948663e-01 -4.805776e+01 1.924856e-02 9.992305e-01 3.417373e-02 5.310102e-01 9.953258e-01 -1.591567e-02 -9.525354e-02 1.527441e+00
-9.619932e-02 3.530191e-02 -9.947359e-01 -4.886278e+01 1.974457e-02 9.992419e-01 3.355236e-02 5.387256e-01 9.951662e-01 -1.641292e-02 -9.682341e-02 1.448268e+00
-9.723236e-02 3.159302e-02 -9.947601e-01 -4.966028e+01 1.653167e-02 9.994094e-01 3.012480e-02 5.469422e-01 9.951244e-01 -1.351594e-02 -9.769722e-02 1.355430e+00
-9.835286e-02 2.812009e-02 -9.947542e-01 -5.044886e+01 1.203424e-02 9.995612e-01 2.706613e-02 5.576236e-01 9.950788e-01 -9.309082e-03 -9.864811e-02 1.262950e+00
-9.983334e-02 2.630070e-02 -9.946565e-01 -5.124235e+01 8.336303e-03 9.996376e-01 2.559570e-02 5.681011e-01 9.949693e-01 -5.736454e-03 -1.000164e-01 1.171736e+00
-1.010405e-01 2.751090e-02 -9.945019e-01 -5.203879e+01 7.097632e-03 9.996121e-01 2.693115e-02 5.718311e-01 9.948570e-01 -4.337473e-03 -1.011965e-01 1.083774e+00
-1.019607e-01 2.919256e-02 -9.943600e-01 -5.283197e+01 7.547936e-03 9.995633e-01 2.857136e-02 5.767558e-01 9.947598e-01 -4.592211e-03 -1.021365e-01 9.976019e-01
-1.029954e-01 2.896746e-02 -9.942599e-01 -5.361304e+01 6.423052e-03 9.995744e-01 2.845693e-02 5.838622e-01 9.946611e-01 -3.455250e-03 -1.031376e-01 9.102168e-01
-1.037076e-01 2.882635e-02 -9.941900e-01 -5.439148e+01 5.770036e-03 9.995805e-01 2.838076e-02 5.874430e-01 9.945911e-01 -2.793212e-03 -1.038304e-01 8.215783e-01
-1.042585e-01 3.085767e-02 -9.940714e-01 -5.517743e+01 7.376298e-03 9.995151e-01 3.025302e-02 5.948589e-01 9.945229e-01 -4.178433e-03 -1.044355e-01 7.377562e-01
-1.045528e-01 3.412640e-02 -9.939336e-01 -5.595330e+01 8.552727e-03 9.994050e-01 3.341459e-02 6.003756e-01 9.944826e-01 -5.007253e-03 -1.047825e-01 6.527481e-01
-1.047089e-01 3.831102e-02 -9.937647e-01 -5.672684e+01 8.537868e-03 9.992555e-01 3.762309e-02 6.111414e-01 9.944663e-01 -4.545161e-03 -1.049580e-01 5.639006e-01
-1.052832e-01 4.081293e-02 -9.936044e-01 -5.749165e+01 9.174850e-03 9.991548e-01 4.006874e-02 6.168194e-01 9.944000e-01 -4.897605e-03 -1.055687e-01 4.773178e-01
-1.058989e-01 4.103503e-02 -9.935298e-01 -5.824616e+01 1.055747e-02 9.991382e-01 4.014136e-02 6.288143e-01 9.943209e-01 -6.238236e-03 -1.062409e-01 3.935122e-01
-1.064140e-01 3.905062e-02 -9.935548e-01 -5.900322e+01 1.211784e-02 9.992052e-01 3.797483e-02 6.444833e-01 9.942481e-01 -7.998688e-03 -1.068027e-01 3.124720e-01
-1.067456e-01 3.568107e-02 -9.936459e-01 -5.973443e+01 1.312353e-02 9.993194e-01 3.447496e-02 6.535150e-01 9.941998e-01 -9.360090e-03 -1.071412e-01 2.320789e-01
-1.064272e-01 3.305404e-02 -9.937709e-01 -6.046482e+01 1.202973e-02 9.994170e-01 3.195352e-02 6.561306e-01 9.942477e-01 -8.554071e-03 -1.067628e-01 1.463931e-01
-1.051857e-01 3.042650e-02 -9.939870e-01 -6.117814e+01 1.195482e-02 9.994983e-01 2.933012e-02 6.675697e-01 9.943807e-01 -8.797824e-03 -1.054966e-01 6.646909e-02
-1.030637e-01 2.977197e-02 -9.942291e-01 -6.187073e+01 9.432786e-03 9.995363e-01 2.895307e-02 6.716607e-01 9.946300e-01 -6.394339e-03 -1.032968e-01 -1.059906e-02
-9.917968e-02 3.074170e-02 -9.945946e-01 -6.254621e+01 9.551471e-03 9.995060e-01 2.994104e-02 6.771130e-01 9.950237e-01 -6.530298e-03 -9.942431e-02 -7.932345e-02
-9.332074e-02 3.229101e-02 -9.951123e-01 -6.320901e+01 1.009403e-02 9.994532e-01 3.148526e-02 6.831699e-01 9.955849e-01 -7.106461e-03 -9.359567e-02 -1.410431e-01
-8.600180e-02 3.398641e-02 -9.957151e-01 -6.385799e+01 1.121280e-02 9.993877e-01 3.314329e-02 6.894134e-01 9.962319e-01 -8.314368e-03 -8.633023e-02 -1.966727e-01
-7.720672e-02 3.552026e-02 -9.963822e-01 -6.449014e+01 1.018353e-02 9.993411e-01 3.483665e-02 6.938489e-01 9.969631e-01 -7.457062e-03 -7.751758e-02 -2.462598e-01
-6.561494e-02 3.723770e-02 -9.971500e-01 -6.510794e+01 8.724723e-03 9.992866e-01 3.674339e-02 6.998518e-01 9.978069e-01 -6.288942e-03 -6.589302e-02 -2.859406e-01
-5.102172e-02 3.872134e-02 -9.979466e-01 -6.571443e+01 5.889151e-03 9.992424e-01 3.847053e-02 7.091429e-01 9.986802e-01 -3.914226e-03 -5.121111e-02 -3.136072e-01
-3.261193e-02 4.021721e-02 -9.986586e-01 -6.630541e+01 4.751502e-03 9.991850e-01 4.008325e-02 7.195613e-01 9.994568e-01 -3.437936e-03 -3.277644e-02 -3.312836e-01
-1.051352e-02 4.099511e-02 -9.991040e-01 -6.687424e+01 3.935243e-03 9.991532e-01 4.095571e-02 7.290366e-01 9.999370e-01 -3.501128e-03 -1.066594e-02 -3.310905e-01
1.482033e-02 4.141723e-02 -9.990320e-01 -6.742269e+01 4.004495e-03 9.991313e-01 4.148075e-02 7.374896e-01 9.998822e-01 -4.615377e-03 1.464160e-02 -3.076655e-01
4.413368e-02 4.102541e-02 -9.981829e-01 -6.794603e+01 5.899829e-03 9.991283e-01 4.132513e-02 7.476760e-01 9.990082e-01 -7.712938e-03 4.385317e-02 -2.667428e-01
7.843184e-02 4.119445e-02 -9.960680e-01 -6.844956e+01 6.817156e-03 9.991004e-01 4.185665e-02 7.573717e-01 9.968962e-01 -1.007325e-02 7.808045e-02 -2.098105e-01
1.160737e-01 4.125208e-02 -9.923836e-01 -6.893748e+01 7.150414e-03 9.990765e-01 4.236665e-02 7.705663e-01 9.932149e-01 -1.201361e-02 1.156716e-01 -1.321267e-01
1.565835e-01 4.058884e-02 -9.868304e-01 -6.940634e+01 7.162524e-03 9.990823e-01 4.222926e-02 7.832387e-01 9.876388e-01 -1.368060e-02 1.561491e-01 -2.770205e-02
2.011378e-01 4.189793e-02 -9.786665e-01 -6.984783e+01 8.257224e-03 9.989768e-01 4.446449e-02 7.880298e-01 9.795282e-01 -1.702456e-02 2.005860e-01 9.694837e-02
2.493242e-01 4.065729e-02 -9.675662e-01 -7.029564e+01 1.124373e-02 9.989294e-01 4.487249e-02 7.983885e-01 9.683548e-01 -2.206685e-02 2.486001e-01 2.489852e-01
2.991753e-01 3.611862e-02 -9.535143e-01 -7.071008e+01 1.834975e-02 9.988808e-01 4.359451e-02 8.035866e-01 9.540217e-01 -3.053915e-02 2.981777e-01 4.266050e-01
3.502856e-01 3.095859e-02 -9.361312e-01 -7.111243e+01 2.285864e-02 9.988734e-01 4.158686e-02 8.116643e-01 9.363640e-01 -3.596596e-02 3.491833e-01 6.256382e-01
4.025789e-01 2.661141e-02 -9.149984e-01 -7.149948e+01 2.680615e-02 9.988059e-01 4.084294e-02 8.197664e-01 9.149927e-01 -4.097009e-02 4.013849e-01 8.417467e-01
4.537104e-01 2.618590e-02 -8.907644e-01 -7.188311e+01 2.567471e-02 9.987691e-01 4.243834e-02 8.336559e-01 8.907792e-01 -4.212484e-02 4.524797e-01 1.073563e+00
5.021444e-01 2.467907e-02 -8.644316e-01 -7.224978e+01 2.650191e-02 9.986841e-01 4.390676e-02 8.497840e-01 8.643776e-01 -4.495662e-02 5.008296e-01 1.326458e+00
5.471470e-01 2.017787e-02 -8.367933e-01 -7.259265e+01 3.311128e-02 9.984052e-01 4.572507e-02 8.657106e-01 8.363814e-01 -5.272563e-02 5.456063e-01 1.606223e+00
5.911295e-01 1.390096e-02 -8.064569e-01 -7.291569e+01 4.261063e-02 9.979170e-01 4.843459e-02 8.751158e-01 8.054503e-01 -6.299475e-02 5.893059e-01 1.910760e+00
6.339108e-01 8.961014e-03 -7.733542e-01 -7.323049e+01 4.306479e-02 9.979726e-01 4.686350e-02 8.874911e-01 7.722062e-01 -6.301162e-02 6.322397e-01 2.216949e+00
6.753337e-01 4.120533e-03 -7.375008e-01 -7.352863e+01 3.871086e-02 9.984079e-01 4.102601e-02 9.020661e-01 7.364957e-01 -5.625554e-02 6.740989e-01 2.532176e+00
7.161207e-01 -3.246766e-03 -6.979689e-01 -7.380973e+01 3.451279e-02 9.989307e-01 3.076359e-02 9.163557e-01 6.971227e-01 -4.611930e-02 7.154670e-01 2.864609e+00
7.557419e-01 -5.929511e-03 -6.548428e-01 -7.408848e+01 2.833190e-02 9.993188e-01 2.364863e-02 9.317554e-01 6.542565e-01 -3.642520e-02 7.553950e-01 3.230257e+00
7.931276e-01 -6.825742e-03 -6.090173e-01 -7.434075e+01 2.533124e-02 9.994417e-01 2.178752e-02 9.394902e-01 6.085285e-01 -3.270744e-02 7.928577e-01 3.623379e+00
8.274722e-01 -8.198091e-03 -5.614468e-01 -7.458242e+01 2.397137e-02 9.994976e-01 2.073513e-02 9.539021e-01 5.609947e-01 -3.061639e-02 8.272530e-01 4.045917e+00
8.586205e-01 -7.426344e-03 -5.125581e-01 -7.481813e+01 2.001478e-02 9.996183e-01 1.904484e-02 9.661587e-01 5.122210e-01 -2.661103e-02 8.584413e-01 4.491535e+00
8.851916e-01 -6.573246e-03 -4.651802e-01 -7.503924e+01 1.832045e-02 9.996171e-01 2.073686e-02 9.755068e-01 4.648658e-01 -2.687840e-02 8.849731e-01 4.967885e+00
9.070199e-01 -6.531435e-04 -4.210873e-01 -7.525013e+01 1.105137e-02 9.996913e-01 2.225399e-02 9.828734e-01 4.209427e-01 -2.483840e-02 9.067471e-01 5.467107e+00
9.249776e-01 3.392395e-03 -3.800064e-01 -7.544096e+01 5.059770e-03 9.997616e-01 2.124112e-02 9.888924e-01 3.799879e-01 -2.157030e-02 9.247399e-01 5.976161e+00
9.388889e-01 8.533231e-03 -3.441145e-01 -7.562597e+01 -6.027393e-04 9.997319e-01 2.314648e-02 9.961183e-01 3.442198e-01 -2.152456e-02 9.386423e-01 6.518818e+00
9.493851e-01 9.442563e-03 -3.139725e-01 -7.580016e+01 -1.527526e-03 9.996750e-01 2.544581e-02 1.002449e+00 3.141107e-01 -2.367827e-02 9.490910e-01 7.083862e+00
9.570075e-01 8.701006e-03 -2.899326e-01 -7.595785e+01 -8.996202e-04 9.996342e-01 2.703001e-02 1.009452e+00 2.900617e-01 -2.560709e-02 9.566653e-01 7.665873e+00
9.631352e-01 9.051893e-03 -2.688653e-01 -7.611389e+01 -1.306905e-03 9.995794e-01 2.897123e-02 1.023606e+00 2.690145e-01 -2.755183e-02 9.627420e-01 8.265572e+00
9.680259e-01 1.134957e-02 -2.505932e-01 -7.626779e+01 -3.478276e-03 9.994872e-01 3.183122e-02 1.031905e+00 2.508260e-01 -2.994181e-02 9.675690e-01 8.876503e+00
9.718323e-01 1.629368e-02 -2.351097e-01 -7.642677e+01 -8.686860e-03 9.994059e-01 3.335390e-02 1.048060e+00 2.355135e-01 -3.037203e-02 9.713964e-01 9.509432e+00
9.748869e-01 1.948336e-02 -2.218467e-01 -7.657461e+01 -1.208004e-02 9.993255e-01 3.467954e-02 1.064287e+00 2.223727e-01 -3.112871e-02 9.744647e-01 1.015014e+01
9.777865e-01 1.783371e-02 -2.088432e-01 -7.670760e+01 -1.085865e-02 9.993458e-01 3.449766e-02 1.079581e+00 2.093218e-01 -3.146359e-02 9.773405e-01 1.080993e+01
9.806503e-01 1.768250e-02 -1.949676e-01 -7.684142e+01 -1.123995e-02 9.993552e-01 3.410124e-02 1.097136e+00 1.954448e-01 -3.124997e-02 9.802167e-01 1.148756e+01
9.834333e-01 1.827174e-02 -1.803472e-01 -7.696729e+01 -1.218866e-02 9.993206e-01 3.478066e-02 1.117102e+00 1.808602e-01 -3.200627e-02 9.829879e-01 1.218454e+01
9.858886e-01 1.923019e-02 -1.662945e-01 -7.708484e+01 -1.350922e-02 9.992796e-01 3.546566e-02 1.131831e+00 1.668567e-01 -3.271868e-02 9.854381e-01 1.288900e+01
9.879386e-01 1.996600e-02 -1.535538e-01 -7.719623e+01 -1.516518e-02 9.993608e-01 3.237281e-02 1.148347e+00 1.541020e-01 -2.965368e-02 9.876099e-01 1.360781e+01
9.896064e-01 2.042455e-02 -1.423448e-01 -7.731041e+01 -1.671405e-02 9.994899e-01 2.721419e-02 1.162751e+00 1.428280e-01 -2.455218e-02 9.894430e-01 1.434080e+01
9.909499e-01 1.802269e-02 -1.330171e-01 -7.740893e+01 -1.536089e-02 9.996613e-01 2.101018e-02 1.178624e+00 1.333507e-01 -1.877677e-02 9.908910e-01 1.508309e+01
9.920342e-01 1.776422e-02 -1.247099e-01 -7.750461e+01 -1.530756e-02 9.996700e-01 2.062970e-02 1.198471e+00 1.250352e-01 -1.855636e-02 9.919788e-01 1.584204e+01
9.928160e-01 1.987640e-02 -1.179888e-01 -7.760301e+01 -1.682060e-02 9.994983e-01 2.683868e-02 1.207437e+00 1.184631e-01 -2.466123e-02 9.926522e-01 1.660636e+01
9.933119e-01 2.473733e-02 -1.127809e-01 -7.770339e+01 -2.090245e-02 9.991666e-01 3.505967e-02 1.215549e+00 1.135542e-01 -3.246779e-02 9.930011e-01 1.737447e+01
9.938195e-01 2.524884e-02 -1.080989e-01 -7.779924e+01 -2.115942e-02 9.990225e-01 3.881180e-02 1.228999e+00 1.089732e-01 -3.628461e-02 9.933822e-01 1.814426e+01
9.941993e-01 2.384508e-02 -1.048771e-01 -7.787895e+01 -2.001278e-02 9.990984e-01 3.744279e-02 1.249276e+00 1.056754e-01 -3.512671e-02 9.937801e-01 1.890895e+01
9.945205e-01 2.387085e-02 -1.017798e-01 -7.796049e+01 -2.019833e-02 9.991125e-01 3.696224e-02 1.258180e+00 1.025718e-01 -3.470392e-02 9.941200e-01 1.966960e+01
9.948561e-01 2.254172e-02 -9.875796e-02 -7.804453e+01 -1.874967e-02 9.990571e-01 3.915884e-02 1.273462e+00 9.954755e-02 -3.710573e-02 9.943407e-01 2.044280e+01
9.951346e-01 2.080194e-02 -9.630378e-02 -7.811501e+01 -1.684776e-02 9.989884e-01 4.169212e-02 1.286302e+00 9.707365e-02 -3.986677e-02 9.944784e-01 2.120746e+01
9.954524e-01 1.848623e-02 -9.344929e-02 -7.818633e+01 -1.448868e-02 9.989581e-01 4.327661e-02 1.305295e+00 9.415194e-02 -4.172585e-02 9.946830e-01 2.197728e+01
9.957302e-01 1.749191e-02 -9.063939e-02 -7.826090e+01 -1.391227e-02 9.991038e-01 3.997573e-02 1.318396e+00 9.125741e-02 -3.854404e-02 9.950811e-01 2.274105e+01
9.958445e-01 1.978163e-02 -8.889610e-02 -7.833500e+01 -1.693138e-02 9.993217e-01 3.270325e-02 1.332314e+00 8.948273e-02 -3.106222e-02 9.955039e-01 2.349712e+01
9.959679e-01 1.980593e-02 -8.749707e-02 -7.840545e+01 -1.767912e-02 9.995307e-01 2.501570e-02 1.344598e+00 8.795146e-02 -2.336797e-02 9.958506e-01 2.424777e+01
9.960644e-01 2.048555e-02 -8.623279e-02 -7.847613e+01 -1.872324e-02 9.996000e-01 2.119621e-02 1.353451e+00 8.663252e-02 -1.949823e-02 9.960495e-01 2.500820e+01
9.962293e-01 2.195524e-02 -8.393569e-02 -7.854654e+01 -2.006421e-02 9.995270e-01 2.330714e-02 1.357927e+00 8.440770e-02 -2.153515e-02 9.961986e-01 2.576340e+01
9.963591e-01 2.492858e-02 -8.152925e-02 -7.861674e+01 -2.275058e-02 9.993619e-01 2.753513e-02 1.361151e+00 8.216364e-02 -2.558004e-02 9.962905e-01 2.651671e+01
9.964406e-01 2.784376e-02 -7.956713e-02 -7.868422e+01 -2.530546e-02 9.991437e-01 3.273376e-02 1.366147e+00 8.041043e-02 -3.060376e-02 9.962919e-01 2.727713e+01
9.967075e-01 2.524967e-02 -7.704905e-02 -7.874705e+01 -2.262625e-02 9.991404e-01 3.473379e-02 1.376590e+00 7.785984e-02 -3.287609e-02 9.964221e-01 2.803736e+01
9.968649e-01 2.198293e-02 -7.600734e-02 -7.880160e+01 -1.939730e-02 9.992133e-01 3.459074e-02 1.386494e+00 7.670796e-02 -3.300796e-02 9.965071e-01 2.878457e+01
9.969878e-01 2.009213e-02 -7.491135e-02 -7.885818e+01 -1.752057e-02 9.992397e-01 3.482864e-02 1.395907e+00 7.555418e-02 -3.341124e-02 9.965818e-01 2.954003e+01
9.970724e-01 1.874679e-02 -7.413002e-02 -7.891539e+01 -1.634744e-02 9.993269e-01 3.284207e-02 1.410205e+00 7.469580e-02 -3.153409e-02 9.967076e-01 3.028904e+01
9.971591e-01 1.614147e-02 -7.357439e-02 -7.896932e+01 -1.386947e-02 9.994142e-01 3.128732e-02 1.429640e+00 7.403632e-02 -3.017799e-02 9.967988e-01 3.104300e+01
9.972131e-01 1.531380e-02 -7.301765e-02 -7.902701e+01 -1.302797e-02 9.994132e-01 3.167940e-02 1.440567e+00 7.345994e-02 -3.063984e-02 9.968274e-01 3.180208e+01
9.972369e-01 1.787940e-02 -7.210282e-02 -7.909502e+01 -1.553863e-02 9.993380e-01 3.289561e-02 1.453624e+00 7.264324e-02 -3.168434e-02 9.968546e-01 3.257354e+01
9.972474e-01 1.693206e-02 -7.218683e-02 -7.915757e+01 -1.464415e-02 9.993772e-01 3.210670e-02 1.469472e+00 7.268550e-02 -3.096121e-02 9.968742e-01 3.334836e+01
9.971427e-01 1.555139e-02 -7.392235e-02 -7.921686e+01 -1.320900e-02 9.993983e-01 3.207116e-02 1.480620e+00 7.437662e-02 -3.100309e-02 9.967482e-01 3.413058e+01
9.970263e-01 1.324438e-02 -7.591541e-02 -7.928017e+01 -1.078659e-02 9.994072e-01 3.269437e-02 1.493789e+00 7.630342e-02 -3.177828e-02 9.965781e-01 3.491922e+01
9.967615e-01 1.488710e-02 -7.902404e-02 -7.934867e+01 -1.233498e-02 9.993895e-01 3.268604e-02 1.505663e+00 7.946240e-02 -3.160543e-02 9.963367e-01 3.570577e+01
9.964782e-01 1.816868e-02 -8.186020e-02 -7.942597e+01 -1.554106e-02 9.993469e-01 3.262245e-02 1.516202e+00 8.239945e-02 -3.123536e-02 9.961098e-01 3.650000e+01
9.962469e-01 1.886036e-02 -8.447722e-02 -7.950214e+01 -1.656327e-02 9.994760e-01 2.781062e-02 1.526005e+00 8.495747e-02 -2.630703e-02 9.960372e-01 3.728910e+01
9.960144e-01 1.968795e-02 -8.699268e-02 -7.957708e+01 -1.764931e-02 9.995527e-01 2.414196e-02 1.540418e+00 8.742907e-02 -2.251038e-02 9.959164e-01 3.808500e+01
9.958657e-01 1.815628e-02 -8.900516e-02 -7.965527e+01 -1.623357e-02 9.996200e-01 2.227883e-02 1.556989e+00 8.937583e-02 -2.074185e-02 9.957820e-01 3.889307e+01
9.956714e-01 1.796136e-02 -9.119090e-02 -7.973521e+01 -1.585245e-02 9.995911e-01 2.379824e-02 1.564694e+00 9.158106e-02 -2.224963e-02 9.955490e-01 3.972247e+01
9.954922e-01 1.636559e-02 -9.342076e-02 -7.981375e+01 -1.410561e-02 9.995929e-01 2.480074e-02 1.569985e+00 9.378861e-02 -2.337119e-02 9.953178e-01 4.054794e+01
9.953184e-01 1.581491e-02 -9.534791e-02 -7.989671e+01 -1.331144e-02 9.995512e-01 2.683532e-02 1.579464e+00 9.572952e-02 -2.544047e-02 9.950822e-01 4.138718e+01
9.951873e-01 1.546154e-02 -9.676323e-02 -7.998031e+01 -1.254531e-02 9.994507e-01 3.067401e-02 1.594107e+00 9.718435e-02 -2.931246e-02 9.948347e-01 4.222693e+01
9.951090e-01 1.557222e-02 -9.754816e-02 -8.006579e+01 -1.218155e-02 9.993040e-01 3.525867e-02 1.610662e+00 9.802932e-02 -3.389793e-02 9.946060e-01 4.307119e+01
9.951684e-01 1.535153e-02 -9.697474e-02 -8.015295e+01 -1.177362e-02 9.992325e-01 3.736033e-02 1.628075e+00 9.747385e-02 -3.603808e-02 9.945854e-01 4.392872e+01
9.953093e-01 1.806649e-02 -9.504166e-02 -8.024214e+01 -1.456114e-02 9.991925e-01 3.744749e-02 1.647451e+00 9.564146e-02 -3.588792e-02 9.947687e-01 4.478918e+01
9.954868e-01 1.811352e-02 -9.315534e-02 -8.032947e+01 -1.480757e-02 9.992400e-01 3.605819e-02 1.669536e+00 9.373768e-02 -3.451605e-02 9.949984e-01 4.565094e+01
9.956747e-01 1.534583e-02 -9.163237e-02 -8.041148e+01 -1.225651e-02 9.993405e-01 3.418237e-02 1.683646e+00 9.209649e-02 -3.291143e-02 9.952060e-01 4.651433e+01
9.958948e-01 1.080854e-02 -8.987072e-02 -8.048925e+01 -7.897995e-03 9.994347e-01 3.267869e-02 1.701978e+00 9.017313e-02 -3.183474e-02 9.954172e-01 4.738450e+01
9.960992e-01 9.052939e-03 -8.777483e-02 -8.057249e+01 -6.194057e-03 9.994431e-01 3.278847e-02 1.716434e+00 8.802278e-02 -3.211689e-02 9.956006e-01 4.825546e+01
9.961909e-01 5.825878e-03 -8.700463e-02 -8.064887e+01 -2.751217e-03 9.993688e-01 3.541724e-02 1.731840e+00 8.715605e-02 -3.504297e-02 9.955781e-01 4.912413e+01
9.962781e-01 3.293377e-03 -8.613433e-02 -8.072376e+01 -2.978390e-05 9.992829e-01 3.786345e-02 1.750452e+00 8.619726e-02 -3.771996e-02 9.955638e-01 5.000258e+01
9.963691e-01 2.147970e-03 -8.511218e-02 -8.080868e+01 1.071777e-03 9.992860e-01 3.776571e-02 1.767741e+00 8.513253e-02 -3.771981e-02 9.956554e-01 5.086203e+01
9.964701e-01 3.311383e-03 -8.388349e-02 -8.089130e+01 -4.242911e-04 9.994076e-01 3.441235e-02 1.781585e+00 8.394775e-02 -3.425528e-02 9.958812e-01 5.172986e+01
9.965264e-01 5.420102e-03 -8.310051e-02 -8.097686e+01 -3.020011e-03 9.995754e-01 2.898033e-02 1.793161e+00 8.322230e-02 -2.862870e-02 9.961197e-01 5.259597e+01
9.965801e-01 6.359537e-03 -8.238754e-02 -8.104887e+01 -4.408468e-03 9.997060e-01 2.384190e-02 1.797469e+00 8.251495e-02 -2.339716e-02 9.963151e-01 5.345989e+01
9.966257e-01 1.112353e-02 -8.132317e-02 -8.113704e+01 -9.683886e-03 9.997897e-01 1.807575e-02 1.803377e+00 8.150714e-02 -1.722723e-02 9.965239e-01 5.430661e+01
9.967152e-01 1.087368e-02 -8.025316e-02 -8.121214e+01 -9.521238e-03 9.998065e-01 1.721575e-02 1.808163e+00 8.042482e-02 -1.639509e-02 9.966258e-01 5.516431e+01
9.967264e-01 7.730031e-03 -8.047840e-02 -8.127833e+01 -5.840910e-03 9.997025e-01 2.368265e-02 1.811931e+00 8.063753e-02 -2.313505e-02 9.964750e-01 5.602017e+01
9.966962e-01 7.529135e-03 -8.087034e-02 -8.135350e+01 -4.897905e-03 9.994537e-01 3.268563e-02 1.818385e+00 8.107225e-02 -3.218155e-02 9.961886e-01 5.687402e+01
9.966072e-01 6.868996e-03 -8.201724e-02 -8.142958e+01 -3.559965e-03 9.991763e-01 4.042382e-02 1.827655e+00 8.222735e-02 -3.999469e-02 9.958108e-01 5.772895e+01
9.964154e-01 4.254355e-03 -8.448774e-02 -8.150144e+01 -1.027931e-03 9.992698e-01 3.819492e-02 1.845865e+00 8.458854e-02 -3.797116e-02 9.956922e-01 5.857309e+01
9.962505e-01 2.067719e-04 -8.651547e-02 -8.156688e+01 2.802619e-03 9.993952e-01 3.466152e-02 1.864947e+00 8.647031e-02 -3.477403e-02 9.956474e-01 5.940685e+01
9.959985e-01 -1.988663e-03 -8.934824e-02 -8.163782e+01 4.980967e-03 9.994337e-01 3.327988e-02 1.878407e+00 8.923146e-02 -3.359175e-02 9.954443e-01 6.023997e+01
9.957819e-01 3.804435e-05 -9.175178e-02 -8.173003e+01 2.820893e-03 9.995145e-01 3.102959e-02 1.884868e+00 9.170842e-02 -3.115752e-02 9.952983e-01 6.106343e+01
9.954848e-01 1.736676e-03 -9.490500e-02 -8.181689e+01 8.903185e-04 9.996178e-01 2.763090e-02 1.893858e+00 9.491672e-02 -2.759064e-02 9.951028e-01 6.188490e+01
9.950804e-01 2.754480e-03 -9.903227e-02 -8.189993e+01 -3.759280e-04 9.997112e-01 2.402859e-02 1.905380e+00 9.906985e-02 -2.387315e-02 9.947941e-01 6.270190e+01
9.947496e-01 4.599494e-03 -1.022357e-01 -8.198971e+01 -2.512850e-03 9.997861e-01 2.052955e-02 1.904652e+00 1.023083e-01 -2.016486e-02 9.945483e-01 6.351480e+01
9.943918e-01 8.650494e-03 -1.054046e-01 -8.209197e+01 -6.514072e-03 9.997667e-01 2.059621e-02 1.907342e+00 1.055582e-01 -1.979409e-02 9.942161e-01 6.432194e+01
9.939673e-01 1.212331e-02 -1.090047e-01 -8.218913e+01 -9.725490e-03 9.996995e-01 2.250224e-02 1.913023e+00 1.092448e-01 -2.130636e-02 9.937865e-01 6.512513e+01
9.934870e-01 1.481438e-02 -1.129780e-01 -8.228944e+01 -1.169468e-02 9.995331e-01 2.822628e-02 1.919385e+00 1.133434e-01 -2.672120e-02 9.931965e-01 6.592861e+01
9.929675e-01 1.496382e-02 -1.174380e-01 -8.238857e+01 -1.103416e-02 9.993595e-01 3.404074e-02 1.923992e+00 1.178722e-01 -3.250552e-02 9.924966e-01 6.672665e+01
9.923925e-01 1.508689e-02 -1.221863e-01 -8.249234e+01 -1.054076e-02 9.992309e-01 3.776788e-02 1.935636e+00 1.226621e-01 -3.619263e-02 9.917883e-01 6.752270e+01
9.916177e-01 1.397342e-02 -1.284491e-01 -8.260284e+01 -9.075151e-03 9.992120e-01 3.864047e-02 1.950894e+00 1.288878e-01 -3.715088e-02 9.909630e-01 6.830822e+01
9.908746e-01 1.182285e-02 -1.342671e-01 -8.271341e+01 -6.169595e-03 9.990798e-01 4.244280e-02 1.964113e+00 1.346454e-01 -4.122712e-02 9.900358e-01 6.909279e+01
9.899930e-01 1.205441e-02 -1.406009e-01 -8.283117e+01 -6.198651e-03 9.990979e-01 4.201189e-02 1.981308e+00 1.409805e-01 -4.071994e-02 9.891746e-01 6.986865e+01
9.890581e-01 1.655963e-02 -1.465942e-01 -8.295887e+01 -1.062508e-02 9.990955e-01 4.117378e-02 1.997450e+00 1.471435e-01 -3.916568e-02 9.883394e-01 7.063774e+01
9.880964e-01 1.811475e-02 -1.527655e-01 -8.308848e+01 -1.258569e-02 9.992329e-01 3.708286e-02 2.016388e+00 1.533201e-01 -3.471879e-02 9.875665e-01 7.140702e+01
9.871629e-01 1.633150e-02 -1.588795e-01 -8.321761e+01 -1.101843e-02 9.993521e-01 3.426455e-02 2.031560e+00 1.593361e-01 -3.207409e-02 9.867032e-01 7.217778e+01
9.862591e-01 1.752783e-02 -1.642735e-01 -8.335302e+01 -1.226100e-02 9.993795e-01 3.302067e-02 2.045677e+00 1.647504e-01 -3.055278e-02 9.858620e-01 7.294389e+01
9.854114e-01 1.891699e-02 -1.691346e-01 -8.349223e+01 -1.269596e-02 9.992051e-01 3.778768e-02 2.060906e+00 1.697150e-01 -3.508908e-02 9.848683e-01 7.370958e+01
9.843450e-01 1.952352e-02 -1.751676e-01 -8.363743e+01 -1.240871e-02 9.990564e-01 4.162098e-02 2.079944e+00 1.758149e-01 -3.879580e-02 9.836585e-01 7.447195e+01
9.832399e-01 1.860621e-02 -1.813648e-01 -8.378160e+01 -1.079953e-02 9.989759e-01 4.393700e-02 2.089146e+00 1.819966e-01 -4.124196e-02 9.824339e-01 7.522402e+01
9.819668e-01 1.641794e-02 -1.883394e-01 -8.393129e+01 -9.080803e-03 9.991682e-01 3.975396e-02 2.110591e+00 1.888354e-01 -3.732680e-02 9.812991e-01 7.597302e+01
9.803426e-01 1.301883e-02 -1.968729e-01 -8.408416e+01 -6.717493e-03 9.994446e-01 3.264113e-02 2.127266e+00 1.971885e-01 -3.067699e-02 9.798855e-01 7.671400e+01
9.784759e-01 1.010911e-02 -2.061136e-01 -8.424677e+01 -3.855837e-03 9.995206e-01 3.071813e-02 2.137967e+00 2.063253e-01 -2.926221e-02 9.780458e-01 7.745187e+01
9.761488e-01 9.425392e-03 -2.168979e-01 -8.441707e+01 -2.209124e-03 9.994367e-01 3.348879e-02 2.149253e+00 2.170914e-01 -3.221089e-02 9.756197e-01 7.819222e+01
9.736462e-01 9.355871e-03 -2.278717e-01 -8.459957e+01 -3.954581e-04 9.992260e-01 3.933614e-02 2.169122e+00 2.280633e-01 -3.820937e-02 9.728963e-01 7.893247e+01
9.707883e-01 1.120377e-02 -2.396757e-01 -8.479273e+01 7.730399e-05 9.988946e-01 4.700698e-02 2.184125e+00 2.399374e-01 -4.565236e-02 9.697143e-01 7.966277e+01
9.679862e-01 1.154054e-02 -2.507381e-01 -8.499058e+01 1.199207e-03 9.987184e-01 5.059687e-02 2.200584e+00 2.510007e-01 -4.927776e-02 9.667318e-01 8.039084e+01
9.650353e-01 1.455195e-02 -2.617155e-01 -8.520318e+01 -2.599587e-03 9.989400e-01 4.595766e-02 2.215642e+00 2.621069e-01 -4.367041e-02 9.640502e-01 8.110034e+01
9.617651e-01 1.369456e-02 -2.735329e-01 -8.541612e+01 -3.806956e-03 9.993211e-01 3.664593e-02 2.232805e+00 2.738491e-01 -3.420345e-02 9.611643e-01 8.180694e+01
9.582239e-01 1.145503e-02 -2.857898e-01 -8.563512e+01 -2.595272e-03 9.995048e-01 3.136046e-02 2.256474e+00 2.860075e-01 -2.930864e-02 9.577791e-01 8.251052e+01
9.545789e-01 9.822970e-03 -2.977964e-01 -8.586623e+01 1.101138e-03 9.993333e-01 3.649320e-02 2.269278e+00 2.979564e-01 -3.516355e-02 9.539316e-01 8.322469e+01
9.509152e-01 1.120478e-02 -3.092486e-01 -8.610981e+01 2.521926e-03 9.990305e-01 4.395185e-02 2.283557e+00 3.094413e-01 -4.257439e-02 9.499650e-01 8.394675e+01
9.468910e-01 1.119954e-02 -3.213595e-01 -8.635969e+01 4.781338e-03 9.987924e-01 4.889671e-02 2.304715e+00 3.215190e-01 -4.783639e-02 9.456940e-01 8.466006e+01
9.426130e-01 8.564181e-03 -3.337774e-01 -8.661673e+01 7.402661e-03 9.988892e-01 4.653554e-02 2.327618e+00 3.338052e-01 -4.633584e-02 9.415026e-01 8.536397e+01
