1.000000e+00 0.000000e+00 0.000000e+00 0.000000e+00 0.000000e+00 1.000000e+00 0.000000e+00 0.000000e+00 0.000000e+00 0.000000e+00 1.000000e+00 0.000000e+00
9.999980e-01 1.989574e-03 -1.433374e-04 -2.294968e-03 -1.989347e-03 9.999968e-01 1.566635e-03 -1.652578e-02 1.464539e-04 -1.566346e-03 9.999988e-01 7.796732e-01
9.999893e-01 4.616588e-03 -5.225428e-05 -6.421880e-03 -4.616473e-03 9.999873e-01 2.010919e-03 -3.301816e-02 6.153720e-05 -2.010656e-03 9.999980e-01 1.551549e+00
9.999868e-01 5.147051e-03 4.702603e-05 -6.278779e-03 -5.147135e-03 9.999847e-01 2.018279e-03 -5.503044e-02 -3.663712e-05 -2.018495e-03 9.999980e-01 2.305315e+00
9.999797e-01 6.376657e-03 -5.134378e-05 -1.330490e-02 -6.376532e-03 9.999774e-01 2.149142e-03 -7.651919e-02 6.504696e-05 -2.148771e-03 9.999977e-01 3.035816e+00
9.999832e-01 5.803380e-03 6.940859e-05 -1.290681e-02 -5.803523e-03 9.999806e-01 2.275052e-03 -9.665970e-02 -5.620424e-05 -2.275417e-03 9.999974e-01 3.758863e+00
9.999851e-01 5.445842e-03 2.116660e-04 -1.801648e-02 -5.446560e-03 9.999789e-01 3.553125e-03 -1.129350e-01 -1.923118e-04 -3.554225e-03 9.999937e-01 4.453631e+00
9.999821e-01 5.952892e-03 6.655704e-04 -2.337709e-02 -5.957068e-03 9.999614e-01 6.458547e-03 -1.273652e-01 -6.270977e-04 -6.462396e-03 9.999789e-01 5.134143e+00
9.999833e-01 5.402702e-03 2.038903e-03 -2.765404e-02 -5.423917e-03 9.999297e-01 1.054712e-02 -1.401453e-01 -1.981777e-03 -1.055800e-02 9.999423e-01 5.794820e+00
9.999832e-01 4.596462e-03 3.523046e-03 -3.156143e-02 -4.646130e-03 9.998881e-01 1.422208e-02 -1.494281e-01 -3.457280e-03 -1.423821e-02 9.998927e-01 6.430256e+00
9.999823e-01 3.727395e-03 4.629445e-03 -3.033161e-02 -3.803660e-03 9.998554e-01 1.657583e-02 -1.602900e-01 -4.566991e-03 -1.659315e-02 9.998519e-01 7.041343e+00
9.999734e-01 4.312623e-03 5.880798e-03 -3.223257e-02 -4.407591e-03 9.998585e-01 1.623264e-02 -1.644719e-01 -5.809960e-03 -1.625813e-02 9.998509e-01 7.633742e+00
9.999648e-01 4.737208e-03 6.924413e-03 -2.688510e-02 -4.831621e-03 9.998947e-01 1.368232e-02 -1.703896e-01 -6.858868e-03 -1.371530e-02 9.998824e-01 8.198036e+00
9.999584e-01 4.827858e-03 7.736179e-03 -2.206342e-02 -4.910491e-03 9.999307e-01 1.069827e-02 -1.736211e-01 -7.683994e-03 -1.073582e-02 9.999128e-01 8.723077e+00
9.999537e-01 2.855364e-03 9.188973e-03 -1.047434e-02 -2.940740e-03 9.999525e-01 9.291113e-03 -1.769539e-01 -9.162007e-03 -9.317706e-03 9.999146e-01 9.248287e+00
9.999366e-01 -8.424158e-04 1.122520e-02 -2.772481e-03 7.655499e-04 9.999762e-01 6.850159e-03 -1.818976e-01 -1.123070e-02 -6.841132e-03 9.999135e-01 9.719082e+00
9.999186e-01 -3.247569e-03 1.233820e-02 1.830223e-02 3.177293e-03 9.999786e-01 5.711210e-03 -1.867485e-01 -1.235649e-02 -5.671543e-03 9.999076e-01 1.017729e+01
9.998937e-01 1.042911e-03 1.454176e-02 1.661350e-02 -1.100320e-03 9.999916e-01 3.940437e-03 -1.980451e-01 -1.453753e-02 -3.956019e-03 9.998865e-01 1.058732e+01
9.998300e-01 5.284975e-03 1.766432e-02 1.276116e-02 -5.343400e-03 9.999804e-01 3.261937e-03 -2.060590e-01 -1.764673e-02 -3.355770e-03 9.998387e-01 1.097013e+01
9.997650e-01 5.318551e-03 2.101793e-02 2.038705e-02 -5.416306e-03 9.999748e-01 4.596852e-03 -2.154072e-01 -2.099295e-02 -4.709611e-03 9.997685e-01 1.131956e+01
9.997104e-01 7.265179e-04 2.405250e-02 3.531252e-02 -8.480909e-04 9.999869e-01 5.044671e-03 -2.197438e-01 -2.404852e-02 -5.063608e-03 9.996980e-01 1.164096e+01
9.996350e-01 -4.128608e-03 2.669961e-02 5.042280e-02 3.995066e-03 9.999793e-01 5.053041e-03 -2.259707e-01 -2.671992e-02 -4.944530e-03 9.996307e-01 1.193043e+01
9.995528e-01 -7.983262e-03 2.881768e-02 6.971926e-02 7.810766e-03 9.999509e-01 6.093378e-03 -2.288005e-01 -2.886491e-02 -5.865565e-03 9.995661e-01 1.219322e+01
9.994723e-01 -8.329322e-03 3.139784e-02 7.680476e-02 8.107909e-03 9.999414e-01 7.172608e-03 -2.319662e-01 -3.145574e-02 -6.914252e-03 9.994812e-01 1.242509e+01
9.994084e-01 -7.597737e-03 3.354210e-02 8.361028e-02 7.385910e-03 9.999520e-01 6.434656e-03 -2.378397e-01 -3.358938e-02 -6.183110e-03 9.994166e-01 1.262742e+01
9.993337e-01 -6.768283e-03 3.586450e-02 9.074862e-02 6.582978e-03 9.999644e-01 5.282367e-03 -2.429907e-01 -3.589897e-02 -5.042752e-03 9.993427e-01 1.281538e+01
9.992473e-01 -4.507064e-03 3.853047e-02 9.295215e-02 4.332737e-03 9.999800e-01 4.606682e-03 -2.473329e-01 -3.855046e-02 -4.436272e-03 9.992468e-01 1.299140e+01
9.991928e-01 -2.087242e-03 4.011815e-02 9.556370e-02 1.919198e-03 9.999892e-01 4.226781e-03 -2.541905e-01 -4.012654e-02 -4.146374e-03 9.991860e-01 1.315867e+01
9.991386e-01 -7.117651e-04 4.149206e-02 1.014472e-01 5.921732e-04 9.999956e-01 2.894502e-03 -2.596304e-01 -4.149394e-02 -2.867438e-03 9.991346e-01 1.331653e+01
9.990622e-01 -1.905835e-03 4.325701e-02 1.127026e-01 1.844949e-03 9.999973e-01 1.447414e-03 -2.654164e-01 -4.325965e-02 -1.366250e-03 9.990629e-01 1.347017e+01
9.989974e-01 -3.271663e-03 4.464889e-02 1.219541e-01 3.274171e-03 9.999946e-01 1.696069e-05 -2.678440e-01 -4.464871e-02 1.292444e-04 9.990027e-01 1.361484e+01
9.989382e-01 -4.019901e-03 4.589366e-02 1.304707e-01 4.078482e-03 9.999910e-01 -1.182880e-03 -2.687593e-01 -4.588849e-02 1.368801e-03 9.989456e-01 1.375220e+01
9.988670e-01 -3.379190e-03 4.746879e-02 1.363090e-01 3.511096e-03 9.999902e-01 -2.695681e-03 -2.693053e-01 -4.745921e-02 2.859295e-03 9.988691e-01 1.388385e+01
9.988024e-01 -2.227463e-03 4.887493e-02 1.406448e-01 2.443986e-03 9.999875e-01 -4.370845e-03 -2.751866e-01 -4.886458e-02 4.485060e-03 9.987953e-01 1.400834e+01
9.987455e-01 -2.110969e-03 5.003046e-02 1.455269e-01 2.408248e-03 9.999798e-01 -5.882419e-03 -2.842941e-01 -5.001703e-02 5.995525e-03 9.987304e-01 1.412934e+01
9.987103e-01 -2.827726e-03 5.069174e-02 1.539343e-01 3.266762e-03 9.999579e-01 -8.580139e-03 -2.813785e-01 -5.066534e-02 8.734671e-03 9.986775e-01 1.425315e+01
9.987216e-01 -3.696936e-03 5.041248e-02 1.595062e-01 4.209307e-03 9.999405e-01 -1.006120e-02 -2.874099e-01 -5.037229e-02 1.026054e-02 9.986778e-01 1.437821e+01
9.988110e-01 -3.804470e-03 4.860241e-02 1.632151e-01 4.361391e-03 9.999260e-01 -1.135781e-02 -2.865350e-01 -4.855561e-02 1.155628e-02 9.987536e-01 1.450374e+01
9.989528e-01 -4.478564e-03 4.553321e-02 1.656162e-01 5.053232e-03 9.999089e-01 -1.251361e-02 -2.869567e-01 -4.547302e-02 1.273059e-02 9.988844e-01 1.463457e+01
9.991433e-01 -4.106352e-03 4.117937e-02 1.693810e-01 4.679201e-03 9.998935e-01 -1.382434e-02 -2.908346e-01 -4.111821e-02 1.400519e-02 9.990561e-01 1.476186e+01
9.993538e-01 -3.991425e-03 3.572278e-02 1.671993e-01 4.531866e-03 9.998763e-01 -1.506056e-02 -2.943807e-01 -3.565825e-02 1.521272e-02 9.992482e-01 1.488382e+01
9.995764e-01 -4.730411e-03 2.871818e-02 1.683820e-01 5.186032e-03 9.998615e-01 -1.581156e-02 -2.973634e-01 -2.863940e-02 1.595379e-02 9.994625e-01 1.501281e+01
9.997521e-01 -4.961567e-03 2.170388e-02 1.663392e-01 5.318634e-03 9.998510e-01 -1.642512e-02 -3.031600e-01 -2.161915e-02 1.653649e-02 9.996295e-01 1.514432e+01
9.998966e-01 -5.387921e-03 1.333056e-02 1.644234e-01 5.621310e-03 9.998305e-01 -1.753274e-02 -3.039706e-01 -1.323383e-02 1.760587e-02 9.997574e-01 1.527995e+01
9.999731e-01 -6.548023e-03 3.295113e-03 1.571163e-01 6.609273e-03 9.997989e-01 -1.893393e-02 -3.037710e-01 -3.170470e-03 1.895520e-02 9.998153e-01 1.541891e+01
9.999217e-01 -8.029280e-03 -9.596210e-03 1.459802e-01 7.830943e-03 9.997586e-01 -2.053018e-02 -3.067017e-01 9.758736e-03 2.045343e-02 9.997432e-01 1.557199e+01
9.996306e-01 -8.757374e-03 -2.572763e-02 1.277591e-01 8.184722e-03 9.997183e-01 -2.227986e-02 -3.133883e-01 2.591550e-02 2.206105e-02 9.994207e-01 1.572789e+01
9.989236e-01 -9.372684e-03 -4.542897e-02 1.081688e-01 8.307189e-03 9.996873e-01 -2.358640e-02 -3.145085e-01 4.563583e-02 2.318363e-02 9.986891e-01 1.590762e+01
9.977006e-01 -8.625250e-03 -6.722428e-02 7.172238e-02 7.055638e-03 9.996977e-01 -2.355144e-02 -3.180462e-01 6.740710e-02 2.302298e-02 9.974599e-01 1.609426e+01
9.958100e-01 -8.397052e-03 -9.105971e-02 3.479027e-02 6.395807e-03 9.997320e-01 -2.224687e-02 -3.249520e-01 9.122211e-02 2.157125e-02 9.955969e-01 1.629949e+01
9.930434e-01 -7.416812e-03 -1.175148e-01 -2.045789e-02 4.983179e-03 9.997673e-01 -2.098946e-02 -3.328912e-01 1.176431e-01 2.025785e-02 9.928493e-01 1.652205e+01
9.890025e-01 -6.555335e-03 -1.477533e-01 -8.263200e-02 3.764131e-03 9.998093e-01 -1.916269e-02 -3.382402e-01 1.478507e-01 1.839578e-02 9.888386e-01 1.675798e+01
9.834765e-01 -7.196608e-03 -1.808925e-01 -1.551476e-01 4.348494e-03 9.998603e-01 -1.613644e-02 -3.429335e-01 1.809834e-01 1.508320e-02 9.833705e-01 1.700275e+01
9.759787e-01 -6.063424e-03 -2.177815e-01 -2.412173e-01 3.450862e-03 9.999175e-01 -1.237458e-02 -3.501347e-01 2.178386e-01 1.132580e-02 9.759191e-01 1.725954e+01
9.663164e-01 -3.714247e-03 -2.573301e-01 -3.459668e-01 1.899154e-03 9.999715e-01 -7.301740e-03 -3.572578e-01 2.573499e-01 6.567081e-03 9.662960e-01 1.751918e+01
9.542913e-01 -4.269856e-04 -2.988778e-01 -4.648667e-01 -3.674521e-04 9.999965e-01 -2.601868e-03 -3.665180e-01 2.988779e-01 2.592763e-03 9.542878e-01 1.778554e+01
9.401256e-01 3.004004e-03 -3.408150e-01 -6.119878e-01 -2.713275e-03 9.999954e-01 1.329669e-03 -3.710771e-01 3.408174e-01 -3.253310e-04 9.401294e-01 1.807618e+01
9.234059e-01 5.404819e-03 -3.837867e-01 -7.756228e-01 -3.205981e-03 9.999746e-01 6.368797e-03 -3.740879e-01 3.838114e-01 -4.650572e-03 9.233998e-01 1.835685e+01
9.040796e-01 8.693339e-03 -4.272758e-01 -9.481882e-01 -3.225128e-03 9.999034e-01 1.351990e-02 -3.806939e-01 4.273520e-01 -1.084505e-02 9.040203e-01 1.864157e+01
8.822883e-01 1.265043e-02 -4.705394e-01 -1.147106e+00 -3.856118e-03 9.997995e-01 1.964911e-02 -3.817880e-01 4.706936e-01 -1.552173e-02 8.821602e-01 1.892855e+01
8.574913e-01 1.812760e-02 -5.141790e-01 -1.363293e+00 -6.645669e-03 9.996860e-01 2.416144e-02 -3.900497e-01 5.144555e-01 -1.730116e-02 8.573425e-01 1.920577e+01
8.293425e-01 2.110833e-02 -5.583417e-01 -1.598875e+00 -7.157066e-03 9.996055e-01 2.715962e-02 -3.918779e-01 5.586947e-01 -1.852854e-02 8.291664e-01 1.949016e+01
7.986902e-01 2.442516e-02 -6.012465e-01 -1.857403e+00 -9.313425e-03 9.995579e-01 2.823437e-02 -3.893215e-01 6.016703e-01 -1.695085e-02 7.985646e-01 1.976034e+01
7.648332e-01 2.677200e-02 -6.436718e-01 -2.138363e+00 -9.718289e-03 9.995019e-01 3.002430e-02 -3.781001e-01 6.441550e-01 -1.670819e-02 7.647125e-01 2.003265e+01
7.278716e-01 3.035076e-02 -6.850414e-01 -2.439699e+00 -1.053575e-02 9.993970e-01 3.308381e-02 -3.661887e-01 6.856325e-01 -1.686334e-02 7.277525e-01 2.029727e+01
6.891680e-01 3.140881e-02 -7.239205e-01 -2.772140e+00 -8.304322e-03 9.993369e-01 3.545266e-02 -3.547828e-01 7.245540e-01 -1.842117e-02 6.889718e-01 2.055931e+01
6.486919e-01 3.160797e-02 -7.603945e-01 -3.120809e+00 -6.333589e-03 9.993268e-01 3.613670e-02 -3.473460e-01 7.610248e-01 -1.862556e-02 6.484554e-01 2.080647e+01
6.060009e-01 3.064069e-02 -7.948736e-01 -3.500770e+00 -1.148432e-03 9.992905e-01 3.764498e-02 -3.379012e-01 7.954631e-01 -2.190004e-02 6.056062e-01 2.105775e+01
5.611522e-01 3.025511e-02 -8.271595e-01 -3.908102e+00 3.446833e-03 9.992376e-01 3.888760e-02 -3.203788e-01 8.277055e-01 -2.467294e-02 5.606201e-01 2.129970e+01
5.143745e-01 3.138899e-02 -8.569910e-01 -4.342600e+00 5.143752e-03 9.991990e-01 3.968497e-02 -3.025128e-01 8.575502e-01 -2.482109e-02 5.138010e-01 2.152176e+01
4.644325e-01 3.119954e-02 -8.850588e-01 -4.797303e+00 5.640785e-03 9.992548e-01 3.818509e-02 -2.846062e-01 8.855906e-01 -2.272682e-02 4.639104e-01 2.172121e+01
4.121628e-01 3.009412e-02 -9.106131e-01 -5.279418e+00 1.022025e-02 9.992388e-01 3.764895e-02 -2.672003e-01 9.110529e-01 -2.482419e-02 4.115415e-01 2.190367e+01
3.586102e-01 2.903576e-02 -9.330357e-01 -5.789436e+00 1.478407e-02 9.992141e-01 3.677743e-02 -2.477676e-01 9.333703e-01 -2.698283e-02 3.578991e-01 2.206836e+01
3.047335e-01 2.808478e-02 -9.520235e-01 -6.322697e+00 1.642602e-02 9.992615e-01 3.473611e-02 -2.266462e-01 9.522960e-01 -2.622321e-02 3.040471e-01 2.220540e+01
2.516672e-01 3.387596e-02 -9.672208e-01 -6.886417e+00 1.678909e-02 9.990840e-01 3.936039e-02 -2.025820e-01 9.676682e-01 -2.614447e-02 2.508679e-01 2.231369e+01
2.001965e-01 3.863768e-02 -9.789936e-01 -7.471450e+00 1.843676e-02 9.988966e-01 4.319336e-02 -1.792471e-01 9.795823e-01 -2.669663e-02 1.992632e-01 2.239955e+01
1.517240e-01 3.968158e-02 -9.876261e-01 -8.077957e+00 2.303017e-02 9.987806e-01 4.366777e-02 -1.560405e-01 9.881546e-01 -2.937064e-02 1.506251e-01 2.247158e+01
1.073307e-01 4.097885e-02 -9.933785e-01 -8.700496e+00 2.476750e-02 9.987299e-01 4.387564e-02 -1.424555e-01 9.939148e-01 -2.931270e-02 1.061794e-01 2.251546e+01
6.692624e-02 3.922988e-02 -9.969864e-01 -9.342774e+00 2.418438e-02 9.988694e-01 4.092744e-02 -1.213999e-01 9.974648e-01 -2.685062e-02 6.590182e-02 2.253422e+01
3.136589e-02 3.497281e-02 -9.988959e-01 -1.000580e+01 2.117247e-02 9.991402e-01 3.564619e-02 -9.409078e-02 9.992837e-01 -2.226717e-02 3.059846e-02 2.252932e+01
3.127615e-03 3.502468e-02 -9.993816e-01 -1.068886e+01 1.838951e-02 9.992154e-01 3.507641e-02 -7.081183e-02 9.998260e-01 -1.848784e-02 2.481075e-03 2.250405e+01
-1.794017e-02 3.949367e-02 -9.990588e-01 -1.140276e+01 1.755088e-02 9.990781e-01 3.917927e-02 -5.038185e-02 9.996850e-01 -1.683147e-02 -1.861678e-02 2.247653e+01
-3.084040e-02 4.578279e-02 -9.984752e-01 -1.213726e+01 1.917341e-02 9.987937e-01 4.520518e-02 -2.967424e-02 9.993404e-01 -1.775003e-02 -3.168101e-02 2.244534e+01
-3.895241e-02 4.839126e-02 -9.980686e-01 -1.288315e+01 1.852411e-02 9.986900e-01 4.769843e-02 -6.010676e-03 9.990694e-01 -1.663037e-02 -3.979778e-02 2.240829e+01
-4.297360e-02 4.581584e-02 -9.980251e-01 -1.365320e+01 2.002795e-02 9.987867e-01 4.498843e-02 1.723949e-02 9.988754e-01 -1.805508e-02 -4.383905e-02 2.237371e+01
-4.244061e-02 4.209351e-02 -9.982119e-01 -1.443868e+01 2.773295e-02 9.987767e-01 4.093821e-02 4.600941e-02 9.987140e-01 -2.594592e-02 -4.355607e-02 2.234777e+01
-3.836036e-02 4.060063e-02 -9.984388e-01 -1.523603e+01 3.987370e-02 9.984406e-01 3.906875e-02 7.879649e-02 9.984681e-01 -3.831276e-02 -3.991944e-02 2.233280e+01
-3.300877e-02 4.092612e-02 -9.986168e-01 -1.605911e+01 4.080567e-02 9.983833e-01 3.956775e-02 1.029644e-01 9.986217e-01 -3.944315e-02 -3.462542e-02 2.230697e+01
-2.785580e-02 3.964563e-02 -9.988254e-01 -1.691482e+01 3.914167e-02 9.984901e-01 3.854071e-02 1.228583e-01 9.988453e-01 -3.802211e-02 -2.936554e-02 2.227691e+01
-2.497057e-02 3.330961e-02 -9.991331e-01 -1.778690e+01 4.339057e-02 9.985390e-01 3.220537e-02 1.479001e-01 9.987461e-01 -4.254876e-02 -2.637941e-02 2.226740e+01
-2.307913e-02 2.288574e-02 -9.994717e-01 -1.865505e+01 4.199726e-02 9.988776e-01 2.190237e-02 1.631629e-01 9.988511e-01 -4.146958e-02 -2.401437e-02 2.224781e+01
-2.243911e-02 1.474274e-02 -9.996395e-01 -1.955319e+01 3.436537e-02 9.993117e-01 1.396650e-02 1.750140e-01 9.991574e-01 -3.403959e-02 -2.293031e-02 2.221150e+01
-2.383232e-02 1.204575e-02 -9.996434e-01 -2.048323e+01 2.933932e-02 9.995051e-01 1.134461e-02 1.899293e-01 9.992854e-01 -2.905849e-02 -2.417394e-02 2.218087e+01
-2.723007e-02 1.822973e-02 -9.994630e-01 -2.142486e+01 2.017290e-02 9.996401e-01 1.768336e-02 1.949333e-01 9.994256e-01 -1.968055e-02 -2.758802e-02 2.213335e+01
-3.228654e-02 2.621617e-02 -9.991348e-01 -2.238812e+01 1.485187e-02 9.995582e-01 2.574735e-02 2.097803e-01 9.993683e-01 -1.400773e-02 -3.266164e-02 2.208526e+01
-3.704573e-02 3.559774e-02 -9.986793e-01 -2.339606e+01 1.361472e-02 9.992906e-01 3.511449e-02 2.365716e-01 9.992208e-01 -1.229590e-02 -3.750410e-02 2.204211e+01
-3.857221e-02 4.575880e-02 -9.982076e-01 -2.441179e+01 1.225779e-02 9.988975e-01 4.531677e-02 2.634996e-01 9.991806e-01 -1.048785e-02 -3.909058e-02 2.199499e+01
-3.924181e-02 5.347285e-02 -9.977979e-01 -2.543140e+01 1.399390e-02 9.984986e-01 5.296004e-02 3.016086e-01 9.991317e-01 -1.188484e-02 -3.993119e-02 2.194943e+01
-4.075310e-02 5.428243e-02 -9.976936e-01 -2.645355e+01 1.511231e-02 9.984424e-01 5.370587e-02 3.423358e-01 9.990550e-01 -1.288877e-02 -4.150995e-02 2.190438e+01
-4.244215e-02 5.143130e-02 -9.977743e-01 -2.746740e+01 1.391475e-02 9.986077e-01 5.088237e-02 3.825873e-01 9.990020e-01 -1.172422e-02 -4.309871e-02 2.185315e+01
-4.513051e-02 4.642123e-02 -9.979020e-01 -2.849897e+01 1.385977e-02 9.988527e-01 4.583865e-02 4.200581e-01 9.988850e-01 -1.176197e-02 -4.572212e-02 2.179938e+01
-4.983343e-02 4.141205e-02 -9.978986e-01 -2.951882e+01 1.400121e-02 9.990708e-01 4.076150e-02 4.480234e-01 9.986594e-01 -1.194050e-02 -5.036694e-02 2.174435e+01
-5.523188e-02 3.706815e-02 -9.977852e-01 -3.054753e+01 1.430012e-02 9.992375e-01 3.633053e-02 4.736473e-01 9.983711e-01 -1.226185e-02 -5.571984e-02 2.167855e+01
-6.219357e-02 3.527911e-02 -9.974404e-01 -3.157534e+01 1.287737e-02 9.993203e-01 3.454266e-02 4.963723e-01 9.979810e-01 -1.069608e-02 -6.260560e-02 2.160723e+01
-6.894116e-02 3.796374e-02 -9.968981e-01 -3.262130e+01 1.337571e-02 9.992210e-01 3.712720e-02 5.215014e-01 9.975311e-01 -1.077463e-02 -6.939525e-02 2.152970e+01
-7.539897e-02 4.337015e-02 -9.962098e-01 -3.369744e+01 1.259637e-02 9.990154e-01 4.253893e-02 5.425251e-01 9.970739e-01 -9.341233e-03 -7.587104e-02 2.144308e+01
-8.149024e-02 4.621284e-02 -9.956022e-01 -3.475675e+01 9.608841e-03 9.989145e-01 4.558010e-02 5.732716e-01 9.966278e-01 -5.852249e-03 -8.184583e-02 2.134586e+01
-8.617951e-02 4.836394e-02 -9.951050e-01 -3.583022e+01 6.334962e-03 9.988274e-01 4.799622e-02 6.112127e-01 9.962595e-01 -2.167662e-03 -8.638484e-02 2.124183e+01
-8.891637e-02 4.992094e-02 -9.947873e-01 -3.689257e+01 2.070730e-03 9.987503e-01 4.993473e-02 6.408110e-01 9.960369e-01 2.380078e-03 -8.890862e-02 2.113526e+01
-9.056592e-02 5.128605e-02 -9.945690e-01 -3.796935e+01 -1.347775e-03 9.986659e-01 5.162004e-02 6.806225e-01 9.958896e-01 6.015472e-03 -9.037598e-02 2.102441e+01
-9.225715e-02 5.117885e-02 -9.944191e-01 -3.903498e+01 -2.131655e-03 9.986658e-01 5.159517e-02 7.112753e-01 9.957329e-01 6.879783e-03 -9.202497e-02 2.092169e+01
-9.382758e-02 5.075426e-02 -9.942939e-01 -4.010907e+01 -2.131906e-03 9.986872e-01 5.117969e-02 7.458042e-01 9.955862e-01 6.921808e-03 -9.359620e-02 2.081784e+01
-9.496085e-02 5.048244e-02 -9.942002e-01 -4.117713e+01 -2.431301e-03 9.986986e-01 5.094308e-02 7.751750e-01 9.954780e-01 7.254799e-03 -9.471453e-02 2.071090e+01
-9.599045e-02 4.977751e-02 -9.941368e-01 -4.225827e+01 -4.244795e-03 9.987192e-01 5.041682e-02 8.097681e-01 9.953732e-01 9.059440e-03 -9.565621e-02 2.059798e+01
-9.673158e-02 4.738444e-02 -9.941819e-01 -4.333816e+01 -8.222551e-03 9.987940e-01 4.840430e-02 8.452529e-01 9.952765e-01 1.285694e-02 -9.622530e-02 2.048174e+01
-9.703222e-02 4.270003e-02 -9.943649e-01 -4.440763e+01 -1.321917e-02 9.989358e-01 4.418628e-02 8.749405e-01 9.951934e-01 1.743217e-02 -9.636450e-02 2.036437e+01
-9.622847e-02 4.184472e-02 -9.944793e-01 -4.551325e+01 -1.513704e-02 9.989389e-01 4.349706e-02 9.151251e-01 9.952442e-01 1.923913e-02 -9.549295e-02 2.024719e+01
-9.451598e-02 4.604337e-02 -9.944580e-01 -4.661695e+01 -1.575099e-02 9.987357e-01 4.773844e-02 9.517344e-01 9.953987e-01 2.017574e-02 -9.367125e-02 2.013281e+01
-9.248357e-02 4.906522e-02 -9.945046e-01 -4.773439e+01 -1.602938e-02 9.985824e-01 5.075705e-02 9.892659e-01 9.955852e-01 2.063548e-02 -9.156598e-02 2.001852e+01
-9.119351e-02 4.883992e-02 -9.946348e-01 -4.883154e+01 -1.360550e-02 9.986423e-01 5.028412e-02 1.027842e+00 9.957402e-01 1.811809e-02 -9.040520e-02 1.991639e+01
-8.864830e-02 4.812336e-02 -9.948998e-01 -4.993438e+01 -1.304855e-02 9.986904e-01 4.946937e-02 1.063920e+00 9.959775e-01 1.736738e-02 -8.790427e-02 1.980958e+01
-8.455552e-02 4.909831e-02 -9.952084e-01 -5.104485e+01 -1.687438e-02 9.985715e-01 5.069792e-02 1.095420e+00 9.962759e-01 2.108031e-02 -8.360622e-02 1.970077e+01
-7.886982e-02 5.045021e-02 -9.956075e-01 -5.217485e+01 -2.149358e-02 9.984004e-01 5.229441e-02 1.128039e+00 9.966532e-01 2.552362e-02 -7.765930e-02 1.960082e+01
-7.317357e-02 4.999299e-02 -9.960654e-01 -5.330611e+01 -2.501833e-02 9.983365e-01 5.194488e-02 1.170482e+00 9.970054e-01 2.872088e-02 -7.180111e-02 1.950672e+01
-6.744714e-02 4.925350e-02 -9.965064e-01 -5.443813e+01 -2.612174e-02 9.983512e-01 5.111269e-02 1.211153e+00 9.973808e-01 2.947789e-02 -6.604935e-02 1.942239e+01
-6.191944e-02 4.872694e-02 -9.968910e-01 -5.557427e+01 -2.501906e-02 9.984179e-01 5.035557e-02 1.248634e+00 9.977675e-01 2.805927e-02 -6.060238e-02 1.934885e+01
-5.659739e-02 4.818961e-02 -9.972334e-01 -5.670771e+01 -2.338115e-02 9.984966e-01 4.957763e-02 1.291004e+00 9.981233e-01 2.612243e-02 -5.538557e-02 1.927968e+01
-5.110326e-02 4.896049e-02 -9.974925e-01 -5.786643e+01 -2.196201e-02 9.985009e-01 5.013514e-02 1.334258e+00 9.984519e-01 2.446901e-02 -4.995138e-02 1.921855e+01
-4.557413e-02 5.056815e-02 -9.976802e-01 -5.900579e+01 -2.060251e-02 9.984579e-01 5.154869e-02 1.372141e+00 9.987485e-01 2.290400e-02 -4.446203e-02 1.916382e+01
-3.988499e-02 5.173678e-02 -9.978640e-01 -6.016202e+01 -2.127141e-02 9.983883e-01 5.261419e-02 1.418706e+00 9.989778e-01 2.332449e-02 -3.872019e-02 1.910780e+01
-3.466074e-02 5.120565e-02 -9.980865e-01 -6.131359e+01 -2.068853e-02 9.984358e-01 5.194203e-02 1.456036e+00 9.991850e-01 2.244929e-02 -3.354715e-02 1.906059e+01
-2.979189e-02 4.701231e-02 -9.984499e-01 -6.245735e+01 -2.045976e-02 9.986554e-01 4.763246e-02 1.494019e+00 9.993467e-01 2.184711e-02 -2.878997e-02 1.901960e+01
-2.539984e-02 4.182463e-02 -9.988021e-01 -6.361933e+01 -2.033699e-02 9.988960e-01 4.234574e-02 1.530010e+00 9.994705e-01 2.138820e-02 -2.452121e-02 1.898438e+01
-2.176914e-02 4.165103e-02 -9.988950e-01 -6.477767e+01 -1.947347e-02 9.989246e-01 4.207666e-02 1.562365e+00 9.995734e-01 2.036793e-02 -2.093464e-02 1.895319e+01
-1.871881e-02 4.436836e-02 -9.988399e-01 -6.595146e+01 -1.832465e-02 9.988319e-01 4.471142e-02 1.587365e+00 9.996568e-01 1.914033e-02 -1.788391e-02 1.892810e+01
-1.675669e-02 4.421254e-02 -9.988816e-01 -6.711265e+01 -1.817114e-02 9.988434e-01 4.451568e-02 1.620253e+00 9.996945e-01 1.889675e-02 -1.593391e-02 1.890386e+01
-1.598910e-02 4.414595e-02 -9.988971e-01 -6.827753e+01 -1.962958e-02 9.988184e-01 4.445668e-02 1.654920e+00 9.996795e-01 2.031875e-02 -1.510364e-02 1.888091e+01
-1.512608e-02 4.542403e-02 -9.988533e-01 -6.944903e+01 -2.079984e-02 9.987371e-01 4.573373e-02 1.684549e+00 9.996692e-01 2.146776e-02 -1.416217e-02 1.885405e+01
-1.385150e-02 4.501119e-02 -9.988904e-01 -7.061745e+01 -2.137701e-02 9.987446e-01 4.530105e-02 1.717585e+00 9.996755e-01 2.198078e-02 -1.287190e-02 1.882448e+01
-1.281978e-02 4.311975e-02 -9.989877e-01 -7.178081e+01 -2.156282e-02 9.988255e-01 4.338947e-02 1.747630e+00 9.996853e-01 2.209723e-02 -1.187494e-02 1.880491e+01
-1.232812e-02 4.171801e-02 -9.990534e-01 -7.296662e+01 -2.032160e-02 9.989125e-01 4.196289e-02 1.784075e+00 9.997175e-01 2.081969e-02 -1.146694e-02 1.878690e+01
-1.188644e-02 4.144706e-02 -9.990700e-01 -7.416266e+01 -1.753316e-02 9.989783e-01 4.165186e-02 1.820811e+00 9.997756e-01 1.801195e-02 -1.114760e-02 1.876983e+01
-1.176387e-02 4.217882e-02 -9.990408e-01 -7.534451e+01 -1.536776e-02 9.989843e-01 4.235740e-02 1.851579e+00 9.998127e-01 1.585130e-02 -1.110373e-02 1.875707e+01
-1.190766e-02 4.483306e-02 -9.989235e-01 -7.653512e+01 -1.540303e-02 9.988676e-01 4.501417e-02 1.885799e+00 9.998105e-01 1.592246e-02 -1.120361e-02 1.873883e+01
-1.145705e-02 4.888969e-02 -9.987385e-01 -7.772592e+01 -1.759967e-02 9.986394e-01 4.908673e-02 1.911697e+00 9.997795e-01 1.813986e-02 -1.058102e-02 1.871589e+01
-1.067159e-02 4.884237e-02 -9.987495e-01 -7.889382e+01 -1.980722e-02 9.986001e-01 4.904670e-02 1.947723e+00 9.997469e-01 2.030586e-02 -9.689222e-03 1.868908e+01
-1.066663e-02 4.683643e-02 -9.988456e-01 -8.007427e+01 -2.016770e-02 9.986892e-01 4.704446e-02 1.983386e+00 9.997397e-01 2.064622e-02 -9.708061e-03 1.867019e+01
-1.013225e-02 4.408633e-02 -9.989763e-01 -8.125110e+01 -2.060692e-02 9.988063e-01 4.428783e-02 2.020698e+00 9.997363e-01 2.103456e-02 -9.211669e-03 1.864878e+01
-1.032063e-02 4.348554e-02 -9.990007e-01 -8.242102e+01 -1.818822e-02 9.988805e-01 4.366821e-02 2.052305e+00 9.997813e-01 1.862072e-02 -9.518148e-03 1.863337e+01
-1.026667e-02 4.480887e-02 -9.989428e-01 -8.360592e+01 -1.628337e-02 9.988555e-01 4.497230e-02 2.089022e+00 9.998147e-01 1.672787e-02 -9.525276e-03 1.861714e+01
-9.924461e-03 4.784190e-02 -9.988056e-01 -8.477340e+01 -1.504657e-02 9.987346e-01 4.798801e-02 2.118277e+00 9.998375e-01 1.550486e-02 -9.192045e-03 1.859815e+01
-9.465898e-03 5.048604e-02 -9.986799e-01 -8.594853e+01 -1.511125e-02 9.986034e-01 5.062540e-02 2.151248e+00 9.998410e-01 1.557051e-02 -8.689771e-03 1.858061e+01
-9.318423e-03 5.060641e-02 -9.986752e-01 -8.711877e+01 -1.651190e-02 9.985746e-01 5.075539e-02 2.191056e+00 9.998202e-01 1.696299e-02 -8.469533e-03 1.855947e+01
-9.151539e-03 4.861016e-02 -9.987759e-01 -8.828879e+01 -1.530670e-02 9.986939e-01 4.874642e-02 2.225234e+00 9.998410e-01 1.573407e-02 -8.395525e-03 1.854663e+01
-9.157409e-03 4.692476e-02 -9.988565e-01 -8.946067e+01 -1.298197e-02 9.988086e-01 4.704152e-02 2.266384e+00 9.998738e-01 1.339790e-02 -8.537323e-03 1.853875e+01
-9.209903e-03 4.814135e-02 -9.987981e-01 -9.062396e+01 -1.107648e-02 9.987742e-01 4.824233e-02 2.300282e+00 9.998962e-01 1.150748e-02 -8.665377e-03 1.852493e+01
-9.157892e-03 5.122950e-02 -9.986449e-01 -9.180964e+01 -9.027847e-03 9.986419e-01 5.131213e-02 2.336883e+00 9.999173e-01 9.485524e-03 -8.682962e-03 1.851585e+01
-9.207642e-03 5.381552e-02 -9.985084e-01 -9.297751e+01 -7.408141e-03 9.985197e-01 5.388444e-02 2.371557e+00 9.999302e-01 7.893240e-03 -8.795339e-03 1.850347e+01
-8.797744e-03 5.531053e-02 -9.984304e-01 -9.415487e+01 -7.837646e-03 9.984346e-01 5.537983e-02 2.415266e+00 9.999306e-01 8.312562e-03 -8.350467e-03 1.849077e+01
-8.487444e-03 5.681937e-02 -9.983484e-01 -9.531328e+01 -1.018545e-02 9.983277e-01 5.690478e-02 2.462145e+00 9.999121e-01 1.065160e-02 -7.894519e-03 1.847534e+01
-8.333879e-03 5.598774e-02 -9.983967e-01 -9.647949e+01 -1.232815e-02 9.983497e-01 5.608801e-02 2.504425e+00 9.998893e-01 1.277581e-02 -7.629901e-03 1.845944e+01
-8.554512e-03 5.244172e-02 -9.985873e-01 -9.762952e+01 -1.434601e-02 9.985147e-01 5.256080e-02 2.538243e+00 9.998605e-01 1.477537e-02 -7.789476e-03 1.843868e+01
-8.273028e-03 5.073641e-02 -9.986778e-01 -9.879149e+01 -1.515876e-02 9.985909e-01 5.085757e-02 2.579983e+00 9.998509e-01 1.555946e-02 -7.492269e-03 1.842264e+01
-8.355442e-03 4.934653e-02 -9.987468e-01 -9.995544e+01 -1.453002e-02 9.986702e-01 4.946430e-02 2.615518e+00 9.998595e-01 1.492511e-02 -7.627325e-03 1.840733e+01
-8.407352e-03 4.999765e-02 -9.987139e-01 -1.011085e+02 -1.291269e-02 9.986605e-01 5.010367e-02 2.651094e+00 9.998813e-01 1.331732e-02 -7.750487e-03 1.839934e+01
-8.800245e-03 5.195999e-02 -9.986104e-01 -1.022619e+02 -1.252998e-02 9.985649e-01 5.206804e-02 2.693727e+00 9.998828e-01 1.297078e-02 -8.136558e-03 1.838412e+01
-8.907490e-03 5.400865e-02 -9.985007e-01 -1.034332e+02 -1.087377e-02 9.984761e-01 5.410432e-02 2.736296e+00 9.999012e-01 1.133940e-02 -8.306638e-03 1.837274e+01
-9.636845e-03 5.305286e-02 -9.985452e-01 -1.046061e+02 -1.431675e-02 9.984819e-01 5.318766e-02 2.784191e+00 9.998511e-01 1.480849e-02 -8.862671e-03 1.835135e+01
-9.931109e-03 5.437240e-02 -9.984713e-01 -1.057810e+02 -1.816142e-02 9.983461e-01 5.454622e-02 2.829769e+00 9.997857e-01 1.867537e-02 -8.927204e-03 1.832990e+01
-1.020358e-02 5.358087e-02 -9.985114e-01 -1.069401e+02 -2.113847e-02 9.983287e-01 5.378708e-02 2.872436e+00 9.997245e-01 2.165583e-02 -9.053904e-03 1.830578e+01
-1.046457e-02 4.967408e-02 -9.987107e-01 -1.081040e+02 -2.203518e-02 9.985114e-01 4.989506e-02 2.914852e+00 9.997024e-01 2.252890e-02 -9.354410e-03 1.828294e+01
-1.091454e-02 4.588876e-02 -9.988869e-01 -1.092689e+02 -2.233911e-02 9.986859e-01 4.612362e-02 2.952489e+00 9.996909e-01 2.281766e-02 -9.875083e-03 1.826107e+01
-1.222622e-02 4.485875e-02 -9.989185e-01 -1.104682e+02 -1.767455e-02 9.988274e-01 4.507098e-02 2.994707e+00 9.997690e-01 1.820648e-02 -1.141903e-02 1.825042e+01
-1.259482e-02 4.440993e-02 -9.989340e-01 -1.116700e+02 -1.283561e-02 9.989237e-01 4.457131e-02 3.033294e+00 9.998383e-01 1.338330e-02 -1.201124e-02 1.823619e+01
-1.298178e-02 4.659974e-02 -9.988293e-01 -1.128844e+02 -1.151567e-02 9.988402e-01 4.674992e-02 3.071526e+00 9.998494e-01 1.210909e-02 -1.243009e-02 1.821267e+01
-1.384332e-02 5.054650e-02 -9.986258e-01 -1.141035e+02 -1.016223e-02 9.986628e-01 5.068925e-02 3.114505e+00 9.998525e-01 1.084997e-02 -1.331114e-02 1.819000e+01
-1.448726e-02 5.072873e-02 -9.986074e-01 -1.153341e+02 -8.505161e-03 9.986698e-01 5.085529e-02 3.160237e+00 9.998589e-01 9.230070e-03 -1.403653e-02 1.816766e+01
-1.506220e-02 4.648084e-02 -9.988056e-01 -1.165521e+02 -8.609992e-03 9.988759e-01 4.661395e-02 3.201161e+00 9.998495e-01 9.301817e-03 -1.464507e-02 1.814312e+01
-1.570558e-02 4.354015e-02 -9.989282e-01 -1.177766e+02 -8.393944e-03 9.990105e-01 4.367571e-02 3.230895e+00 9.998414e-01 9.070900e-03 -1.532457e-02 1.811446e+01
-1.665041e-02 4.227589e-02 -9.989672e-01 -1.190233e+02 -7.328388e-03 9.990737e-01 4.240254e-02 3.266979e+00 9.998345e-01 8.026839e-03 -1.632517e-02 1.809002e+01
-1.730810e-02 4.352841e-02 -9.989023e-01 -1.202888e+02 -8.542985e-03 9.990090e-01 4.368109e-02 3.304616e+00 9.998137e-01 9.289644e-03 -1.691908e-02 1.805991e+01
-1.784012e-02 4.816559e-02 -9.986800e-01 -1.215542e+02 -1.281005e-02 9.987460e-01 4.839761e-02 3.346872e+00 9.997588e-01 1.365656e-02 -1.720075e-02 1.802338e+01
-1.818313e-02 5.139089e-02 -9.985131e-01 -1.228201e+02 -1.891099e-02 9.984818e-01 5.173366e-02 3.387772e+00 9.996558e-01 1.982355e-02 -1.718367e-02 1.798606e+01
-1.862640e-02 5.121593e-02 -9.985139e-01 -1.240880e+02 -2.627901e-02 9.983171e-01 5.169604e-02 3.436737e+00 9.994811e-01 2.720286e-02 -1.724915e-02 1.794671e+01
-1.861077e-02 4.933244e-02 -9.986090e-01 -1.253477e+02 -2.849417e-02 9.983501e-01 4.985069e-02 3.479237e+00 9.994207e-01 2.938229e-02 -1.717438e-02 1.791260e+01
-1.925689e-02 4.812145e-02 -9.986558e-01 -1.266150e+02 -3.071256e-02 9.983412e-01 4.869852e-02 3.519618e+00 9.993427e-01 3.160906e-02 -1.774701e-02 1.788029e+01
-1.996069e-02 4.782828e-02 -9.986561e-01 -1.278657e+02 -3.069353e-02 9.983550e-01 4.842735e-02 3.552703e+00 9.993295e-01 3.161893e-02 -1.845984e-02 1.784609e+01
-2.029802e-02 4.707342e-02 -9.986852e-01 -1.291282e+02 -2.846156e-02 9.984589e-01 4.764123e-02 3.588242e+00 9.993888e-01 2.939116e-02 -1.892696e-02 1.781370e+01
-2.038381e-02 4.762335e-02 -9.986574e-01 -1.303907e+02 -2.783515e-02 9.984507e-01 4.818164e-02 3.632984e+00 9.994047e-01 2.877990e-02 -1.902663e-02 1.777575e+01
-2.112561e-02 5.288773e-02 -9.983770e-01 -1.316627e+02 -2.696586e-02 9.982064e-01 5.344929e-02 3.677550e+00 9.994131e-01 2.805124e-02 -1.966156e-02 1.773857e+01
-2.171593e-02 5.674949e-02 -9.981522e-01 -1.329261e+02 -2.561021e-02 9.980285e-01 5.729963e-02 3.723972e+00 9.994361e-01 2.680720e-02 -2.021975e-02 1.770166e+01
-2.157678e-02 5.514243e-02 -9.982453e-01 -1.341841e+02 -2.592566e-02 9.981112e-01 5.569539e-02 3.779115e+00 9.994310e-01 2.708190e-02 -2.010642e-02 1.766263e+01
-2.066750e-02 5.363015e-02 -9.983470e-01 -1.354358e+02 -2.570870e-02 9.982016e-01 5.415456e-02 3.830699e+00 9.994558e-01 2.678544e-02 -1.925157e-02 1.762590e+01
-1.949724e-02 5.326635e-02 -9.983900e-01 -1.366930e+02 -2.476194e-02 9.982478e-01 5.374233e-02 3.873607e+00 9.995032e-01 2.576990e-02 -1.814410e-02 1.759380e+01
-1.827209e-02 5.302567e-02 -9.984260e-01 -1.379228e+02 -2.468820e-02 9.982643e-01 5.346890e-02 3.911162e+00 9.995282e-01 2.562632e-02 -1.693127e-02 1.755749e+01
-1.764724e-02 5.530099e-02 -9.983138e-01 -1.391735e+02 -2.423457e-02 9.981523e-01 5.572044e-02 3.957938e+00 9.995505e-01 2.517702e-02 -1.627444e-02 1.752962e+01
-1.645909e-02 5.878354e-02 -9.981351e-01 -1.404221e+02 -2.493423e-02 9.979357e-01 5.918296e-02 4.009333e+00 9.995536e-01 2.586183e-02 -1.495939e-02 1.749851e+01
-1.530814e-02 5.973362e-02 -9.980970e-01 -1.416673e+02 -2.675766e-02 9.978320e-01 6.012815e-02 4.062322e+00 9.995247e-01 2.762719e-02 -1.367662e-02 1.747000e+01
-1.454645e-02 5.718635e-02 -9.982575e-01 -1.429104e+02 -2.880791e-02 9.979248e-01 5.758707e-02 4.109769e+00 9.994791e-01 2.959540e-02 -1.286884e-02 1.744242e+01
-1.478039e-02 5.402628e-02 -9.984301e-01 -1.441644e+02 -2.747247e-02 9.981403e-01 5.441729e-02 4.165533e+00 9.995133e-01 2.823365e-02 -1.326867e-02 1.741866e+01
-1.441586e-02 5.222640e-02 -9.985312e-01 -1.454138e+02 -2.439646e-02 9.983193e-01 5.256753e-02 4.213959e+00 9.995984e-01 2.511843e-02 -1.311749e-02 1.739166e+01
-1.479949e-02 5.174376e-02 -9.985507e-01 -1.466700e+02 -2.214744e-02 9.983981e-01 5.206410e-02 4.258671e+00 9.996452e-01 2.288586e-02 -1.362979e-02 1.737243e+01
-1.492274e-02 5.237432e-02 -9.985160e-01 -1.479114e+02 -1.938370e-02 9.984244e-01 5.265920e-02 4.299803e+00 9.997007e-01 2.014075e-02 -1.388402e-02 1.735042e+01
-1.498195e-02 5.093618e-02 -9.985895e-01 -1.491676e+02 -1.747816e-02 9.985357e-01 5.119566e-02 4.341378e+00 9.997350e-01 1.822052e-02 -1.406974e-02 1.732174e+01
-1.524407e-02 5.100729e-02 -9.985819e-01 -1.504074e+02 -1.630919e-02 9.985524e-01 5.125476e-02 4.387292e+00 9.997508e-01 1.706740e-02 -1.439012e-02 1.730179e+01
-1.520414e-02 5.392356e-02 -9.984293e-01 -1.516413e+02 -1.324090e-02 9.984463e-01 5.412611e-02 4.431142e+00 9.997967e-01 1.404305e-02 -1.446652e-02 1.727262e+01
-1.538824e-02 5.554470e-02 -9.983376e-01 -1.528852e+02 -1.062852e-02 9.983903e-01 5.571146e-02 4.475596e+00 9.998251e-01 1.146815e-02 -1.477312e-02 1.725159e+01
-1.557522e-02 5.425426e-02 -9.984057e-01 -1.541105e+02 -8.239006e-03 9.984859e-01 5.438715e-02 4.520496e+00 9.998448e-01 9.072962e-03 -1.510464e-02 1.722793e+01
-1.642007e-02 5.465986e-02 -9.983700e-01 -1.553414e+02 -9.019752e-03 9.984559e-01 5.481291e-02 4.561389e+00 9.998245e-01 9.905082e-03 -1.590170e-02 1.719981e+01
-1.630726e-02 5.932858e-02 -9.981053e-01 -1.565797e+02 -8.935979e-03 9.981895e-01 5.947958e-02 4.607936e+00 9.998271e-01 9.888997e-03 -1.574758e-02 1.716945e+01
-1.597778e-02 6.608112e-02 -9.976863e-01 -1.578081e+02 -1.371794e-02 9.977053e-01 6.630207e-02 4.657070e+00 9.997782e-01 1.474556e-02 -1.503462e-02 1.713831e+01
-1.556961e-02 6.624369e-02 -9.976820e-01 -1.590211e+02 -1.694724e-02 9.976421e-01 6.650552e-02 4.711402e+00 9.997352e-01 1.794342e-02 -1.441025e-02 1.711310e+01
-1.412433e-02 6.289139e-02 -9.979204e-01 -1.602523e+02 -2.055819e-02 9.977908e-01 6.317420e-02 4.764456e+00 9.996889e-01 2.140773e-02 -1.280019e-02 1.708284e+01
-1.250440e-02 5.748316e-02 -9.982682e-01 -1.614735e+02 -2.154216e-02 9.980990e-01 5.774326e-02 4.813532e+00 9.996897e-01 2.222690e-02 -1.124232e-02 1.705634e+01
-1.168432e-02 5.611836e-02 -9.983558e-01 -1.626953e+02 -2.429860e-02 9.981131e-01 5.638910e-02 4.856501e+00 9.996365e-01 2.491752e-02 -1.029868e-02 1.702880e+01
-1.028023e-02 5.367002e-02 -9.985058e-01 -1.639233e+02 -1.923740e-02 9.983631e-01 5.386041e-02 4.893420e+00 9.997621e-01 1.976235e-02 -9.230928e-03 1.701182e+01
-1.023163e-02 4.951747e-02 -9.987208e-01 -1.651441e+02 -1.568979e-02 9.986422e-01 4.967431e-02 4.932506e+00 9.998246e-01 1.617797e-02 -9.440820e-03 1.699800e+01
-1.039845e-02 4.651785e-02 -9.988633e-01 -1.663396e+02 -9.517894e-03 9.988675e-01 4.661713e-02 4.964577e+00 9.999006e-01 9.991821e-03 -9.943917e-03 1.698396e+01
-1.148604e-02 4.935299e-02 -9.987154e-01 -1.675683e+02 -7.011391e-03 9.987527e-01 4.943547e-02 5.008040e+00 9.999095e-01 7.570201e-03 -1.112568e-02 1.696983e+01
-1.073059e-02 5.574190e-02 -9.983875e-01 -1.688173e+02 -7.362213e-03 9.984136e-01 5.582248e-02 5.051181e+00 9.999153e-01 7.949350e-03 -1.030318e-02 1.694673e+01
-8.795714e-03 5.902572e-02 -9.982177e-01 -1.700393e+02 -8.571198e-03 9.982152e-01 5.910110e-02 5.100507e+00 9.999246e-01 9.075758e-03 -8.274095e-03 1.692084e+01
-7.072144e-03 5.593973e-02 -9.984091e-01 -1.712516e+02 -9.390093e-03 9.983863e-01 5.600497e-02 5.148068e+00 9.999309e-01 9.771230e-03 -6.535453e-03 1.690325e+01
-6.526031e-03 5.582093e-02 -9.984195e-01 -1.724717e+02 -1.154310e-02 9.983700e-01 5.589362e-02 5.201561e+00 9.999121e-01 1.188962e-02 -5.871046e-03 1.688780e+01
-5.460661e-03 5.730043e-02 -9.983420e-01 -1.736942e+02 -9.582246e-03 9.983081e-01 5.735089e-02 5.240868e+00 9.999392e-01 9.879533e-03 -4.902356e-03 1.687507e+01
-4.953319e-03 5.544682e-02 -9.984494e-01 -1.749024e+02 -9.785279e-03 9.984111e-01 5.549324e-02 5.287772e+00 9.999399e-01 1.004498e-02 -4.402886e-03 1.686315e+01
-3.308131e-03 5.412313e-02 -9.985288e-01 -1.760928e+02 -1.026768e-02 9.984798e-01 5.415449e-02 5.331621e+00 9.999418e-01 1.043173e-02 -2.747383e-03 1.685025e+01
-1.533976e-03 5.585650e-02 -9.984376e-01 -1.772443e+02 -1.144247e-02 9.983725e-01 5.587044e-02 5.371470e+00 9.999334e-01 1.151030e-02 -8.923424e-04 1.683741e+01
-4.447717e-04 5.770912e-02 -9.983333e-01 -1.783781e+02 -1.080844e-02 9.982748e-01 5.771055e-02 5.405774e+00 9.999415e-01 1.081609e-02 1.797412e-04 1.683369e+01
1.199213e-04 5.904517e-02 -9.982553e-01 -1.794856e+02 -1.100800e-02 9.981949e-01 5.904028e-02 5.444621e+00 9.999394e-01 1.098172e-02 7.696744e-04 1.682381e+01
2.550655e-04 6.044695e-02 -9.981714e-01 -1.805534e+02 -1.098497e-02 9.981114e-01 6.044051e-02 5.478227e+00 9.999396e-01 1.094947e-02 9.185917e-04 1.681825e+01
-7.081120e-05 6.142287e-02 -9.981118e-01 -1.816039e+02 -1.011744e-02 9.980607e-01 6.142044e-02 5.512647e+00 9.999488e-01 1.010269e-02 5.507684e-04 1.681436e+01
2.655776e-04 6.051119e-02 -9.981675e-01 -1.826281e+02 -9.979386e-03 9.981180e-01 6.050553e-02 5.550643e+00 9.999502e-01 9.945030e-03 8.689423e-04 1.681000e+01
1.769976e-03 6.046114e-02 -9.981690e-01 -1.836086e+02 -1.088422e-02 9.981126e-01 6.043843e-02 5.584540e+00 9.999392e-01 1.075732e-02 2.424708e-03 1.680349e+01
3.325108e-03 6.148302e-02 -9.981026e-01 -1.845560e+02 -1.188191e-02 9.980401e-01 6.143959e-02 5.611715e+00 9.999239e-01 1.165507e-02 4.049127e-03 1.679424e+01
2.429553e-03 5.985425e-02 -9.982042e-01 -1.854985e+02 -1.019146e-02 9.981568e-01 5.982660e-02 5.645227e+00 9.999451e-01 1.002781e-02 3.035077e-03 1.679580e+01
-6.927253e-04 5.715807e-02 -9.983649e-01 -1.864424e+02 -8.008322e-03 9.983328e-01 5.716179e-02 5.672000e+00 9.999677e-01 8.034825e-03 -2.338302e-04 1.679277e+01
-5.949364e-03 5.341098e-02 -9.985549e-01 -1.873702e+02 -7.038535e-03 9.985456e-01 5.345241e-02 5.705860e+00 9.999575e-01 7.346371e-03 -5.564776e-03 1.678505e+01
-1.072851e-02 5.064008e-02 -9.986593e-01 -1.883060e+02 -8.677439e-03 9.986745e-01 5.073407e-02 5.733860e+00 9.999048e-01 9.210106e-03 -1.027486e-02 1.676354e+01
-1.454635e-02 4.984596e-02 -9.986510e-01 -1.892437e+02 -1.018990e-02 9.986974e-01 4.999670e-02 5.765684e+00 9.998423e-01 1.090343e-02 -1.401948e-02 1.673690e+01
-1.774200e-02 5.062219e-02 -9.985603e-01 -1.901630e+02 -1.128730e-02 9.986437e-01 5.082697e-02 5.792319e+00 9.997789e-01 1.217282e-02 -1.714655e-02 1.671564e+01
-1.972815e-02 5.234555e-02 -9.984341e-01 -1.910810e+02 -9.801882e-03 9.985704e-01 5.254637e-02 5.821091e+00 9.997573e-01 1.082318e-02 -1.918686e-02 1.669297e+01
-2.124779e-02 5.415900e-02 -9.983062e-01 -1.919930e+02 -7.308941e-03 9.984966e-01 5.432489e-02 5.849571e+00 9.997475e-01 8.450845e-03 -2.082000e-02 1.667147e+01
-2.266607e-02 5.472095e-02 -9.982444e-01 -1.929025e+02 -5.358988e-03 9.984799e-01 5.485554e-02 5.880282e+00 9.997287e-01 6.592940e-03 -2.233837e-02 1.664809e+01
-2.399819e-02 5.379189e-02 -9.982638e-01 -1.938113e+02 -5.359980e-03 9.985301e-01 5.393510e-02 5.912702e+00 9.996976e-01 6.645019e-03 -2.367459e-02 1.662422e+01
-2.487857e-02 5.257434e-02 -9.983071e-01 -1.947109e+02 -6.728020e-03 9.985847e-01 5.275663e-02 5.947257e+00 9.996678e-01 8.029140e-03 -2.448964e-02 1.659468e+01
-2.488080e-02 5.190260e-02 -9.983422e-01 -1.956108e+02 -1.002031e-02 9.985882e-01 5.216512e-02 5.977946e+00 9.996402e-01 1.130161e-02 -2.432559e-02 1.656384e+01
-2.436342e-02 5.017092e-02 -9.984434e-01 -1.965144e+02 -1.282992e-02 9.986420e-01 5.049396e-02 6.007742e+00 9.996208e-01 1.404015e-02 -2.368664e-02 1.653477e+01
-2.337931e-02 4.780244e-02 -9.985832e-01 -1.974216e+02 -1.277394e-02 9.987604e-01 4.810999e-02 6.035564e+00 9.996451e-01 1.388062e-02 -2.273970e-02 1.650498e+01
