1.000000e+00 0.000000e+00 0.000000e+00 0.000000e+00 0.000000e+00 1.000000e+00 0.000000e+00 0.000000e+00 0.000000e+00 0.000000e+00 1.000000e+00 0.000000e+00
9.999337e-01 -2.870746e-03 1.114907e-02 1.643459e-02 2.857442e-03 9.999952e-01 1.209099e-03 -4.148294e-03 -1.115249e-02 -1.177161e-03 9.999371e-01 2.880005e-01
9.998278e-01 -5.317390e-03 1.778099e-02 2.887755e-02 5.295240e-03 9.999851e-01 1.292591e-03 -7.945678e-03 -1.778760e-02 -1.198213e-03 9.998411e-01 5.795320e-01
9.997694e-01 -8.547536e-03 1.969897e-02 4.052457e-02 8.549201e-03 9.999635e-01 -2.989513e-07 -9.585329e-03 -1.969825e-02 1.687093e-04 9.998060e-01 8.828103e-01
9.997884e-01 -1.041985e-02 1.773659e-02 4.294387e-02 1.044473e-02 9.999446e-01 -1.310892e-03 -1.279458e-02 -1.772195e-02 1.495869e-03 9.998418e-01 1.193429e+00
9.998621e-01 -1.240648e-02 1.104134e-02 4.235427e-02 1.243901e-02 9.999185e-01 -2.882875e-03 -1.109335e-02 -1.100467e-02 3.019821e-03 9.999349e-01 1.512115e+00
9.998964e-01 -1.433789e-02 -1.238363e-03 3.554032e-02 1.433160e-02 9.998851e-01 -4.948596e-03 -1.218923e-02 1.309173e-03 4.930336e-03 9.999870e-01 1.836240e+00
9.997395e-01 -1.395590e-02 -1.805933e-02 2.071326e-02 1.386468e-02 9.998905e-01 -5.166825e-03 -1.465952e-02 1.812946e-02 4.915092e-03 9.998236e-01 2.179048e+00
9.992624e-01 -9.386502e-03 -3.723730e-02 -1.156595e-02 9.198567e-03 9.999441e-01 -5.215062e-03 -1.825109e-02 3.728417e-02 4.868686e-03 9.992928e-01 2.525498e+00
9.983474e-01 -6.105967e-03 -5.714206e-02 -4.905165e-02 5.741179e-03 9.999621e-01 -6.545863e-03 -2.286482e-02 5.717987e-02 6.206982e-03 9.983446e-01 2.880451e+00
9.969832e-01 -6.068294e-03 -7.738021e-02 -9.363196e-02 5.519931e-03 9.999581e-01 -7.298518e-03 -2.600859e-02 7.742126e-02 6.849367e-03 9.969749e-01 3.244658e+00
9.951117e-01 -7.915485e-03 -9.843836e-02 -1.449134e-01 7.308872e-03 9.999520e-01 -6.521460e-03 -3.341757e-02 9.848526e-02 5.770108e-03 9.951218e-01 3.627307e+00
9.929446e-01 -9.542297e-03 -1.181949e-01 -2.018502e-01 8.971783e-03 9.999454e-01 -5.358036e-03 -4.200551e-02 1.182396e-01 4.259813e-03 9.929760e-01 4.011798e+00
9.906899e-01 -8.400061e-03 -1.358781e-01 -2.755381e-01 7.839327e-03 9.999584e-01 -4.661300e-03 -4.714976e-02 1.359116e-01 3.552710e-03 9.907146e-01 4.412575e+00
9.883873e-01 -7.028681e-03 -1.517929e-01 -3.484884e-01 6.532438e-03 9.999716e-01 -3.767651e-03 -5.518523e-02 1.518150e-01 2.732321e-03 9.884051e-01 4.828763e+00
9.862248e-01 -6.176110e-03 -1.652953e-01 -4.309673e-01 5.680104e-03 9.999778e-01 -3.473257e-03 -6.388700e-02 1.653131e-01 2.486517e-03 9.862380e-01 5.251861e+00
9.840967e-01 -7.563204e-03 -1.774724e-01 -5.179158e-01 6.898241e-03 9.999667e-01 -4.363581e-03 -7.081794e-02 1.774995e-01 3.069938e-03 9.841161e-01 5.680699e+00
9.822451e-01 -1.106978e-02 -1.872754e-01 -6.050334e-01 1.002369e-02 9.999284e-01 -6.531922e-03 -7.575899e-02 1.873343e-01 4.538757e-03 9.822857e-01 6.129388e+00
9.807466e-01 -1.086125e-02 -1.949825e-01 -7.065746e-01 9.463851e-03 9.999224e-01 -8.096987e-03 -8.882772e-02 1.950553e-01 6.095807e-03 9.807733e-01 6.571753e+00
9.792524e-01 -1.068623e-02 -2.023623e-01 -8.172657e-01 8.923681e-03 9.999139e-01 -9.620260e-03 -9.636883e-02 2.024476e-01 7.614846e-03 9.792635e-01 7.037216e+00
9.774353e-01 -1.176493e-02 -2.109071e-01 -9.234344e-01 9.484455e-03 9.998851e-01 -1.182102e-02 -1.108792e-01 2.110219e-01 9.553939e-03 9.774346e-01 7.528759e+00
9.756252e-01 -1.614725e-02 -2.188485e-01 -1.034603e+00 1.352718e-02 9.998178e-01 -1.346528e-02 -1.236740e-01 2.190261e-01 1.017667e-02 9.756659e-01 8.034416e+00
9.737052e-01 -2.255657e-02 -2.266924e-01 -1.148735e+00 1.968371e-02 9.996948e-01 -1.492575e-02 -1.334573e-01 2.269599e-01 1.007113e-02 9.738520e-01 8.543317e+00
9.715515e-01 -2.344867e-02 -2.356647e-01 -1.276189e+00 1.991826e-02 9.996511e-01 -1.735037e-02 -1.463406e-01 2.359893e-01 1.216275e-02 9.716795e-01 9.068146e+00
9.694755e-01 -1.966202e-02 -2.443987e-01 -1.427376e+00 1.482486e-02 9.996564e-01 -2.161604e-02 -1.570972e-01 2.447398e-01 1.733304e-02 9.694339e-01 9.603902e+00
9.672312e-01 -1.691064e-02 -2.533336e-01 -1.582335e+00 1.103259e-02 9.996364e-01 -2.460560e-02 -1.738353e-01 2.536576e-01 2.100438e-02 9.670660e-01 1.014466e+01
9.648763e-01 -1.971173e-02 -2.619642e-01 -1.736315e+00 1.331947e-02 9.995692e-01 -2.615471e-02 -1.946700e-01 2.623669e-01 2.174684e-02 9.647231e-01 1.070860e+01
9.625078e-01 -2.265693e-02 -2.703060e-01 -1.896897e+00 1.562327e-02 9.994818e-01 -2.814462e-02 -2.164563e-01 2.708035e-01 2.286636e-02 9.623630e-01 1.127155e+01
9.603076e-01 -2.237957e-02 -2.780441e-01 -2.074954e+00 1.451893e-02 9.994354e-01 -3.029843e-02 -2.432131e-01 2.785652e-01 2.505891e-02 9.600904e-01 1.184605e+01
9.580053e-01 -2.139659e-02 -2.859512e-01 -2.265206e+00 1.224913e-02 9.993556e-01 -3.374029e-02 -2.682685e-01 2.864888e-01 2.882073e-02 9.576500e-01 1.243644e+01
9.556680e-01 -2.201511e-02 -2.936221e-01 -2.453715e+00 1.104973e-02 9.991800e-01 -3.895207e-02 -2.929740e-01 2.942388e-01 3.398080e-02 9.551276e-01 1.302833e+01
9.538437e-01 -2.373573e-02 -2.993642e-01 -2.649813e+00 1.031832e-02 9.988733e-01 -4.632124e-02 -3.253731e-01 3.001263e-01 4.109429e-02 9.530139e-01 1.363944e+01
9.525868e-01 -2.461743e-02 -3.032694e-01 -2.856982e+00 8.520903e-03 9.984891e-01 -5.428618e-02 -3.612142e-01 3.041475e-01 4.912818e-02 9.513573e-01 1.425100e+01
9.512460e-01 -2.441703e-02 -3.074654e-01 -3.068060e+00 5.230380e-03 9.979952e-01 -6.307279e-02 -3.994854e-01 3.083890e-01 5.838957e-02 9.494666e-01 1.488011e+01
9.499460e-01 -2.391108e-02 -3.114978e-01 -3.290334e+00 1.501236e-03 9.974046e-01 -7.198423e-02 -4.445797e-01 3.124106e-01 6.791350e-02 9.475164e-01 1.551802e+01
9.486577e-01 -2.311712e-02 -3.154586e-01 -3.523502e+00 -1.967007e-03 9.968753e-01 -7.896727e-02 -4.946682e-01 3.162984e-01 7.553342e-02 9.456479e-01 1.616854e+01
9.470472e-01 -2.122060e-02 -3.203923e-01 -3.761101e+00 -6.619333e-03 9.963115e-01 -8.555494e-02 -5.536885e-01 3.210261e-01 8.314535e-02 9.434135e-01 1.683228e+01
9.454482e-01 -2.027462e-02 -3.251411e-01 -4.003813e+00 -1.005049e-02 9.957711e-01 -9.131759e-02 -6.163525e-01 3.256175e-01 8.960387e-02 9.412462e-01 1.750629e+01
9.437712e-01 -1.843900e-02 -3.300848e-01 -4.254894e+00 -1.430706e-02 9.952300e-01 -9.650137e-02 -6.890138e-01 3.302897e-01 9.579775e-02 9.390056e-01 1.818959e+01
9.420887e-01 -1.604899e-02 -3.349795e-01 -4.518029e+00 -1.850133e-02 9.948459e-01 -9.969613e-02 -7.592927e-01 3.348531e-01 1.001202e-01 9.369362e-01 1.888021e+01
9.402440e-01 -1.566458e-02 -3.401410e-01 -4.784808e+00 -2.007990e-02 9.946519e-01 -1.013133e-01 -8.304501e-01 3.399089e-01 1.020892e-01 9.349009e-01 1.958755e+01
9.379934e-01 -1.523800e-02 -3.463180e-01 -5.055808e+00 -2.089317e-02 9.947321e-01 -1.003568e-01 -9.100878e-01 3.460228e-01 1.013697e-01 9.327338e-01 2.029114e+01
9.356688e-01 -1.535578e-02 -3.525452e-01 -5.340017e+00 -2.105504e-02 9.948434e-01 -9.921321e-02 -9.837437e-01 3.522508e-01 1.002536e-01 9.305206e-01 2.102056e+01
9.330979e-01 -1.525701e-02 -3.592988e-01 -5.629053e+00 -2.130173e-02 9.950005e-01 -9.757153e-02 -1.061877e+00 3.589911e-01 9.869747e-02 9.281078e-01 2.175215e+01
9.299472e-01 -1.434990e-02 -3.674129e-01 -5.929180e+00 -2.193312e-02 9.952939e-01 -9.438703e-02 -1.141826e+00 3.670383e-01 9.583347e-02 9.252561e-01 2.248616e+01
9.266315e-01 -1.235288e-02 -3.757679e-01 -6.242710e+00 -2.264874e-02 9.958109e-01 -8.858705e-02 -1.221195e+00 3.752881e-01 9.059822e-02 9.224699e-01 2.322656e+01
9.230834e-01 -9.322468e-03 -3.844868e-01 -6.565851e+00 -2.466337e-02 9.962137e-01 -8.336702e-02 -1.297236e+00 3.838082e-01 8.643745e-02 9.193584e-01 2.397146e+01
9.194155e-01 -5.868376e-03 -3.932439e-01 -6.902916e+00 -2.726198e-02 9.965326e-01 -7.861053e-02 -1.378665e+00 3.923417e-01 8.299635e-02 9.160675e-01 2.473358e+01
9.154811e-01 -5.530255e-03 -4.023230e-01 -7.244662e+00 -2.769729e-02 9.966675e-01 -7.672483e-02 -1.450260e+00 4.014066e-01 8.138338e-02 9.122771e-01 2.548738e+01
9.114404e-01 -5.547787e-03 -4.113946e-01 -7.603239e+00 -2.829947e-02 9.966956e-01 -7.613795e-02 -1.517186e+00 4.104576e-01 8.103746e-02 9.082717e-01 2.625916e+01
9.075769e-01 -5.424500e-03 -4.198509e-01 -7.969670e+00 -2.869504e-02 9.967775e-01 -7.490749e-02 -1.584301e+00 4.189043e-01 8.003194e-02 9.044966e-01 2.702935e+01
9.036125e-01 -4.420243e-03 -4.283281e-01 -8.350269e+00 -2.968600e-02 9.968963e-01 -7.291411e-02 -1.651710e+00 4.273211e-01 7.860144e-02 9.006767e-01 2.780974e+01
8.998318e-01 -5.008480e-03 -4.362082e-01 -8.738444e+00 -2.861429e-02 9.971030e-01 -7.047557e-02 -1.719977e+00 4.352975e-01 7.589795e-02 8.970817e-01 2.859245e+01
8.959937e-01 -4.289680e-03 -4.440460e-01 -9.138177e+00 -2.814329e-02 9.973946e-01 -6.642266e-02 -1.783642e+00 4.431740e-01 7.201120e-02 8.935386e-01 2.938039e+01
8.922095e-01 -2.387570e-03 -4.516154e-01 -9.557699e+00 -2.813852e-02 9.977493e-01 -6.086517e-02 -1.843074e+00 4.507443e-01 6.701227e-02 8.901342e-01 3.018785e+01
8.883161e-01 -2.420683e-03 -4.592262e-01 -9.981569e+00 -2.659583e-02 9.980366e-01 -5.670719e-02 -1.904053e+00 4.584618e-01 6.258741e-02 8.865075e-01 3.099735e+01
8.846106e-01 -3.081285e-03 -4.663202e-01 -1.041622e+01 -2.541448e-02 9.981735e-01 -5.480691e-02 -1.965916e+00 4.656374e-01 6.033406e-02 8.829166e-01 3.180765e+01
8.813008e-01 -3.950136e-03 -4.725393e-01 -1.086408e+01 -2.419752e-02 9.982760e-01 -5.347411e-02 -2.024279e+00 4.719359e-01 5.856105e-02 8.796858e-01 3.263262e+01
8.780905e-01 -3.053350e-03 -4.784849e-01 -1.132219e+01 -2.457995e-02 9.983716e-01 -5.147873e-02 -2.077834e+00 4.778629e-01 5.696412e-02 8.765855e-01 3.346825e+01
8.749551e-01 -4.553860e-03 -4.841827e-01 -1.179167e+01 -2.285448e-02 9.984529e-01 -5.069048e-02 -2.122606e+00 4.836644e-01 5.541764e-02 8.734973e-01 3.431977e+01
8.721418e-01 -6.258244e-03 -4.892131e-01 -1.226608e+01 -2.122941e-02 9.984923e-01 -5.061979e-02 -2.176688e+00 4.887924e-01 5.453334e-02 8.706941e-01 3.516694e+01
8.699858e-01 -7.510827e-03 -4.930196e-01 -1.276255e+01 -2.026746e-02 9.984942e-01 -5.097550e-02 -2.231707e+00 4.926601e-01 5.434022e-02 8.685235e-01 3.603299e+01
8.685462e-01 -7.205430e-03 -4.955559e-01 -1.326239e+01 -2.101190e-02 9.984599e-01 -5.134464e-02 -2.287845e+00 4.951627e-01 5.500777e-02 8.670571e-01 3.690211e+01
8.678199e-01 -7.868428e-03 -4.968166e-01 -1.376111e+01 -1.956125e-02 9.985585e-01 -4.998370e-02 -2.350808e+00 4.964937e-01 5.309520e-02 8.664150e-01 3.778261e+01
8.676960e-01 -7.092673e-03 -4.970446e-01 -1.427839e+01 -1.955799e-02 9.986369e-01 -4.839284e-02 -2.406109e+00 4.967103e-01 5.171147e-02 8.663745e-01 3.867442e+01
8.672878e-01 -9.002040e-03 -4.977257e-01 -1.479796e+01 -1.707894e-02 9.987098e-01 -4.782309e-02 -2.465107e+00 4.975141e-01 4.997701e-02 8.660150e-01 3.957530e+01
8.665654e-01 -1.055622e-02 -4.989518e-01 -1.532226e+01 -1.565052e-02 9.987097e-01 -4.831087e-02 -2.525592e+00 4.988180e-01 4.967338e-02 8.652821e-01 4.047638e+01
8.653797e-01 -1.296631e-02 -5.009490e-01 -1.585390e+01 -1.306948e-02 9.987412e-01 -4.842818e-02 -2.584291e+00 5.009463e-01 4.845591e-02 8.641208e-01 4.139070e+01
8.637802e-01 -1.318589e-02 -5.036962e-01 -1.640896e+01 -1.198216e-02 9.988373e-01 -4.669583e-02 -2.635689e+00 5.037263e-01 4.637030e-02 8.626179e-01 4.233152e+01
8.616548e-01 -1.292296e-02 -5.073303e-01 -1.696248e+01 -1.005216e-02 9.990450e-01 -4.252083e-02 -2.695284e+00 5.073953e-01 4.173804e-02 8.607020e-01 4.326220e+01
8.587778e-01 -1.354481e-02 -5.121691e-01 -1.751454e+01 -7.221042e-03 9.992312e-01 -3.853349e-02 -2.752460e+00 5.122973e-01 3.679010e-02 8.580198e-01 4.418324e+01
8.548207e-01 -1.376398e-02 -5.187409e-01 -1.807765e+01 -5.990496e-03 9.993198e-01 -3.638699e-02 -2.811049e+00 5.188889e-01 3.421187e-02 8.541568e-01 4.509234e+01
8.495579e-01 -1.740165e-02 -5.272083e-01 -1.864160e+01 -3.394091e-03 9.992547e-01 -3.845190e-02 -2.866115e+00 5.274845e-01 3.445651e-02 8.488656e-01 4.599249e+01
8.435420e-01 -2.053364e-02 -5.366706e-01 -1.921833e+01 -2.212392e-03 9.991275e-01 -4.170523e-02 -2.921673e+00 5.370587e-01 3.636744e-02 8.427606e-01 4.688139e+01
8.370765e-01 -2.144821e-02 -5.466652e-01 -1.980847e+01 -1.170308e-03 9.991587e-01 -4.099366e-02 -2.973559e+00 5.470846e-01 3.495459e-02 8.363472e-01 4.778583e+01
8.311492e-01 -1.856748e-02 -5.557393e-01 -2.041247e+01 -1.730695e-03 9.993511e-01 -3.597712e-02 -3.029048e+00 5.560467e-01 3.086417e-02 8.305778e-01 4.868412e+01
8.258922e-01 -1.372581e-02 -5.636610e-01 -2.102457e+01 -5.131145e-03 9.994793e-01 -3.185680e-02 -3.075870e+00 5.638047e-01 2.920251e-02 8.253917e-01 4.957589e+01
8.217351e-01 -1.423356e-02 -5.696919e-01 -2.164401e+01 -5.859260e-03 9.994242e-01 -3.342178e-02 -3.124412e+00 5.698396e-01 3.080182e-02 8.211785e-01 5.045971e+01
8.183706e-01 -1.675731e-02 -5.744465e-01 -2.226870e+01 -5.984217e-03 9.992721e-01 -3.767526e-02 -3.173433e+00 5.746597e-01 3.426994e-02 8.176746e-01 5.133644e+01
8.153141e-01 -1.912940e-02 -5.787029e-01 -2.289602e+01 -8.051883e-03 9.989829e-01 -4.436604e-02 -3.231099e+00 5.789629e-01 4.083191e-02 8.143308e-01 5.219868e+01
8.123580e-01 -1.969175e-02 -5.828265e-01 -2.353444e+01 -8.730774e-03 9.989070e-01 -4.591888e-02 -3.282634e+00 5.830938e-01 4.239109e-02 8.112981e-01 5.306161e+01
8.087961e-01 -1.832245e-02 -5.878036e-01 -2.417822e+01 -7.925850e-03 9.990841e-01 -4.204816e-02 -3.339200e+00 5.880357e-01 3.866723e-02 8.079102e-01 5.394231e+01
8.056342e-01 -1.614023e-02 -5.921934e-01 -2.481821e+01 -7.047276e-03 9.992969e-01 -3.682313e-02 -3.395903e+00 5.923714e-01 3.383932e-02 8.049541e-01 5.479878e+01
8.025052e-01 -1.443190e-02 -5.964706e-01 -2.546636e+01 -7.382432e-03 9.993907e-01 -3.411324e-02 -3.441834e+00 5.965995e-01 3.177945e-02 8.019097e-01 5.566422e+01
7.992706e-01 -1.391346e-02 -6.008102e-01 -2.612041e+01 -8.324552e-03 9.993797e-01 -3.421779e-02 -3.492860e+00 6.009136e-01 3.235075e-02 7.986590e-01 5.652160e+01
7.956180e-01 -1.542990e-02 -6.056021e-01 -2.678020e+01 -7.961099e-03 9.993229e-01 -3.592035e-02 -3.542713e+00 6.057464e-01 3.340014e-02 7.949565e-01 5.738679e+01
7.915203e-01 -1.830378e-02 -6.108687e-01 -2.744491e+01 -6.742839e-03 9.992290e-01 -3.867731e-02 -3.592628e+00 6.111057e-01 3.473287e-02 7.907866e-01 5.824308e+01
7.874012e-01 -1.940266e-02 -6.161355e-01 -2.812086e+01 -5.977244e-03 9.992172e-01 -3.910498e-02 -3.643520e+00 6.164119e-01 3.447410e-02 7.866689e-01 5.908560e+01
7.829192e-01 -1.930906e-02 -6.218237e-01 -2.880365e+01 -5.587855e-03 9.992596e-01 -3.806481e-02 -3.696048e+00 6.220983e-01 3.327633e-02 7.822316e-01 5.992725e+01
7.779152e-01 -1.916041e-02 -6.280771e-01 -2.949175e+01 -5.575908e-03 9.992852e-01 -3.739079e-02 -3.751102e+00 6.283445e-01 3.258896e-02 7.772523e-01 6.077623e+01
7.725014e-01 -2.064641e-02 -6.346773e-01 -3.018572e+01 -5.184213e-03 9.992329e-01 -3.881561e-02 -3.800701e+00 6.349919e-01 3.327541e-02 7.718018e-01 6.161286e+01
7.668064e-01 -2.231408e-02 -6.414905e-01 -3.088292e+01 -4.252909e-03 9.991970e-01 -3.984054e-02 -3.851047e+00 6.418644e-01 3.327818e-02 7.660958e-01 6.245396e+01
7.612200e-01 -2.338766e-02 -6.480719e-01 -3.159899e+01 -3.750055e-03 9.991740e-01 -4.046304e-02 -3.912820e+00 6.484829e-01 3.323158e-02 7.605035e-01 6.328575e+01
7.555179e-01 -2.470741e-02 -6.546619e-01 -3.232185e+01 -3.280201e-03 9.991334e-01 -4.149355e-02 -3.969320e+00 6.551198e-01 3.349654e-02 7.547821e-01 6.410819e+01
7.493177e-01 -2.667225e-02 -6.616733e-01 -3.305667e+01 -2.428193e-03 9.990711e-01 -4.302268e-02 -4.023159e+00 6.622062e-01 3.384432e-02 7.485569e-01 6.494235e+01
7.432286e-01 -2.783430e-02 -6.684583e-01 -3.380321e+01 -1.312465e-03 9.990716e-01 -4.306016e-02 -4.077610e+00 6.690363e-01 3.288087e-02 7.425021e-01 6.575679e+01
7.369166e-01 -2.765695e-02 -6.754176e-01 -3.456070e+01 -3.309573e-04 9.991478e-01 -4.127412e-02 -4.138915e+00 6.759835e-01 3.063912e-02 7.362795e-01 6.657025e+01
7.304851e-01 -2.795785e-02 -6.823562e-01 -3.533619e+01 3.584456e-04 9.991772e-01 -4.055507e-02 -4.200553e+00 6.829286e-01 2.938029e-02 7.298941e-01 6.739008e+01
7.235523e-01 -3.024086e-02 -6.896069e-01 -3.609884e+01 2.567364e-03 9.991509e-01 -4.112134e-02 -4.263696e+00 6.902648e-01 2.798297e-02 7.230155e-01 6.819272e+01
7.170316e-01 -3.200065e-02 -6.963057e-01 -3.689314e+01 2.608385e-03 9.990618e-01 -4.322862e-02 -4.318646e+00 6.970358e-01 2.918005e-02 7.164424e-01 6.899838e+01
7.107320e-01 -3.149907e-02 -7.027574e-01 -3.768384e+01 1.366851e-03 9.990570e-01 -4.339748e-02 -4.375518e+00 7.034616e-01 2.988341e-02 7.101048e-01 6.979547e+01
7.051679e-01 -3.183730e-02 -7.083252e-01 -3.850958e+01 2.014143e-03 9.990773e-01 -4.290065e-02 -4.428022e+00 7.090375e-01 2.882550e-02 7.045814e-01 7.061681e+01
7.002110e-01 -3.076347e-02 -7.132729e-01 -3.933634e+01 3.654015e-04 9.990865e-01 -4.273191e-02 -4.490333e+00 7.139359e-01 2.966072e-02 6.995826e-01 7.141288e+01
6.953067e-01 -3.230986e-02 -7.179866e-01 -4.015792e+01 1.055709e-03 9.990338e-01 -4.393481e-02 -4.548983e+00 7.187124e-01 2.979018e-02 6.946690e-01 7.220834e+01
6.903923e-01 -3.364006e-02 -7.226526e-01 -4.099140e+01 8.799786e-05 9.989222e-01 -4.641657e-02 -4.614267e+00 7.234352e-01 3.198205e-02 6.896512e-01 7.297666e+01
6.851238e-01 -3.640870e-02 -7.275162e-01 -4.183928e+01 7.258944e-04 9.987837e-01 -4.930075e-02 -4.679265e+00 7.284263e-01 3.324901e-02 6.843169e-01 7.377176e+01
6.801023e-01 -3.666013e-02 -7.322000e-01 -4.270426e+01 2.029931e-04 9.987583e-01 -4.981775e-02 -4.748851e+00 7.331172e-01 3.373253e-02 6.792653e-01 7.455795e+01
6.750494e-01 -3.642978e-02 -7.368725e-01 -4.358575e+01 8.914169e-04 9.988197e-01 -4.856340e-02 -4.815743e+00 7.377720e-01 3.212583e-02 6.742851e-01 7.536281e+01
6.699525e-01 -3.616084e-02 -7.415228e-01 -4.446650e+01 9.315933e-04 9.988532e-01 -4.786805e-02 -4.886386e+00 7.424034e-01 3.137852e-02 6.692179e-01 7.615269e+01
6.649468e-01 -3.776653e-02 -7.459353e-01 -4.535115e+01 2.070284e-03 9.988101e-01 -4.872401e-02 -4.951198e+00 7.468878e-01 3.085458e-02 6.642338e-01 7.692590e+01
6.600382e-01 -3.947891e-02 -7.501939e-01 -4.624055e+01 3.954221e-03 9.987869e-01 -4.908208e-02 -5.013902e+00 7.512216e-01 2.942962e-02 6.593937e-01 7.770778e+01
6.553469e-01 -4.008118e-02 -7.542638e-01 -4.713269e+01 5.462820e-03 9.988165e-01 -4.833017e-02 -5.089087e+00 7.553083e-01 2.755262e-02 6.547902e-01 7.847918e+01
6.513508e-01 -4.107739e-02 -7.576641e-01 -4.803996e+01 7.326913e-03 9.988275e-01 -4.785344e-02 -5.165198e+00 7.587414e-01 2.561804e-02 6.508880e-01 7.924810e+01
6.471710e-01 -4.395579e-02 -7.610766e-01 -4.896500e+01 9.940657e-03 9.987380e-01 -4.922897e-02 -5.231185e+00 7.622800e-01 2.429396e-02 6.467913e-01 8.003851e+01
6.428411e-01 -4.864908e-02 -7.644531e-01 -4.989330e+01 1.344063e-02 9.985439e-01 -5.224395e-02 -5.303772e+00 7.658816e-01 2.330982e-02 6.425589e-01 8.082148e+01
6.377518e-01 -5.307880e-02 -7.684109e-01 -5.082666e+01 1.798416e-02 9.983769e-01 -5.403779e-02 -5.371499e+00 7.700320e-01 2.064347e-02 6.376712e-01 8.160930e+01
6.308484e-01 -5.658554e-02 -7.738400e-01 -5.176268e+01 2.308814e-02 9.982645e-01 -5.417427e-02 -5.449238e+00 7.755625e-01 1.630922e-02 6.310600e-01 8.237711e+01
6.223396e-01 -6.016230e-02 -7.804319e-01 -5.271386e+01 2.776361e-02 9.981111e-01 -5.480334e-02 -5.528063e+00 7.822548e-01 1.243868e-02 6.228344e-01 8.313950e+01
6.130841e-01 -6.081490e-02 -7.876734e-01 -5.366970e+01 3.073208e-02 9.981139e-01 -5.314239e-02 -5.611137e+00 7.894197e-01 8.373908e-03 6.137968e-01 8.388812e+01
6.041161e-01 -5.931352e-02 -7.946859e-01 -5.465153e+01 3.101396e-02 9.982206e-01 -5.092823e-02 -5.681647e+00 7.962926e-01 6.120213e-03 6.048807e-01 8.462976e+01
5.947348e-01 -5.921115e-02 -8.017385e-01 -5.564234e+01 3.072194e-02 9.982294e-01 -5.093295e-02 -5.755999e+00 8.033347e-01 5.660636e-03 5.955009e-01 8.537177e+01
5.850836e-01 -6.116645e-02 -8.086630e-01 -5.663086e+01 3.056413e-02 9.981063e-01 -5.338200e-02 -5.826685e+00 8.103968e-01 6.516851e-03 5.858452e-01 8.607769e+01
5.751403e-01 -6.353532e-02 -8.155838e-01 -5.764781e+01 3.114478e-02 9.979572e-01 -5.577958e-02 -5.904133e+00 8.174617e-01 6.679904e-03 5.759442e-01 8.679041e+01
5.651016e-01 -6.523812e-02 -8.224379e-01 -5.868123e+01 3.161512e-02 9.978489e-01 -5.742930e-02 -5.980716e+00 8.244153e-01 6.451918e-03 5.659485e-01 8.749831e+01
5.549189e-01 -6.573712e-02 -8.293031e-01 -5.972523e+01 3.459040e-02 9.978342e-01 -5.595045e-02 -6.071054e+00 8.311850e-01 2.362037e-03 5.559909e-01 8.820108e+01
5.445511e-01 -6.600320e-02 -8.361266e-01 -6.076695e+01 3.584156e-02 9.978194e-01 -5.542428e-02 -6.147417e+00 8.379615e-01 2.132642e-04 5.457293e-01 8.887791e+01
5.339144e-01 -6.676200e-02 -8.428987e-01 -6.182466e+01 3.639373e-02 9.977686e-01 -5.597575e-02 -6.226179e+00 8.447549e-01 -7.899688e-04 5.351528e-01 8.955285e+01
5.237742e-01 -6.746489e-02 -8.491814e-01 -6.288521e+01 3.525409e-02 9.977216e-01 -5.752128e-02 -6.314804e+00 8.511273e-01 1.910431e-04 5.249592e-01 9.019783e+01
5.134101e-01 -6.816991e-02 -8.554314e-01 -6.397463e+01 3.434360e-02 9.976734e-01 -5.889303e-02 -6.400727e+00 8.574559e-01 8.576887e-04 5.145568e-01 9.084664e+01
5.034938e-01 -6.959474e-02 -8.611914e-01 -6.505162e+01 3.390851e-02 9.975744e-01 -6.079160e-02 -6.491559e+00 8.633332e-01 1.406477e-03 5.046323e-01 9.146473e+01
4.934075e-01 -6.971183e-02 -8.670002e-01 -6.615810e+01 3.386503e-02 9.975669e-01 -6.093766e-02 -6.582037e+00 8.691388e-01 7.061084e-04 4.945678e-01 9.209992e+01
4.844644e-01 -6.767819e-02 -8.721891e-01 -6.727481e+01 3.392572e-02 9.977065e-01 -5.857350e-02 -6.673565e+00 8.741529e-01 -1.212871e-03 4.856493e-01 9.271637e+01
4.766940e-01 -6.607996e-02 -8.765821e-01 -6.839661e+01 3.433690e-02 9.978094e-01 -5.654577e-02 -6.762103e+00 8.783984e-01 -3.144086e-03 4.779187e-01 9.331269e+01
4.687291e-01 -6.624847e-02 -8.808542e-01 -6.951859e+01 3.457535e-02 9.977955e-01 -5.664497e-02 -6.851074e+00 8.826651e-01 -3.904697e-03 4.699863e-01 9.390919e+01
4.608754e-01 -6.924292e-02 -8.847594e-01 -7.065862e+01 3.617542e-02 9.975887e-01 -5.922920e-02 -6.939433e+00 8.867272e-01 -4.709259e-03 4.622690e-01 9.451022e+01
4.536914e-01 -7.244323e-02 -8.882095e-01 -7.179987e+01 3.912434e-02 9.973486e-01 -6.136027e-02 -7.033481e+00 8.902996e-01 -6.911982e-03 4.553228e-01 9.510081e+01
4.472781e-01 -7.549020e-02 -8.912034e-01 -7.293468e+01 4.058240e-02 9.971183e-01 -6.409428e-02 -7.124791e+00 8.934738e-01 -7.499207e-03 4.490527e-01 9.567658e+01
4.414384e-01 -7.897172e-02 -8.938096e-01 -7.408894e+01 4.299386e-02 9.968369e-01 -6.684061e-02 -7.225723e+00 8.962609e-01 -8.922318e-03 4.434374e-01 9.625757e+01
4.365090e-01 -7.961440e-02 -8.961704e-01 -7.524925e+01 4.593893e-02 9.967500e-01 -6.617369e-02 -7.335886e+00 8.985263e-01 -1.228369e-02 4.387478e-01 9.682474e+01
4.323033e-01 -7.688711e-02 -8.984443e-01 -7.640340e+01 4.717925e-02 9.969221e-01 -6.261347e-02 -7.433768e+00 9.004932e-01 -1.531992e-02 4.346002e-01 9.737750e+01
4.283349e-01 -7.494281e-02 -9.005070e-01 -7.755462e+01 5.048101e-02 9.969831e-01 -5.896005e-02 -7.531143e+00 9.022089e-01 -2.020385e-02 4.308259e-01 9.793366e+01
4.244321e-01 -7.458191e-02 -9.023829e-01 -7.870778e+01 5.266380e-02 9.969481e-01 -5.762752e-02 -7.624496e+00 9.039270e-01 -2.306394e-02 4.270645e-01 9.849298e+01
4.215129e-01 -7.441786e-02 -9.037637e-01 -7.985177e+01 5.440508e-02 9.969071e-01 -5.671311e-02 -7.718267e+00 9.051889e-01 -2.526403e-02 4.242579e-01 9.902628e+01
4.188582e-01 -7.373070e-02 -9.050534e-01 -8.098934e+01 5.673775e-02 9.968756e-01 -5.495285e-02 -7.805524e+00 9.062774e-01 -2.833324e-02 4.217328e-01 9.955422e+01
4.162558e-01 -7.280345e-02 -9.063282e-01 -8.211969e+01 5.863045e-02 9.968639e-01 -5.314838e-02 -7.893588e+00 9.073553e-01 -3.101511e-02 4.192188e-01 1.000766e+02
4.136102e-01 -7.421274e-02 -9.074244e-01 -8.325504e+01 6.132989e-02 9.966796e-01 -5.355780e-02 -7.977698e+00 9.083861e-01 -3.350019e-02 4.167883e-01 1.006052e+02
4.114406e-01 -7.427226e-02 -9.084053e-01 -8.439089e+01 6.313042e-02 9.966028e-01 -5.288996e-02 -8.063858e+00 9.092476e-01 -3.558693e-02 4.147317e-01 1.011245e+02
4.088094e-01 -7.340746e-02 -9.096627e-01 -8.550078e+01 6.681708e-02 9.964922e-01 -5.038627e-02 -8.150333e+00 9.101705e-01 -4.018262e-02 4.122803e-01 1.016300e+02
4.066730e-01 -7.222571e-02 -9.107143e-01 -8.660678e+01 6.772281e-02 9.965105e-01 -4.878878e-02 -8.234584e+00 9.110602e-01 -4.183504e-02 4.101453e-01 1.021262e+02
4.049104e-01 -7.354760e-02 -9.113936e-01 -8.768788e+01 7.067936e-02 9.962950e-01 -4.899781e-02 -8.317064e+00 9.116205e-01 -4.457699e-02 4.086085e-01 1.026158e+02
4.036603e-01 -7.446651e-02 -9.118734e-01 -8.877418e+01 7.166004e-02 9.961936e-01 -4.963052e-02 -8.399336e+00 9.120983e-01 -4.531102e-02 4.074600e-01 1.030982e+02
4.029043e-01 -7.566515e-02 -9.121091e-01 -8.982402e+01 7.147366e-02 9.961345e-01 -5.106366e-02 -8.483938e+00 9.124471e-01 -4.461801e-02 4.067549e-01 1.035693e+02
4.034383e-01 -7.627877e-02 -9.118219e-01 -9.088133e+01 7.034623e-02 9.961554e-01 -5.220883e-02 -8.564763e+00 9.122987e-01 -4.308020e-02 4.072531e-01 1.040346e+02
4.057042e-01 -7.602331e-02 -9.108373e-01 -9.193554e+01 6.848106e-02 9.962621e-01 -5.265056e-02 -8.647677e+00 9.114354e-01 -4.101455e-02 4.093939e-01 1.045018e+02
4.104748e-01 -7.573330e-02 -9.087216e-01 -9.298526e+01 6.581400e-02 9.964067e-01 -5.331246e-02 -8.731642e+00 9.094938e-01 -3.792318e-02 4.139841e-01 1.049641e+02
4.155603e-01 -7.619037e-02 -9.063690e-01 -9.401640e+01 6.455249e-02 9.964432e-01 -5.416550e-02 -8.815517e+00 9.072721e-01 -3.599934e-02 4.190005e-01 1.054298e+02
4.214612e-01 -7.657740e-02 -9.036074e-01 -9.504519e+01 6.426025e-02 9.964454e-01 -5.447276e-02 -8.887988e+00 9.045668e-01 -3.510789e-02 4.248839e-01 1.059039e+02
4.285316e-01 -7.517738e-02 -9.003938e-01 -9.605909e+01 6.339645e-02 9.965782e-01 -5.303540e-02 -8.967868e+00 9.012999e-01 -3.435442e-02 4.318313e-01 1.063815e+02
4.366376e-01 -7.338764e-02 -8.966392e-01 -9.706541e+01 6.188985e-02 9.967564e-01 -5.144338e-02 -9.048385e+00 8.975061e-01 -3.303075e-02 4.397633e-01 1.068653e+02
4.454924e-01 -7.270644e-02 -8.923286e-01 -9.806620e+01 6.140776e-02 9.968312e-01 -5.056361e-02 -9.124425e+00 8.931772e-01 -3.227019e-02 4.485455e-01 1.073605e+02
4.549008e-01 -7.221276e-02 -8.876095e-01 -9.905895e+01 6.079019e-02 9.969000e-01 -4.994921e-02 -9.200688e+00 8.884649e-01 -3.123601e-02 4.578804e-01 1.078647e+02
4.642200e-01 -7.338409e-02 -8.826747e-01 -1.000351e+02 5.991524e-02 9.968809e-01 -5.136813e-02 -9.266272e+00 8.836911e-01 -2.903955e-02 4.671688e-01 1.083890e+02
4.745451e-01 -7.464332e-02 -8.770606e-01 -1.010034e+02 5.833916e-02 9.968743e-01 -5.327505e-02 -9.345232e+00 8.782958e-01 -2.588556e-02 4.774165e-01 1.089097e+02
4.859741e-01 -7.598678e-02 -8.706636e-01 -1.019556e+02 5.689805e-02 9.968506e-01 -5.524118e-02 -9.415681e+00 8.721191e-01 -2.269328e-02 4.887671e-01 1.094383e+02
4.980766e-01 -7.459001e-02 -8.639190e-01 -1.029070e+02 5.537289e-02 9.969960e-01 -5.415555e-02 -9.490352e+00 8.653633e-01 -2.086408e-02 5.007106e-01 1.099842e+02
5.110915e-01 -7.146601e-02 -8.565501e-01 -1.038458e+02 5.316580e-02 9.972577e-01 -5.148262e-02 -9.565656e+00 8.578804e-01 -1.922684e-02 5.134895e-01 1.105370e+02
5.232852e-01 -6.947778e-02 -8.493206e-01 -1.047714e+02 5.293666e-02 9.973962e-01 -4.897549e-02 -9.635866e+00 8.505118e-01 -1.933205e-02 5.256006e-01 1.111061e+02
5.351101e-01 -6.890734e-02 -8.419673e-01 -1.056803e+02 5.325759e-02 9.974369e-01 -4.778338e-02 -9.710039e+00 8.431019e-01 -1.927178e-02 5.374084e-01 1.116811e+02
5.463976e-01 -6.954227e-02 -8.346338e-01 -1.065813e+02 5.354621e-02 9.974086e-01 -4.805047e-02 -9.777488e+00 8.358124e-01 -1.843681e-02 5.487054e-01 1.122733e+02
5.574788e-01 -7.067993e-02 -8.271770e-01 -1.074631e+02 5.425424e-02 9.973410e-01 -4.865514e-02 -9.851167e+00 8.284165e-01 -1.775365e-02 5.598312e-01 1.128622e+02
5.682354e-01 -7.221943e-02 -8.196908e-01 -1.083315e+02 5.659535e-02 9.972123e-01 -4.862642e-02 -9.926168e+00 8.209175e-01 -1.875943e-02 5.707386e-01 1.134727e+02
5.788069e-01 -7.203989e-02 -8.122763e-01 -1.091825e+02 5.708270e-02 9.972261e-01 -4.776724e-02 -9.994656e+00 8.134643e-01 -1.871892e-02 5.813136e-01 1.140868e+02
5.894319e-01 -7.007300e-02 -8.047731e-01 -1.100235e+02 5.675672e-02 9.973611e-01 -4.527221e-02 -1.006201e+01 8.058217e-01 -1.899140e-02 5.918536e-01 1.147012e+02
5.994233e-01 -6.736368e-02 -7.975925e-01 -1.108578e+02 5.721665e-02 9.975093e-01 -4.124777e-02 -1.012862e+01 7.983846e-01 -2.091070e-02 6.017846e-01 1.153316e+02
6.095295e-01 -6.615673e-02 -7.899982e-01 -1.116724e+02 5.635759e-02 9.976067e-01 -4.005931e-02 -1.018367e+01 7.907576e-01 -2.010506e-02 6.117991e-01 1.159538e+02
6.196834e-01 -6.591538e-02 -7.820791e-01 -1.124739e+02 5.495926e-02 9.976653e-01 -4.053829e-02 -1.024689e+01 7.829253e-01 -1.786158e-02 6.218593e-01 1.165844e+02
6.292883e-01 -6.567970e-02 -7.743917e-01 -1.132605e+02 5.346267e-02 9.977205e-01 -4.117626e-02 -1.030752e+01 7.753309e-01 -1.548931e-02 6.313652e-01 1.172141e+02
6.384343e-01 -6.541982e-02 -7.668911e-01 -1.140311e+02 5.378951e-02 9.977374e-01 -4.033263e-02 -1.036613e+01 7.677945e-01 -1.550096e-02 6.405087e-01 1.178596e+02
6.476211e-01 -6.331314e-02 -7.593276e-01 -1.147946e+02 5.332242e-02 9.978645e-01 -3.772445e-02 -1.042060e+01 7.600945e-01 -1.605804e-02 6.496141e-01 1.185091e+02
6.564635e-01 -6.163849e-02 -7.518353e-01 -1.155316e+02 5.342241e-02 9.979524e-01 -3.517049e-02 -1.046766e+01 7.524637e-01 -1.707671e-02 6.584123e-01 1.191505e+02
6.646167e-01 -6.138534e-02 -7.446587e-01 -1.162519e+02 5.399010e-02 9.979598e-01 -3.407921e-02 -1.051824e+01 7.452314e-01 -1.755459e-02 6.665749e-01 1.197946e+02
6.724453e-01 -6.053472e-02 -7.376672e-01 -1.169599e+02 5.261771e-02 9.980379e-01 -3.393592e-02 -1.056636e+01 7.382742e-01 -1.599431e-02 6.743111e-01 1.204442e+02
6.799860e-01 -5.963934e-02 -7.307955e-01 -1.176632e+02 5.170937e-02 9.981055e-01 -3.333998e-02 -1.060548e+01 7.313994e-01 -1.511825e-02 6.817817e-01 1.210982e+02
6.872504e-01 -5.718171e-02 -7.241665e-01 -1.183526e+02 5.133759e-02 9.982276e-01 -3.010161e-02 -1.065325e+01 7.246043e-01 -1.648962e-02 6.889679e-01 1.217501e+02
6.947901e-01 -5.417340e-02 -7.171694e-01 -1.190266e+02 5.029995e-02 9.983776e-01 -2.668491e-02 -1.070262e+01 7.174515e-01 -1.753317e-02 6.963878e-01 1.223996e+02
7.023109e-01 -5.258921e-02 -7.099252e-01 -1.196869e+02 4.901050e-02 9.984732e-01 -2.547918e-02 -1.074588e+01 7.101813e-01 -1.689948e-02 7.038160e-01 1.230498e+02
7.099797e-01 -5.185224e-02 -7.023106e-01 -1.203283e+02 4.849090e-02 9.985181e-01 -2.470110e-02 -1.078714e+01 7.025507e-01 -1.651839e-02 7.114420e-01 1.236986e+02
7.179880e-01 -4.917969e-02 -6.943159e-01 -1.209559e+02 4.599358e-02 9.986728e-01 -2.317617e-02 -1.082337e+01 6.945343e-01 -1.529386e-02 7.192971e-01 1.243450e+02
7.269845e-01 -4.640599e-02 -6.850840e-01 -1.215702e+02 4.540051e-02 9.987790e-01 -1.947770e-02 -1.085944e+01 6.851513e-01 -1.694317e-02 7.282037e-01 1.250000e+02
7.367746e-01 -4.222677e-02 -6.748186e-01 -1.221677e+02 4.284419e-02 9.989579e-01 -1.573201e-02 -1.089229e+01 6.747796e-01 -1.732111e-02 7.378160e-01 1.256479e+02
7.470185e-01 -4.071227e-02 -6.635555e-01 -1.227471e+02 4.122989e-02 9.990389e-01 -1.487992e-02 -1.091747e+01 6.635235e-01 -1.624275e-02 7.479791e-01 1.262969e+02
7.570335e-01 -4.037953e-02 -6.521271e-01 -1.233113e+02 3.993575e-02 9.990820e-01 -1.550275e-02 -1.094389e+01 6.521544e-01 -1.430708e-02 7.579511e-01 1.269597e+02
7.670717e-01 -4.104563e-02 -6.402471e-01 -1.238646e+02 3.908981e-02 9.990874e-01 -1.721755e-02 -1.096381e+01 6.403694e-01 -1.182005e-02 7.679761e-01 1.276217e+02
7.770618e-01 -4.001439e-02 -6.281511e-01 -1.243958e+02 3.831777e-02 9.991335e-01 -1.624521e-02 -1.098868e+01 6.282569e-01 -1.144582e-02 7.779217e-01 1.282856e+02
7.876016e-01 -3.840704e-02 -6.149867e-01 -1.249315e+02 3.784758e-02 9.991864e-01 -1.393035e-02 -1.101285e+01 6.150214e-01 -1.230419e-02 7.884144e-01 1.289664e+02
7.978967e-01 -3.609451e-02 -6.017126e-01 -1.254489e+02 3.725521e-02 9.992502e-01 -1.053931e-02 -1.103214e+01 6.016419e-01 -1.400765e-02 7.986431e-01 1.296485e+02
8.077509e-01 -3.519065e-02 -5.884727e-01 -1.259575e+02 3.774242e-02 9.992559e-01 -7.949372e-03 -1.104689e+01 5.883146e-01 -1.578927e-02 8.084780e-01 1.303416e+02
8.169434e-01 -3.332141e-02 -5.757544e-01 -1.264447e+02 3.774538e-02 9.992782e-01 -4.275300e-03 -1.106880e+01 5.754813e-01 -1.823939e-02 8.176115e-01 1.310396e+02
8.252549e-01 -3.222387e-02 -5.638403e-01 -1.269188e+02 3.793251e-02 9.992790e-01 -1.590247e-03 -1.108299e+01 5.634851e-01 -2.007552e-02 8.258823e-01 1.317328e+02
8.327206e-01 -3.230576e-02 -5.527502e-01 -1.273893e+02 3.911108e-02 9.992347e-01 5.202387e-04 -1.109951e+01 5.523104e-01 -2.205187e-02 8.333469e-01 1.324423e+02
8.395119e-01 -3.163110e-02 -5.424198e-01 -1.278436e+02 3.860973e-02 9.992533e-01 1.485663e-03 -1.111387e+01 5.419678e-01 -2.218992e-02 8.401063e-01 1.331506e+02
8.464390e-01 -3.102345e-02 -5.315811e-01 -1.282983e+02 3.787119e-02 9.992807e-01 1.983748e-03 -1.112480e+01 5.311372e-01 -2.181073e-02 8.470051e-01 1.338754e+02
8.533186e-01 -2.906287e-02 -5.205793e-01 -1.287436e+02 3.611449e-02 9.993419e-01 3.406634e-03 -1.113563e+01 5.201376e-01 -2.170740e-02 8.538065e-01 1.345971e+02
8.597032e-01 -2.851197e-02 -5.099976e-01 -1.291802e+02 3.562381e-02 9.993565e-01 4.180957e-03 -1.114451e+01 5.095502e-01 -2.176244e-02 8.601657e-01 1.353359e+02
8.657006e-01 -2.917268e-02 -4.997113e-01 -1.296147e+02 3.629555e-02 9.993308e-01 4.538450e-03 -1.115396e+01 4.992445e-01 -2.206623e-02 8.661801e-01 1.360770e+02
8.708363e-01 -3.048885e-02 -4.906268e-01 -1.300375e+02 3.725353e-02 9.992977e-01 4.024008e-03 -1.116358e+01 4.901595e-01 -2.178183e-02 8.713605e-01 1.368335e+02
8.752151e-01 -3.122046e-02 -4.827254e-01 -1.304516e+02 3.780433e-02 9.992775e-01 3.913247e-03 -1.116964e+01 4.822544e-01 -2.167404e-02 8.757630e-01 1.375968e+02
8.789077e-01 -3.043724e-02 -4.760198e-01 -1.308702e+02 3.740176e-02 9.992870e-01 5.161895e-03 -1.117534e+01 4.755233e-01 -2.234081e-02 8.794194e-01 1.383619e+02
8.820398e-01 -2.898338e-02 -4.702826e-01 -1.312811e+02 3.748224e-02 9.992593e-01 8.715860e-03 -1.117600e+01 4.696817e-01 -2.531498e-02 8.824728e-01 1.391425e+02
8.852446e-01 -2.521454e-02 -4.644419e-01 -1.316985e+02 3.533974e-02 9.992894e-01 1.310755e-02 -1.117425e+01 4.637813e-01 -2.801664e-02 8.855066e-01 1.399368e+02
8.886652e-01 -2.243872e-02 -4.580073e-01 -1.321229e+02 3.356366e-02 9.993058e-01 1.616505e-02 -1.117148e+01 4.573266e-01 -2.973772e-02 8.888014e-01 1.407599e+02
8.921384e-01 -1.956284e-02 -4.513384e-01 -1.325374e+02 3.140240e-02 9.993308e-01 1.875652e-02 -1.117013e+01 4.506694e-01 -3.090652e-02 8.921557e-01 1.415693e+02
8.954142e-01 -1.762257e-02 -4.448853e-01 -1.329519e+02 3.033786e-02 9.993089e-01 2.147645e-02 -1.116990e+01 4.441994e-01 -3.272719e-02 8.953300e-01 1.424067e+02
8.987724e-01 -1.621254e-02 -4.381156e-01 -1.333722e+02 2.994894e-02 9.992521e-01 2.446129e-02 -1.115561e+01 4.373914e-01 -3.510623e-02 8.985858e-01 1.432679e+02
9.022407e-01 -1.639020e-02 -4.309213e-01 -1.337862e+02 3.085683e-02 9.991697e-01 2.660275e-02 -1.113912e+01 4.301275e-01 -3.729895e-02 9.019973e-01 1.441424e+02
9.058981e-01 -1.658576e-02 -4.231708e-01 -1.341907e+02 3.139274e-02 9.991136e-01 2.804439e-02 -1.112950e+01 4.223306e-01 -3.868985e-02 9.056158e-01 1.450221e+02
9.096497e-01 -1.693953e-02 -4.150307e-01 -1.345999e+02 3.158404e-02 9.990962e-01 2.844654e-02 -1.111264e+01 4.141738e-01 -3.898473e-02 9.093626e-01 1.459281e+02
9.135835e-01 -1.978204e-02 -4.061697e-01 -1.350003e+02 3.418326e-02 9.990168e-01 2.823124e-02 -1.109710e+01 4.052119e-01 -3.967580e-02 9.133615e-01 1.468401e+02
9.177971e-01 -2.156073e-02 -3.964639e-01 -1.354020e+02 3.520430e-02 9.990108e-01 2.716766e-02 -1.107278e+01 3.954860e-01 -3.889164e-02 9.176482e-01 1.477646e+02
9.224192e-01 -2.278609e-02 -3.855172e-01 -1.357989e+02 3.537339e-02 9.990465e-01 2.558830e-02 -1.105765e+01 3.845666e-01 -3.724019e-02 9.223458e-01 1.487131e+02
9.279308e-01 -2.138692e-02 -3.721385e-01 -1.361897e+02 3.313292e-02 9.991333e-01 2.519674e-02 -1.103959e+01 3.712771e-01 -3.571087e-02 9.278352e-01 1.496705e+02
9.342543e-01 -1.813746e-02 -3.561460e-01 -1.365604e+02 2.970448e-02 9.991930e-01 2.703588e-02 -1.102812e+01 3.553682e-01 -3.583752e-02 9.340391e-01 1.506299e+02
9.411082e-01 -1.497887e-02 -3.377735e-01 -1.369250e+02 2.695726e-02 9.991620e-01 3.079990e-02 -1.101401e+01 3.370291e-01 -3.809149e-02 9.407234e-01 1.516278e+02
9.479849e-01 -1.217592e-02 -3.180824e-01 -1.372722e+02 2.404499e-02 9.991523e-01 3.341487e-02 -1.100215e+01 3.174059e-01 -3.932507e-02 9.474740e-01 1.526384e+02
9.547967e-01 -1.088453e-02 -2.970602e-01 -1.376045e+02 2.226565e-02 9.991408e-01 3.495584e-02 -1.097492e+01 2.964245e-01 -3.998995e-02 9.542187e-01 1.536812e+02
9.611631e-01 -9.242764e-03 -2.758260e-01 -1.379204e+02 2.027999e-02 9.991024e-01 3.718978e-02 -1.094745e+01 2.752347e-01 -4.133920e-02 9.604879e-01 1.547587e+02
9.671093e-01 -8.278442e-03 -2.542266e-01 -1.382034e+02 1.918194e-02 9.989978e-01 4.043985e-02 -1.092007e+01 2.536370e-01 -4.398631e-02 9.662989e-01 1.558213e+02
9.726046e-01 -5.701929e-03 -2.323957e-01 -1.384649e+02 1.658861e-02 9.988529e-01 4.491806e-02 -1.089425e+01 2.318730e-01 -4.754264e-02 9.715836e-01 1.568884e+02
9.775520e-01 -3.711493e-03 -2.106614e-01 -1.387074e+02 1.452332e-02 9.986536e-01 4.979935e-02 -1.085643e+01 2.101930e-01 -5.174096e-02 9.762898e-01 1.580120e+02
9.821056e-01 -1.929414e-03 -1.883213e-01 -1.389314e+02 1.229380e-02 9.984716e-01 5.388317e-02 -1.081835e+01 1.879295e-01 -5.523414e-02 9.806282e-01 1.591461e+02
9.861167e-01 -2.781293e-04 -1.660538e-01 -1.391309e+02 9.458665e-03 9.984691e-01 5.449825e-02 -1.077477e+01 1.657844e-01 -5.531228e-02 9.846096e-01 1.602792e+02
9.895345e-01 -1.558011e-03 -1.442882e-01 -1.393018e+02 9.264672e-03 9.985645e-01 5.275508e-02 -1.071755e+01 1.439989e-01 -5.353976e-02 9.881284e-01 1.614322e+02
9.923625e-01 -1.528936e-03 -1.233464e-01 -1.394546e+02 8.082223e-03 9.985805e-01 5.264630e-02 -1.066885e+01 1.230908e-01 -5.324113e-02 9.909662e-01 1.625869e+02
9.946662e-01 -3.317598e-03 -1.030924e-01 -1.395778e+02 9.049844e-03 9.984351e-01 5.518511e-02 -1.061168e+01 1.027480e-01 -5.582373e-02 9.931397e-01 1.637759e+02
9.965459e-01 -2.550953e-03 -8.300499e-02 -1.396930e+02 7.324915e-03 9.983324e-01 5.726059e-02 -1.055328e+01 8.272050e-02 -5.767081e-02 9.949027e-01 1.650015e+02
9.980299e-01 -2.283798e-03 -6.269788e-02 -1.397801e+02 5.954278e-03 9.982744e-01 5.841809e-02 -1.048976e+01 6.245628e-02 -5.867633e-02 9.963214e-01 1.662182e+02
9.990865e-01 -9.814755e-04 -4.272205e-02 -1.398346e+02 3.533413e-03 9.982102e-01 5.969906e-02 -1.043619e+01 4.258699e-02 -5.979548e-02 9.973018e-01 1.674384e+02
9.997573e-01 -6.197690e-04 -2.202347e-02 -1.398728e+02 1.958846e-03 9.981460e-01 6.083285e-02 -1.037702e+01 2.194494e-02 -6.086122e-02 9.979050e-01 1.686813e+02
9.999981e-01 9.686022e-04 -1.713282e-03 -1.398938e+02 -8.623781e-04 9.981404e-01 6.095006e-02 -1.031336e+01 1.769132e-03 -6.094847e-02 9.981393e-01 1.699596e+02
9.998341e-01 1.437588e-03 1.816006e-02 -1.398771e+02 -2.534880e-03 9.981622e-01 6.054571e-02 -1.025916e+01 -1.803965e-02 -6.058170e-02 9.980002e-01 1.712287e+02
9.992914e-01 2.178319e-04 3.763927e-02 -1.398312e+02 -2.425305e-03 9.982779e-01 5.861244e-02 -1.019726e+01 -3.756168e-02 -5.866219e-02 9.975710e-01 1.725153e+02
9.983881e-01 1.935615e-03 5.672179e-02 -1.397698e+02 -5.147765e-03 9.983871e-01 5.653866e-02 -1.013731e+01 -5.652087e-02 -5.673952e-02 9.967879e-01 1.738096e+02
9.971065e-01 2.007466e-03 7.599112e-02 -1.396825e+02 -6.220656e-03 9.984533e-01 5.524719e-02 -1.007836e+01 -7.576268e-02 -5.556005e-02 9.955768e-01 1.751527e+02
9.954502e-01 2.124819e-03 9.525944e-02 -1.395738e+02 -7.200278e-03 9.985702e-01 5.296837e-02 -1.002987e+01 -9.501069e-02 -5.341327e-02 9.940422e-01 1.764732e+02
9.934910e-01 2.549785e-03 1.138817e-01 -1.394308e+02 -8.089672e-03 9.988044e-01 4.821037e-02 -9.980236e+00 -1.136226e-01 -4.881783e-02 9.923239e-01 1.778021e+02
9.912643e-01 3.339488e-03 1.318484e-01 -1.392660e+02 -8.925030e-03 9.990863e-01 4.179518e-02 -9.930967e+00 -1.315884e-01 -4.260682e-02 9.903884e-01 1.791387e+02
9.887456e-01 4.565391e-03 1.495372e-01 -1.390848e+02 -1.023571e-02 9.992565e-01 3.717150e-02 -9.881847e+00 -1.492563e-01 -3.828377e-02 9.880571e-01 1.805023e+02
