1.000000e+00 0.000000e+00 0.000000e+00 0.000000e+00 0.000000e+00 1.000000e+00 0.000000e+00 0.000000e+00 0.000000e+00 0.000000e+00 1.000000e+00 0.000000e+00
9.998740e-01 1.519791e-03 1.579855e-02 1.086191e-02 -1.501864e-03 9.999982e-01 -1.146524e-03 1.864627e-03 -1.580027e-02 1.122653e-03 9.998745e-01 1.306020e-01
9.993011e-01 4.261293e-03 3.713648e-02 2.763568e-02 -4.236385e-03 9.999907e-01 -7.493862e-04 1.765643e-03 -3.713933e-02 5.915380e-04 9.993099e-01 2.768112e-01
9.979306e-01 5.781167e-03 6.403962e-02 5.832687e-02 -5.840971e-03 9.999827e-01 7.466744e-04 8.897400e-04 -6.403420e-02 -1.119183e-03 9.979471e-01 4.437154e-01
9.951794e-01 5.144738e-03 9.793649e-02 1.019303e-01 -5.495438e-03 9.999794e-01 3.311484e-03 -2.777619e-03 -9.791744e-02 -3.833724e-03 9.951872e-01 6.198563e-01
9.907229e-01 1.259643e-03 1.358916e-01 1.641613e-01 -2.080446e-03 9.999804e-01 5.898288e-03 -8.862658e-03 -1.358815e-01 -6.126284e-03 9.907062e-01 8.025873e-01
9.845119e-01 -1.867588e-03 1.753079e-01 2.384070e-01 8.460393e-04 9.999822e-01 5.901725e-03 -3.960734e-04 -1.753158e-01 -5.662001e-03 9.844960e-01 1.000974e+00
9.756873e-01 -2.323810e-03 2.191551e-01 3.215627e-01 7.583037e-04 9.999736e-01 7.227213e-03 2.244217e-03 -2.191662e-01 -6.885313e-03 9.756633e-01 1.211597e+00
9.636479e-01 -2.085862e-03 2.671674e-01 4.185859e-01 -6.260984e-04 9.999491e-01 1.006520e-02 1.310284e-02 -2.671748e-01 -9.866586e-03 9.635976e-01 1.432882e+00
9.492201e-01 -6.031795e-03 3.145549e-01 5.374453e-01 6.220927e-04 9.998502e-01 1.729551e-02 1.199652e-02 -3.146121e-01 -1.622157e-02 9.490817e-01 1.654458e+00
9.322409e-01 -1.524582e-02 3.615169e-01 6.831571e-01 6.543787e-03 9.996589e-01 2.528302e-02 1.184366e-02 -3.617790e-01 -2.120418e-02 9.320227e-01 1.877948e+00
9.109100e-01 -2.073777e-02 4.120837e-01 8.389389e-01 9.385812e-03 9.995192e-01 2.955266e-02 1.676599e-02 -4.124984e-01 -2.305207e-02 9.106666e-01 2.100502e+00
8.855999e-01 -2.183197e-02 4.639355e-01 1.005376e+00 6.918739e-03 9.994039e-01 3.382306e-02 2.037614e-02 -4.643973e-01 -2.674385e-02 8.852231e-01 2.327497e+00
8.572925e-01 -2.391466e-02 5.142740e-01 1.196459e+00 4.782118e-03 9.992473e-01 3.849502e-02 2.665770e-02 -5.148075e-01 -3.054217e-02 8.567616e-01 2.556194e+00
8.251222e-01 -2.911264e-02 5.642036e-01 1.412604e+00 5.876557e-03 9.990596e-01 4.295680e-02 3.255145e-02 -5.649237e-01 -3.212904e-02 8.245174e-01 2.780702e+00
7.891364e-01 -3.491213e-02 6.132249e-01 1.649943e+00 8.059776e-03 9.988859e-01 4.649676e-02 3.668888e-02 -6.141651e-01 -3.174983e-02 7.885387e-01 2.999670e+00
7.511331e-01 -3.906307e-02 6.589940e-01 1.903488e+00 8.763932e-03 9.987498e-01 4.921343e-02 4.517589e-02 -6.600926e-01 -3.119046e-02 7.505364e-01 3.212125e+00
7.112112e-01 -4.266580e-02 7.016825e-01 2.166942e+00 9.881913e-03 9.986646e-01 5.070769e-02 5.058211e-02 -7.029090e-01 -2.912991e-02 7.106831e-01 3.411795e+00
6.693147e-01 -4.465128e-02 7.416361e-01 2.464677e+00 9.148374e-03 9.986121e-01 5.186663e-02 6.710443e-02 -7.429227e-01 -2.793034e-02 6.687943e-01 3.623190e+00
6.265311e-01 -4.476831e-02 7.781096e-01 2.782766e+00 4.183175e-03 9.985278e-01 5.408172e-02 8.305097e-02 -7.793852e-01 -3.062891e-02 6.257960e-01 3.837717e+00
5.850058e-01 -4.591990e-02 8.097281e-01 3.131356e+00 1.510838e-03 9.984558e-01 5.553117e-02 9.326855e-02 -8.110277e-01 -3.126269e-02 5.841719e-01 4.042296e+00
5.450052e-01 -4.757154e-02 8.370820e-01 3.505119e+00 -1.458089e-04 9.983837e-01 5.683328e-02 1.076058e-01 -8.384326e-01 -3.109649e-02 5.441174e-01 4.244607e+00
5.063949e-01 -4.987722e-02 8.608580e-01 3.916663e+00 -1.485392e-03 9.982738e-01 5.871272e-02 1.282204e-01 -8.623004e-01 -3.101053e-02 5.054467e-01 4.450972e+00
4.692600e-01 -5.002828e-02 8.816418e-01 4.345717e+00 -4.570993e-03 9.982429e-01 5.907769e-02 1.450749e-01 -8.830482e-01 -3.175278e-02 4.682068e-01 4.650914e+00
4.329463e-01 -4.939037e-02 9.000656e-01 4.801781e+00 -5.693211e-03 9.983281e-01 5.752097e-02 1.663478e-01 -9.014017e-01 -3.002775e-02 4.319412e-01 4.842548e+00
3.996218e-01 -4.799969e-02 9.154225e-01 5.293500e+00 -4.384397e-03 9.985166e-01 5.427067e-02 1.934271e-01 -9.166696e-01 -2.570132e-02 3.988186e-01 5.026946e+00
3.701437e-01 -4.648791e-02 9.278106e-01 5.804668e+00 -2.265857e-03 9.986990e-01 5.094372e-02 2.185718e-01 -9.289717e-01 -2.095878e-02 3.695568e-01 5.205955e+00
3.446543e-01 -4.455122e-02 9.376719e-01 6.346809e+00 -1.438038e-03 9.988470e-01 4.798638e-02 2.433975e-01 -9.387286e-01 -1.788712e-02 3.441929e-01 5.387623e+00
3.243893e-01 -4.410864e-02 9.448947e-01 6.921764e+00 -2.331622e-04 9.989085e-01 4.671010e-02 2.716090e-01 -9.459236e-01 -1.537257e-02 3.240250e-01 5.574043e+00
3.097420e-01 -4.468022e-02 9.497703e-01 7.516307e+00 3.745908e-04 9.989010e-01 4.686933e-02 2.979437e-01 -9.508206e-01 -1.416163e-02 3.094184e-01 5.758499e+00
2.982411e-01 -4.634558e-02 9.533647e-01 8.141594e+00 1.513691e-03 9.988422e-01 4.808283e-02 3.256839e-01 -9.544894e-01 -1.289718e-02 2.979659e-01 5.947020e+00
2.875420e-01 -4.884552e-02 9.565217e-01 8.790420e+00 7.536896e-04 9.987099e-01 5.077332e-02 3.476633e-01 -9.577677e-01 -1.387854e-02 2.872079e-01 6.137093e+00
2.768953e-01 -5.111895e-02 9.595394e-01 9.467631e+00 -3.518264e-04 9.985785e-01 5.330026e-02 3.742481e-01 -9.609000e-01 -1.509618e-02 2.764837e-01 6.331023e+00
2.666151e-01 -5.350406e-02 9.623168e-01 1.016144e+01 -7.460452e-04 9.984462e-01 5.571952e-02 4.012854e-01 -9.638028e-01 -1.557360e-02 2.661609e-01 6.523108e+00
2.567460e-01 -5.545551e-02 9.648866e-01 1.089139e+01 -1.256318e-03 9.983325e-01 5.771206e-02 4.372192e-01 -9.664781e-01 -1.602954e-02 2.562482e-01 6.707101e+00
2.465124e-01 -5.742130e-02 9.674370e-01 1.162900e+01 -9.997922e-04 9.982276e-01 5.950360e-02 4.694023e-01 -9.691391e-01 -1.563561e-02 2.460181e-01 6.887091e+00
2.364258e-01 -5.854303e-02 9.698843e-01 1.239405e+01 -1.471796e-03 9.981605e-01 6.060859e-02 5.101139e-01 -9.716484e-01 -1.575691e-02 2.359047e-01 7.070929e+00
2.261135e-01 -6.135483e-02 9.721668e-01 1.317660e+01 -2.876166e-03 9.979680e-01 6.365214e-02 5.495015e-01 -9.740967e-01 -1.718872e-02 2.254776e-01 7.249631e+00
2.150179e-01 -6.501345e-02 9.744437e-01 1.396240e+01 -4.279073e-03 9.977094e-01 6.750991e-02 5.912763e-01 -9.766007e-01 -1.868556e-02 2.142472e-01 7.420010e+00
2.029677e-01 -6.878351e-02 9.767666e-01 1.475107e+01 -4.624796e-03 9.974513e-01 7.120113e-02 6.360295e-01 -9.791745e-01 -1.896888e-02 2.021323e-01 7.582019e+00
1.901348e-01 -7.108021e-02 9.791815e-01 1.555137e+01 -5.362475e-03 9.972855e-01 7.343568e-02 6.789633e-01 -9.817434e-01 -1.921351e-02 1.892375e-01 7.734341e+00
1.762369e-01 -7.178210e-02 9.817270e-01 1.635745e+01 -5.928428e-03 9.972420e-01 7.398078e-02 7.219591e-01 -9.843299e-01 -1.885824e-02 1.753253e-01 7.875378e+00
1.619679e-01 -7.092505e-02 9.842439e-01 1.717294e+01 -7.291446e-03 9.973005e-01 7.306580e-02 7.654758e-01 -9.867691e-01 -1.901087e-02 1.610135e-01 8.008524e+00
1.455300e-01 -6.999243e-02 9.868749e-01 1.798859e+01 -7.200294e-03 9.973930e-01 7.180020e-02 8.128776e-01 -9.893276e-01 -1.755487e-02 1.446467e-01 8.121550e+00
1.254242e-01 -6.880518e-02 9.897144e-01 1.880670e+01 -9.573906e-03 9.974618e-01 7.055706e-02 8.531174e-01 -9.920570e-01 -1.832500e-02 1.244471e-01 8.218311e+00
1.000147e-01 -6.757294e-02 9.926888e-01 1.964073e+01 -1.398666e-02 9.974972e-01 6.930943e-02 8.969648e-01 -9.948876e-01 -2.081636e-02 9.881926e-02 8.302629e+00
6.968858e-02 -6.698002e-02 9.953176e-01 2.047735e+01 -1.797227e-02 9.974971e-01 6.838504e-02 9.443834e-01 -9.974069e-01 -2.265378e-02 6.831038e-02 8.359785e+00
3.699511e-02 -6.690757e-02 9.970731e-01 2.133305e+01 -2.062407e-02 9.974925e-01 6.770094e-02 9.882278e-01 -9.991026e-01 -2.306831e-02 3.552244e-02 8.379555e+00
2.972692e-03 -6.657437e-02 9.977770e-01 2.216718e+01 -2.214367e-02 9.975324e-01 6.662402e-02 1.021587e+00 -9.997504e-01 -2.229250e-02 1.491156e-03 8.373072e+00
-3.101571e-02 -6.551351e-02 9.973695e-01 2.301044e+01 -2.364412e-02 9.976185e-01 6.479459e-02 1.058405e+00 -9.992392e-01 -2.157228e-02 -3.249085e-02 8.340481e+00
-6.356131e-02 -6.383006e-02 9.959346e-01 2.385692e+01 -2.569398e-02 9.977264e-01 6.230509e-02 1.093387e+00 -9.976471e-01 -2.162933e-02 -6.505685e-02 8.278755e+00
-9.587691e-02 -6.078342e-02 9.935356e-01 2.469084e+01 -2.784988e-02 9.979069e-01 5.836331e-02 1.127986e+00 -9.950035e-01 -2.207416e-02 -9.736903e-02 8.194560e+00
-1.284006e-01 -5.650969e-02 9.901111e-01 2.552247e+01 -2.528693e-02 9.982372e-01 5.369420e-02 1.156458e+00 -9.913999e-01 -1.814250e-02 -1.296032e-01 8.077045e+00
-1.597288e-01 -5.094190e-02 9.858456e-01 2.635274e+01 -2.036882e-02 9.986251e-01 4.830206e-02 1.182133e+00 -9.869508e-01 -1.236529e-02 -1.605468e-01 7.926165e+00
-1.900339e-01 -4.454490e-02 9.807665e-01 2.717593e+01 -1.313361e-02 9.989961e-01 4.282808e-02 1.202312e+00 -9.816897e-01 -4.742213e-03 -1.904282e-01 7.749951e+00
-2.189352e-01 -3.924102e-02 9.749500e-01 2.800722e+01 -7.442042e-03 9.992291e-01 3.854704e-02 1.219023e+00 -9.757110e-01 1.183685e-03 -2.190584e-01 7.546018e+00
-2.466791e-01 -3.337442e-02 9.685224e-01 2.882459e+01 8.184926e-04 9.993993e-01 3.464688e-02 1.230474e+00 -9.690969e-01 9.339391e-03 -2.465036e-01 7.317489e+00
-2.729625e-01 -2.260337e-02 9.617591e-01 2.963371e+01 6.467676e-03 9.996582e-01 2.532971e-02 1.238313e+00 -9.620029e-01 1.313441e-02 -2.727230e-01 7.070182e+00
-2.983485e-01 -6.929125e-03 9.544319e-01 3.043480e+01 1.129735e-02 9.998780e-01 1.079053e-02 1.235905e+00 -9.543901e-01 1.400189e-02 -2.982338e-01 6.803529e+00
-3.227744e-01 1.057520e-02 9.464168e-01 3.121178e+01 1.285245e-02 9.998944e-01 -6.789443e-03 1.223140e+00 -9.463887e-01 9.972318e-03 -3.228762e-01 6.526607e+00
-3.480359e-01 2.533718e-02 9.371387e-01 3.198038e+01 1.306851e-02 9.996687e-01 -2.217439e-02 1.199835e+00 -9.373901e-01 4.529528e-03 -3.482517e-01 6.234987e+00
-3.724612e-01 3.597757e-02 9.273501e-01 3.274157e+01 1.751890e-02 9.993428e-01 -3.173430e-02 1.165240e+00 -9.278824e-01 4.426363e-03 -3.728467e-01 5.918321e+00
-3.959602e-01 4.015139e-02 9.173894e-01 3.349955e+01 2.059524e-02 9.991806e-01 -3.484190e-02 1.125709e+00 -9.180367e-01 5.097852e-03 -3.964627e-01 5.581731e+00
-4.184183e-01 3.970205e-02 9.073863e-01 3.425294e+01 2.417184e-02 9.991771e-01 -3.257206e-02 1.083673e+00 -9.079327e-01 8.304445e-03 -4.190337e-01 5.222888e+00
-4.386784e-01 3.556438e-02 8.979401e-01 3.498707e+01 2.779877e-02 9.992754e-01 -2.599715e-02 1.043076e+00 -8.982141e-01 1.355725e-02 -4.393492e-01 4.853469e+00
-4.565872e-01 3.466525e-02 8.890030e-01 3.571661e+01 3.599985e-02 9.991421e-01 -2.047061e-02 1.005924e+00 -8.889500e-01 2.265736e-02 -4.574435e-01 4.460476e+00
-4.702010e-01 3.512342e-02 8.818602e-01 3.642672e+01 3.844031e-02 9.990746e-01 -1.929586e-02 9.706107e-01 -8.817218e-01 2.482604e-02 -4.711160e-01 4.068518e+00
-4.812119e-01 3.944322e-02 8.757165e-01 3.713200e+01 4.252421e-02 9.988614e-01 -2.162247e-02 9.385334e-01 -8.755723e-01 2.683417e-02 -4.823413e-01 3.669414e+00
-4.910620e-01 4.209310e-02 8.701071e-01 3.783140e+01 4.364275e-02 9.987664e-01 -2.368660e-02 9.029874e-01 -8.700307e-01 2.634228e-02 -4.922932e-01 3.269859e+00
-5.017081e-01 4.182627e-02 8.640252e-01 3.852289e+01 3.780347e-02 9.989362e-01 -2.640603e-02 8.695279e-01 -8.642105e-01 1.941503e-02 -5.027556e-01 2.873615e+00
-5.127131e-01 4.063105e-02 8.575981e-01 3.921254e+01 3.721793e-02 9.989924e-01 -2.507934e-02 8.370883e-01 -8.577530e-01 1.905952e-02 -5.137087e-01 2.462562e+00
-5.213987e-01 4.203528e-02 8.522772e-01 3.989566e+01 3.889862e-02 9.989185e-01 -2.547073e-02 8.112330e-01 -8.524261e-01 1.987200e-02 -5.224699e-01 2.038566e+00
-5.285183e-01 4.485222e-02 8.477362e-01 4.058520e+01 4.206107e-02 9.987604e-01 -2.661981e-02 7.780771e-01 -8.478793e-01 2.158763e-02 -5.297497e-01 1.598461e+00
-5.321926e-01 4.772020e-02 8.452774e-01 4.128131e+01 4.281755e-02 9.986496e-01 -2.942061e-02 7.478709e-01 -8.455399e-01 2.053528e-02 -5.335172e-01 1.162983e+00
-5.319860e-01 5.013584e-02 8.452676e-01 4.198722e+01 4.267209e-02 9.985645e-01 -3.237190e-02 7.197532e-01 -8.456772e-01 1.884793e-02 -5.333618e-01 7.242119e-01
-5.286686e-01 5.040821e-02 8.473302e-01 4.271449e+01 4.483061e-02 9.985000e-01 -3.143056e-02 6.902781e-01 -8.476436e-01 2.136998e-02 -5.301355e-01 2.713540e-01
-5.227321e-01 4.946235e-02 8.510609e-01 4.345843e+01 4.317899e-02 9.985702e-01 -3.151430e-02 6.561775e-01 -8.514028e-01 2.027441e-02 -5.241204e-01 -1.815026e-01
-5.155887e-01 4.836455e-02 8.554702e-01 4.422262e+01 4.135131e-02 9.986468e-01 -3.153685e-02 6.221023e-01 -8.558378e-01 1.911477e-02 -5.168909e-01 -6.376354e-01
-5.085698e-01 4.773061e-02 8.596968e-01 4.500796e+01 3.943857e-02 9.987057e-01 -3.211780e-02 5.884802e-01 -8.601170e-01 1.757107e-02 -5.097940e-01 -1.091592e+00
-5.018897e-01 4.672008e-02 8.636689e-01 4.580074e+01 3.769232e-02 9.987729e-01 -3.212500e-02 5.484903e-01 -8.641099e-01 1.643048e-02 -5.030349e-01 -1.545882e+00
-4.973198e-01 4.447781e-02 8.664264e-01 4.662004e+01 3.437679e-02 9.989109e-01 -3.154695e-02 5.044961e-01 -8.668860e-01 1.409604e-02 -4.983072e-01 -2.009089e+00
-4.959014e-01 4.192768e-02 8.673661e-01 4.746328e+01 3.040346e-02 9.990596e-01 -3.091098e-02 4.667056e-01 -8.678465e-01 1.104213e-02 -4.967098e-01 -2.481715e+00
-4.960469e-01 3.958522e-02 8.673929e-01 4.832032e+01 2.737903e-02 9.991766e-01 -2.994184e-02 4.318123e-01 -8.678640e-01 8.895815e-03 -4.967223e-01 -2.969740e+00
-4.970308e-01 3.864725e-02 8.668719e-01 4.917351e+01 2.620899e-02 9.992205e-01 -2.952045e-02 3.967785e-01 -8.673370e-01 8.047259e-03 -4.976562e-01 -3.449483e+00
-4.973656e-01 3.773814e-02 8.667198e-01 5.003455e+01 2.607417e-02 9.992523e-01 -2.854616e-02 3.575283e-01 -8.671491e-01 8.401120e-03 -4.979778e-01 -3.940439e+00
-4.975672e-01 3.736655e-02 8.666202e-01 5.091273e+01 2.509804e-02 9.992736e-01 -2.867628e-02 3.258685e-01 -8.670623e-01 7.482093e-03 -4.981436e-01 -4.439538e+00
-4.974744e-01 3.656250e-02 8.667078e-01 5.180029e+01 2.560238e-02 9.992950e-01 -2.746046e-02 2.830079e-01 -8.671008e-01 8.528914e-03 -4.980597e-01 -4.945000e+00
-4.977786e-01 3.592724e-02 8.665597e-01 5.269286e+01 2.459642e-02 9.993246e-01 -2.730268e-02 2.444270e-01 -8.669553e-01 7.723577e-03 -4.983261e-01 -5.449795e+00
-4.978434e-01 3.415329e-02 8.665942e-01 5.359124e+01 2.216325e-02 9.993990e-01 -2.665485e-02 2.044224e-01 -8.669837e-01 5.936601e-03 -4.983012e-01 -5.961643e+00
-4.979325e-01 3.363576e-02 8.665632e-01 5.448638e+01 2.157873e-02 9.994187e-01 -2.639330e-02 1.651356e-01 -8.669473e-01 5.557254e-03 -4.983689e-01 -6.468566e+00
-4.972506e-01 3.304897e-02 8.669773e-01 5.537617e+01 2.086004e-02 9.994408e-01 -2.613428e-02 1.239218e-01 -8.673562e-01 5.089900e-03 -4.976619e-01 -6.972262e+00
-4.960023e-01 3.176955e-02 8.677399e-01 5.627866e+01 2.082011e-02 9.994783e-01 -2.469191e-02 8.123599e-02 -8.680716e-01 5.819194e-03 -4.964049e-01 -7.480075e+00
-4.939074e-01 2.962901e-02 8.690096e-01 5.717005e+01 2.056931e-02 9.995377e-01 -2.238868e-02 4.196611e-02 -8.692712e-01 6.816995e-03 -4.942885e-01 -7.983720e+00
-4.912857e-01 2.836207e-02 8.705366e-01 5.806143e+01 2.123096e-02 9.995627e-01 -2.058409e-02 7.145910e-04 -8.707397e-01 8.369658e-03 -4.916730e-01 -8.486603e+00
-4.887600e-01 2.806530e-02 8.719668e-01 5.895712e+01 2.163676e-02 9.995649e-01 -2.004423e-02 -4.291430e-02 -8.721500e-01 9.069715e-03 -4.891546e-01 -8.985522e+00
-4.867897e-01 2.844459e-02 8.730560e-01 5.985540e+01 2.228550e-02 9.995488e-01 -2.014007e-02 -8.199119e-02 -8.732349e-01 9.652510e-03 -4.872039e-01 -9.483125e+00
-4.859105e-01 2.868640e-02 8.735377e-01 6.074973e+01 2.213691e-02 9.995445e-01 -2.051059e-02 -1.268666e-01 -8.737282e-01 9.371115e-03 -4.863242e-01 -9.973725e+00
-4.867355e-01 2.992677e-02 8.730366e-01 6.163800e+01 2.160240e-02 9.995197e-01 -2.221870e-02 -1.691347e-01 -8.732823e-01 8.045059e-03 -4.871482e-01 -1.046328e+01
-4.896056e-01 3.147511e-02 8.713757e-01 6.251817e+01 1.989737e-02 9.994913e-01 -2.492293e-02 -2.152435e-01 -8.717170e-01 5.135674e-03 -4.899828e-01 -1.095504e+01
-4.942988e-01 3.186427e-02 8.687079e-01 6.339169e+01 1.806655e-02 9.994887e-01 -2.638137e-02 -2.576084e-01 -8.691043e-01 2.654278e-03 -4.946217e-01 -1.144025e+01
-4.996687e-01 3.058677e-02 8.656764e-01 6.426209e+01 1.932159e-02 9.995213e-01 -2.416345e-02 -3.001906e-01 -8.660011e-01 4.652524e-03 -5.000205e-01 -1.194161e+01
-5.053541e-01 2.810942e-02 8.624541e-01 6.512241e+01 2.006742e-02 9.995818e-01 -2.082025e-02 -3.413815e-01 -8.626787e-01 6.785634e-03 -5.057068e-01 -1.244396e+01
-5.107859e-01 2.563367e-02 8.593257e-01 6.598137e+01 1.666587e-02 9.996628e-01 -1.991368e-02 -3.794317e-01 -8.595464e-01 4.149785e-03 -5.110409e-01 -1.294404e+01
-5.156396e-01 2.902587e-02 8.563138e-01 6.682747e+01 1.832784e-02 9.995710e-01 -2.284543e-02 -4.180732e-01 -8.566095e-01 3.914373e-03 -5.159504e-01 -1.345620e+01
-5.207841e-01 3.051613e-02 8.531429e-01 6.767347e+01 1.846798e-02 9.995297e-01 -2.447885e-02 -4.575007e-01 -8.534887e-01 3.007635e-03 -5.211027e-01 -1.397307e+01
-5.250723e-01 3.175277e-02 8.504651e-01 6.850440e+01 1.719220e-02 9.994956e-01 -2.670258e-02 -4.970096e-01 -8.508840e-01 6.005798e-04 -5.253533e-01 -1.448315e+01
-5.285918e-01 3.233230e-02 8.482602e-01 6.932968e+01 1.695920e-02 9.994772e-01 -2.752800e-02 -5.453745e-01 -8.487067e-01 -1.652576e-04 -5.288637e-01 -1.499659e+01
-5.317241e-01 3.155236e-02 8.463297e-01 7.014713e+01 1.823367e-02 9.995006e-01 -2.580710e-02 -5.898290e-01 -8.467214e-01 1.709444e-03 -5.320339e-01 -1.551168e+01
-5.340437e-01 2.451982e-02 8.451013e-01 7.097137e+01 1.908955e-02 9.996742e-01 -1.694137e-02 -6.273936e-01 -8.452414e-01 7.085169e-03 -5.343378e-01 -1.603151e+01
-5.362201e-01 1.558810e-02 8.439343e-01 7.179812e+01 1.823393e-02 9.998101e-01 -6.881742e-03 -6.586854e-01 -8.438812e-01 1.169811e-02 -5.364025e-01 -1.655353e+01
-5.375907e-01 1.423649e-02 8.430857e-01 7.261495e+01 1.946475e-02 9.998005e-01 -4.471164e-03 -6.847307e-01 -8.429812e-01 1.400680e-02 -5.377606e-01 -1.707187e+01
-5.387595e-01 1.867045e-02 8.422527e-01 7.342300e+01 1.933353e-02 9.997651e-01 -9.795090e-03 -7.068626e-01 -8.422378e-01 1.100652e-02 -5.389939e-01 -1.758508e+01
-5.402265e-01 2.475478e-02 8.411555e-01 7.422772e+01 2.094040e-02 9.996532e-01 -1.597045e-02 -7.391644e-01 -8.412591e-01 8.986473e-03 -5.405575e-01 -1.809578e+01
-5.404001e-01 2.868451e-02 8.409191e-01 7.503425e+01 2.665058e-02 9.995008e-01 -1.696741e-02 -7.672960e-01 -8.409860e-01 1.324180e-02 -5.408948e-01 -1.862525e+01
-5.401724e-01 3.000440e-02 8.410193e-01 7.583070e+01 3.036085e-02 9.994084e-01 -1.615487e-02 -8.016026e-01 -8.410066e-01 1.680765e-02 -5.407638e-01 -1.914675e+01
-5.398139e-01 2.622229e-02 8.413759e-01 7.663762e+01 2.908724e-02 9.994989e-01 -1.248841e-02 -8.369262e-01 -8.412817e-01 1.773189e-02 -5.403061e-01 -1.966242e+01
-5.391833e-01 2.142438e-02 8.419159e-01 7.744185e+01 2.808187e-02 9.995778e-01 -7.452130e-03 -8.593692e-01 -8.417202e-01 1.962451e-02 -5.395573e-01 -2.017406e+01
-5.386044e-01 1.456664e-02 8.424328e-01 7.824710e+01 2.501507e-02 9.996862e-01 -1.292500e-03 -8.851820e-01 -8.421873e-01 2.037737e-02 -5.387998e-01 -2.067841e+01
-5.379540e-01 9.095028e-03 8.429251e-01 7.905186e+01 1.669486e-02 9.998606e-01 -1.336965e-04 -9.047435e-01 -8.428089e-01 1.400059e-02 -5.380308e-01 -2.117582e+01
-5.361080e-01 4.559062e-03 8.441371e-01 7.985340e+01 9.324117e-03 9.999564e-01 5.210896e-04 -9.109524e-01 -8.440979e-01 8.150193e-03 -5.361272e-01 -2.166561e+01
-5.339452e-01 5.122992e-03 8.455036e-01 8.065242e+01 1.286277e-02 9.999151e-01 2.064401e-03 -9.320022e-01 -8.454212e-01 1.197780e-02 -5.339658e-01 -2.217352e+01
-5.306761e-01 8.670237e-03 8.475303e-01 8.144007e+01 1.754908e-02 9.998457e-01 7.598304e-04 -9.516156e-01 -8.473930e-01 1.527660e-02 -5.307464e-01 -2.267184e+01
-5.252170e-01 1.230256e-02 8.508794e-01 8.223516e+01 2.015306e-02 9.997949e-01 -2.015926e-03 -9.641395e-01 -8.507296e-01 1.608902e-02 -5.253572e-01 -2.316201e+01
-5.173960e-01 1.454753e-02 8.556224e-01 8.303505e+01 2.496847e-02 9.996864e-01 -1.898478e-03 -9.775788e-01 -8.553818e-01 2.038132e-02 -5.175970e-01 -2.365025e+01
-5.089940e-01 1.784733e-02 8.605850e-01 8.383437e+01 3.299173e-02 9.994549e-01 -1.214297e-03 -1.000572e+00 -8.601376e-01 2.777412e-02 -5.093054e-01 -2.413399e+01
-4.990715e-01 1.691415e-02 8.663957e-01 8.464761e+01 3.054363e-02 9.995316e-01 -1.919184e-03 -1.015911e+00 -8.660223e-01 2.550506e-02 -4.993544e-01 -2.459920e+01
-4.881317e-01 1.480350e-02 8.726444e-01 8.545457e+01 2.862946e-02 9.995896e-01 -9.425151e-04 -1.027711e+00 -8.723003e-01 2.452327e-02 -4.883552e-01 -2.503916e+01
-4.763250e-01 1.150988e-02 8.791939e-01 8.627421e+01 2.931278e-02 9.995664e-01 2.795204e-03 -1.044035e+00 -8.787805e-01 2.710305e-02 -4.764559e-01 -2.548081e+01
-4.650090e-01 1.101715e-02 8.852374e-01 8.709976e+01 2.977985e-02 9.995513e-01 3.203318e-03 -1.061124e+00 -8.848050e-01 2.785181e-02 -4.651284e-01 -2.591105e+01
-4.530649e-01 1.011243e-02 8.914202e-01 8.792840e+01 3.088230e-02 9.995135e-01 4.357286e-03 -1.076777e+00 -8.909424e-01 2.950324e-02 -4.531568e-01 -2.632585e+01
-4.408977e-01 1.082192e-02 8.974921e-01 8.875748e+01 3.244563e-02 9.994659e-01 3.887568e-03 -1.094185e+00 -8.969707e-01 3.083372e-02 -4.410133e-01 -2.672924e+01
-4.284200e-01 1.472679e-02 9.034597e-01 8.959543e+01 3.333014e-02 9.994443e-01 -4.862491e-04 -1.118612e+00 -9.029648e-01 2.990412e-02 -4.286728e-01 -2.712721e+01
-4.169272e-01 2.387033e-02 9.086264e-01 9.042768e+01 3.610775e-02 9.993010e-01 -9.684228e-03 -1.135229e+00 -9.082224e-01 2.877083e-02 -4.174977e-01 -2.750631e+01
-4.040215e-01 2.813388e-02 9.143168e-01 9.126097e+01 3.587650e-02 9.992452e-01 -1.489393e-02 -1.158796e+00 -9.140457e-01 2.678502e-02 -4.047259e-01 -2.787121e+01
-3.926030e-01 2.501583e-02 9.193678e-01 9.211606e+01 3.469703e-02 9.993213e-01 -1.237447e-02 -1.184637e+00 -9.190533e-01 2.704108e-02 -3.932045e-01 -2.822699e+01
-3.808366e-01 2.100827e-02 9.244036e-01 9.297259e+01 3.329602e-02 9.994051e-01 -8.995444e-03 -1.215161e+00 -9.240427e-01 2.735317e-02 -3.813096e-01 -2.857279e+01
-3.706505e-01 2.175438e-02 9.285176e-01 9.381686e+01 3.039985e-02 9.994741e-01 -1.128166e-02 -1.243880e+00 -9.282748e-01 2.404524e-02 -3.711169e-01 -2.890722e+01
-3.634471e-01 2.586662e-02 9.312557e-01 9.466414e+01 2.575563e-02 9.995114e-01 -1.771069e-02 -1.278816e+00 -9.312588e-01 1.754818e-02 -3.639357e-01 -2.922939e+01
-3.585263e-01 3.098948e-02 9.330051e-01 9.550904e+01 2.049823e-02 9.994692e-01 -2.532020e-02 -1.310751e+00 -9.332945e-01 1.004699e-02 -3.589712e-01 -2.953910e+01
-3.549561e-01 3.306351e-02 9.342981e-01 9.634782e+01 1.850858e-02 9.994271e-01 -2.833660e-02 -1.348903e+00 -9.346997e-01 7.234285e-03 -3.553647e-01 -2.984763e+01
-3.511500e-01 3.264679e-02 9.357499e-01 9.720662e+01 1.729417e-02 9.994476e-01 -2.837928e-02 -1.391320e+00 -9.361595e-01 6.217639e-03 -3.515206e-01 -3.016569e+01
-3.462580e-01 3.288728e-02 9.375627e-01 9.804761e+01 1.646607e-02 9.994445e-01 -2.897673e-02 -1.428936e+00 -9.379948e-01 5.404547e-03 -3.466071e-01 -3.046944e+01
-3.403319e-01 2.876581e-02 9.398653e-01 9.888979e+01 1.339981e-02 9.995788e-01 -2.574126e-02 -1.462701e+00 -9.402099e-01 3.833444e-03 -3.405740e-01 -3.076666e+01
-3.351649e-01 2.521954e-02 9.418219e-01 9.973512e+01 1.376339e-02 9.996661e-01 -2.187050e-02 -1.500724e+00 -9.420589e-01 5.632443e-03 -3.354001e-01 -3.105923e+01
-3.293108e-01 2.225386e-02 9.439593e-01 1.005910e+02 1.229149e-02 9.997386e-01 -1.928083e-02 -1.540288e+00 -9.441416e-01 5.253276e-03 -3.294983e-01 -3.134919e+01
-3.235600e-01 2.095843e-02 9.459755e-01 1.014455e+02 3.869591e-03 9.997756e-01 -2.082684e-02 -1.570172e+00 -9.461997e-01 -3.078194e-03 -3.235685e-01 -3.162344e+01
-3.170812e-01 2.104472e-02 9.481649e-01 1.022999e+02 -3.061536e-03 9.997259e-01 -2.321295e-02 -1.605302e+00 -9.483934e-01 -1.026323e-02 -3.169299e-01 -3.189456e+01
-3.102584e-01 2.535337e-02 9.503141e-01 1.031517e+02 -1.107794e-03 9.996340e-01 -2.703085e-02 -1.642253e+00 -9.506516e-01 -9.439300e-03 -3.101168e-01 -3.216844e+01
-3.033252e-01 2.862916e-02 9.524569e-01 1.039894e+02 1.490227e-03 9.995616e-01 -2.957046e-02 -1.680928e+00 -9.528859e-01 -7.550089e-03 -3.032349e-01 -3.242812e+01
-2.973573e-01 2.659710e-02 9.543957e-01 1.048443e+02 1.318596e-04 9.996130e-01 -2.781613e-02 -1.715829e+00 -9.547663e-01 -8.145483e-03 -2.972457e-01 -3.268140e+01
-2.902638e-01 2.193443e-02 9.566952e-01 1.057024e+02 -4.726318e-05 9.997369e-01 -2.293560e-02 -1.753017e+00 -9.569467e-01 -6.702591e-03 -2.901864e-01 -3.293437e+01
-2.832928e-01 1.931690e-02 9.588389e-01 1.065648e+02 -1.246044e-03 9.997889e-01 -2.051003e-02 -1.791919e+00 -9.590326e-01 -7.005100e-03 -2.832090e-01 -3.317998e+01
-2.767366e-01 2.260658e-02 9.606799e-01 1.074306e+02 -2.946147e-03 9.996986e-01 -2.437344e-02 -1.824812e+00 -9.609413e-01 -9.575327e-03 -2.765866e-01 -3.342507e+01
-2.702101e-01 2.527158e-02 9.624697e-01 1.082910e+02 -1.362603e-03 9.996444e-01 -2.663022e-02 -1.862976e+00 -9.628004e-01 -8.507219e-03 -2.700796e-01 -3.366279e+01
-2.633352e-01 2.588899e-02 9.643570e-01 1.091499e+02 -2.942010e-03 9.996136e-01 -2.763886e-02 -1.900107e+00 -9.646999e-01 -1.011543e-02 -2.631573e-01 -3.388926e+01
-2.563981e-01 2.522626e-02 9.662420e-01 1.100163e+02 -3.099250e-03 9.996328e-01 -2.692041e-02 -1.937210e+00 -9.665663e-01 -9.896968e-03 -2.562258e-01 -3.411233e+01
-2.479023e-01 2.496814e-02 9.684632e-01 1.108810e+02 1.489114e-03 9.996765e-01 -2.539168e-02 -1.978552e+00 -9.687839e-01 -4.852503e-03 -2.478593e-01 -3.433616e+01
-2.403770e-01 2.629881e-02 9.703233e-01 1.117490e+02 4.437893e-03 9.996522e-01 -2.599432e-02 -2.011003e+00 -9.706695e-01 -1.942246e-03 -2.404101e-01 -3.454981e+01
-2.336890e-01 2.658399e-02 9.719479e-01 1.126139e+02 5.791359e-03 9.996465e-01 -2.594915e-02 -2.053432e+00 -9.722942e-01 -4.351300e-04 -2.337603e-01 -3.475366e+01
-2.267581e-01 2.506756e-02 9.736285e-01 1.134837e+02 -6.582092e-04 9.996646e-01 -2.589119e-02 -2.097194e+00 -9.739509e-01 -6.511888e-03 -2.266655e-01 -3.494239e+01
-2.207626e-01 2.315128e-02 9.750528e-01 1.143609e+02 -4.509074e-03 9.996833e-01 -2.475701e-02 -2.140150e+00 -9.753171e-01 -9.862007e-03 -2.205883e-01 -3.512653e+01
-2.160114e-01 2.326976e-02 9.761135e-01 1.152442e+02 -1.638366e-03 9.997059e-01 -2.419475e-02 -2.176532e+00 -9.763895e-01 -6.825573e-03 -2.159098e-01 -3.532417e+01
-2.115480e-01 2.384391e-02 9.770767e-01 1.161286e+02 1.754773e-04 9.997033e-01 -2.435808e-02 -2.207616e+00 -9.773676e-01 -4.981448e-03 -2.114894e-01 -3.551145e+01
-2.063962e-01 2.540580e-02 9.781386e-01 1.170050e+02 1.816622e-03 9.996711e-01 -2.558175e-02 -2.242237e+00 -9.784668e-01 -3.503067e-03 -2.063744e-01 -3.569792e+01
-2.002768e-01 2.452731e-02 9.794323e-01 1.178826e+02 7.876964e-03 9.996946e-01 -2.342402e-02 -2.276473e+00 -9.797077e-01 3.023666e-03 -2.004088e-01 -3.588206e+01
-1.950342e-01 2.334213e-02 9.805186e-01 1.187656e+02 1.543323e-02 9.996660e-01 -2.072814e-02 -2.308953e+00 -9.806750e-01 1.108988e-02 -1.953293e-01 -3.606447e+01
-1.896841e-01 2.203880e-02 9.815978e-01 1.196373e+02 1.790964e-02 9.996594e-01 -1.898346e-02 -2.349159e+00 -9.816818e-01 1.397921e-02 -1.900142e-01 -3.623873e+01
-1.855286e-01 2.364207e-02 9.823544e-01 1.205117e+02 1.658215e-02 9.996435e-01 -2.092644e-02 -2.385310e+00 -9.824989e-01 1.240710e-02 -1.858545e-01 -3.639957e+01
-1.821559e-01 2.545118e-02 9.829402e-01 1.213888e+02 1.495741e-02 9.996210e-01 -2.311122e-02 -2.418503e+00 -9.831559e-01 1.049240e-02 -1.824675e-01 -3.655229e+01
-1.802625e-01 2.483046e-02 9.833051e-01 1.222621e+02 1.285609e-02 9.996554e-01 -2.288652e-02 -2.456976e+00 -9.835345e-01 8.515874e-03 -1.805196e-01 -3.670854e+01
-1.791438e-01 2.370689e-02 9.835372e-01 1.231420e+02 1.294147e-02 9.996799e-01 -2.173880e-02 -2.492209e+00 -9.837378e-01 8.834046e-03 -1.793933e-01 -3.686545e+01
-1.780988e-01 1.920573e-02 9.838252e-01 1.240139e+02 1.453550e-02 9.997518e-01 -1.688532e-02 -2.525223e+00 -9.839053e-01 1.129314e-02 -1.783337e-01 -3.702043e+01
-1.770516e-01 1.436963e-02 9.840967e-01 1.248856e+02 1.320233e-02 9.998381e-01 -1.222422e-02 -2.551935e+00 -9.841130e-01 1.082805e-02 -1.772126e-01 -3.717174e+01
-1.760345e-01 1.222164e-02 9.843081e-01 1.257516e+02 1.416286e-02 9.998509e-01 -9.881730e-03 -2.586124e+00 -9.842821e-01 1.220110e-02 -1.761814e-01 -3.732587e+01
-1.748395e-01 1.667429e-02 9.844557e-01 1.266148e+02 1.395002e-02 9.997982e-01 -1.445663e-02 -2.615999e+00 -9.844981e-01 1.120559e-02 -1.750368e-01 -3.747669e+01
-1.746049e-01 2.020798e-02 9.844312e-01 1.274720e+02 1.429534e-02 9.997360e-01 -1.798664e-02 -2.647257e+00 -9.845348e-01 1.093222e-02 -1.748477e-01 -3.762692e+01
-1.746563e-01 1.937530e-02 9.844388e-01 1.283350e+02 1.054430e-02 9.997858e-01 -1.780661e-02 -2.673860e+00 -9.845730e-01 7.270176e-03 -1.748232e-01 -3.777138e+01
-1.739508e-01 1.846705e-02 9.845812e-01 1.291971e+02 9.434807e-03 9.998095e-01 -1.708578e-02 -2.709795e+00 -9.847092e-01 6.317248e-03 -1.740919e-01 -3.791867e+01
-1.732310e-01 1.909050e-02 9.846962e-01 1.300508e+02 1.496164e-02 9.997478e-01 -1.675021e-02 -2.744240e+00 -9.847676e-01 1.183101e-02 -1.734729e-01 -3.807156e+01
-1.723605e-01 2.190865e-02 9.847903e-01 1.308915e+02 1.272066e-02 9.997188e-01 -2.001436e-02 -2.767070e+00 -9.849518e-01 9.077497e-03 -1.725907e-01 -3.821511e+01
-1.727353e-01 2.316451e-02 9.846959e-01 1.317357e+02 4.185468e-03 9.997316e-01 -2.278401e-02 -2.798980e+00 -9.849594e-01 1.858116e-04 -1.727859e-01 -3.834491e+01
-1.721612e-01 2.471349e-02 9.847587e-01 1.325716e+02 -1.550459e-03 9.996772e-01 -2.535895e-02 -2.833761e+00 -9.850676e-01 -5.892656e-03 -1.720673e-01 -3.847811e+01
-1.718476e-01 2.811714e-02 9.847222e-01 1.333994e+02 1.675754e-03 9.995995e-01 -2.824950e-02 -2.870468e+00 -9.851221e-01 -3.204457e-03 -1.718259e-01 -3.862136e+01
-1.714076e-01 2.904566e-02 9.847719e-01 1.342256e+02 3.656181e-03 9.995772e-01 -2.884595e-02 -2.912308e+00 -9.851934e-01 -1.343911e-03 -1.714413e-01 -3.875912e+01
-1.699797e-01 3.028093e-02 9.849822e-01 1.350509e+02 2.820652e-03 9.995386e-01 -3.024167e-02 -2.949998e+00 -9.854435e-01 -2.362178e-03 -1.699867e-01 -3.889352e+01
-1.679824e-01 2.964415e-02 9.853442e-01 1.358718e+02 1.089919e-02 9.995425e-01 -2.821321e-02 -2.986263e+00 -9.857297e-01 6.000126e-03 -1.682287e-01 -3.903901e+01
-1.647163e-01 2.645139e-02 9.859862e-01 1.366838e+02 1.628821e-02 9.995770e-01 -2.409492e-02 -3.023358e+00 -9.862065e-01 1.209113e-02 -1.650774e-01 -3.918130e+01
-1.628729e-01 2.150848e-02 9.864126e-01 1.374944e+02 1.959082e-02 9.996358e-01 -1.856204e-02 -3.058693e+00 -9.864525e-01 1.630138e-02 -1.632350e-01 -3.931607e+01
-1.595431e-01 2.107499e-02 9.869660e-01 1.383056e+02 2.049412e-02 9.996273e-01 -1.803248e-02 -3.091350e+00 -9.869782e-01 1.735004e-02 -1.599155e-01 -3.944371e+01
-1.543481e-01 2.604566e-02 9.876732e-01 1.391091e+02 2.184155e-02 9.994981e-01 -2.294421e-02 -3.129217e+00 -9.877751e-01 1.803091e-02 -1.548395e-01 -3.957094e+01
-1.476354e-01 2.897299e-02 9.886174e-01 1.399076e+02 2.284435e-02 9.994041e-01 -2.587764e-02 -3.161550e+00 -9.887780e-01 1.876387e-02 -1.482093e-01 -3.968832e+01
-1.390171e-01 2.967747e-02 9.898452e-01 1.407106e+02 2.275165e-02 9.993827e-01 -2.676811e-02 -3.188161e+00 -9.900286e-01 1.879938e-02 -1.396065e-01 -3.980184e+01
-1.299094e-01 2.535739e-02 9.912016e-01 1.415171e+02 2.418166e-02 9.994566e-01 -2.239927e-02 -3.221850e+00 -9.912309e-01 2.105902e-02 -1.304520e-01 -3.990056e+01
-1.177115e-01 2.395233e-02 9.927589e-01 1.423112e+02 2.849364e-02 9.993789e-01 -2.073356e-02 -3.256841e+00 -9.926390e-01 2.584673e-02 -1.183209e-01 -3.999760e+01
-1.037255e-01 2.642577e-02 9.942548e-01 1.430975e+02 3.348671e-02 9.991730e-01 -2.306299e-02 -3.289114e+00 -9.940421e-01 3.090210e-02 -1.045246e-01 -4.008142e+01
-8.938185e-02 2.783792e-02 9.956083e-01 1.438940e+02 3.338662e-02 9.991313e-01 -2.493910e-02 -3.317702e+00 -9.954377e-01 3.101089e-02 -9.023362e-02 -4.015090e+01
-7.578226e-02 2.772402e-02 9.967389e-01 1.446733e+02 3.439179e-02 9.990913e-01 -2.517464e-02 -3.348677e+00 -9.965311e-01 3.237184e-02 -7.666687e-02 -4.020343e+01
-6.232181e-02 2.920105e-02 9.976288e-01 1.454540e+02 3.537889e-02 9.990083e-01 -2.703131e-02 -3.386169e+00 -9.974289e-01 3.361036e-02 -6.329311e-02 -4.024776e+01
-4.879249e-02 3.563051e-02 9.981732e-01 1.462242e+02 3.203923e-02 9.989051e-01 -3.409050e-02 -3.427577e+00 -9.982949e-01 3.031735e-02 -4.988064e-02 -4.027304e+01
-3.608330e-02 4.505020e-02 9.983328e-01 1.469909e+02 2.517160e-02 9.987074e-01 -4.415731e-02 -3.467521e+00 -9.990317e-01 2.353629e-02 -3.717065e-02 -4.028520e+01
-2.222508e-02 5.320288e-02 9.983364e-01 1.477495e+02 2.153754e-02 9.983768e-01 -5.272556e-02 -3.510278e+00 -9.995210e-01 2.032988e-02 -2.333486e-02 -4.029005e+01
-8.677420e-03 5.338817e-02 9.985361e-01 1.485173e+02 2.206993e-02 9.983407e-01 -5.318593e-02 -3.561474e+00 -9.997188e-01 2.157611e-02 -9.841295e-03 -4.029244e+01
3.278181e-03 4.937377e-02 9.987750e-01 1.492887e+02 1.809427e-02 9.986139e-01 -4.942520e-02 -3.612574e+00 -9.998309e-01 1.823413e-02 2.380255e-03 -4.027979e+01
1.395934e-02 4.685342e-02 9.988042e-01 1.500554e+02 1.440415e-02 9.987885e-01 -4.705400e-02 -3.668566e+00 -9.997988e-01 1.504377e-02 1.326755e-02 -4.025546e+01
2.273824e-02 5.330714e-02 9.983192e-01 1.508048e+02 1.045065e-02 9.985102e-01 -5.355537e-02 -3.723909e+00 -9.996868e-01 1.165084e-02 2.214727e-02 -4.022372e+01
2.943702e-02 6.142236e-02 9.976777e-01 1.515515e+02 7.774704e-03 9.980660e-01 -6.167566e-02 -3.772872e+00 -9.995364e-01 9.572196e-03 2.890255e-02 -4.019552e+01
3.225579e-02 6.475191e-02 9.973799e-01 1.523010e+02 4.774569e-03 9.978778e-01 -6.493865e-02 -3.819062e+00 -9.994682e-01 6.856707e-03 3.187818e-02 -4.015960e+01
3.213284e-02 6.013423e-02 9.976730e-01 1.530569e+02 2.472992e-03 9.981806e-01 -6.024448e-02 -3.875936e+00 -9.994805e-01 4.403063e-03 3.192566e-02 -4.012725e+01
3.042091e-02 5.574700e-02 9.979814e-01 1.538128e+02 1.178344e-03 9.984408e-01 -5.580858e-02 -3.938020e+00 -9.995365e-01 2.873713e-03 3.030779e-02 -4.009982e+01
2.750934e-02 5.261189e-02 9.982361e-01 1.545654e+02 2.806381e-03 9.986060e-01 -5.270872e-02 -3.993025e+00 -9.996176e-01 4.251413e-03 2.732334e-02 -4.007756e+01
2.483255e-02 5.255433e-02 9.983093e-01 1.553073e+02 4.375264e-03 9.986019e-01 -5.267857e-02 -4.042124e+00 -9.996821e-01 5.676010e-03 2.456790e-02 -4.005829e+01
2.110995e-02 5.215232e-02 9.984160e-01 1.560490e+02 6.238968e-03 9.986122e-01 -5.229448e-02 -4.095458e+00 -9.997577e-01 7.333020e-03 2.075528e-02 -4.004309e+01
1.684308e-02 5.028330e-02 9.985930e-01 1.567924e+02 5.706888e-03 9.987135e-01 -5.038563e-02 -4.151830e+00 -9.998419e-01 6.547507e-03 1.653445e-02 -4.003050e+01
1.166979e-02 5.085230e-02 9.986380e-01 1.575429e+02 5.256924e-03 9.986891e-01 -5.091633e-02 -4.195591e+00 -9.999181e-01 5.843947e-03 1.138717e-02 -4.002306e+01
5.795715e-03 4.893358e-02 9.987852e-01 1.582803e+02 3.382608e-03 9.987953e-01 -4.895370e-02 -4.243133e+00 -9.999775e-01 3.662220e-03 5.623210e-03 -4.001459e+01
2.790083e-04 4.570639e-02 9.989549e-01 1.590225e+02 5.892795e-03 9.989375e-01 -4.570724e-02 -4.298589e+00 -9.999826e-01 5.899389e-03 9.373458e-06 -4.002023e+01
-5.086003e-03 4.604161e-02 9.989266e-01 1.597555e+02 5.328964e-03 9.989266e-01 -4.601447e-02 -4.341655e+00 -9.999729e-01 5.089214e-03 -5.325898e-03 -4.002346e+01
-1.031939e-02 4.722458e-02 9.988310e-01 1.604814e+02 3.719487e-03 9.988791e-01 -4.718843e-02 -4.386410e+00 -9.999398e-01 3.228183e-03 -1.048347e-02 -4.002725e+01
-1.446790e-02 4.930299e-02 9.986791e-01 1.612074e+02 2.894806e-03 9.987815e-01 -4.926611e-02 -4.436171e+00 -9.998911e-01 2.178205e-03 -1.459300e-02 -4.003428e+01
-1.677191e-02 5.142668e-02 9.985359e-01 1.619295e+02 2.755238e-03 9.986750e-01 -5.138756e-02 -4.486102e+00 -9.998555e-01 1.889337e-03 -1.689138e-02 -4.004819e+01
-1.862960e-02 5.295323e-02 9.984232e-01 1.626392e+02 5.590816e-03 9.985864e-01 -5.285757e-02 -4.530583e+00 -9.998108e-01 4.597285e-03 -1.889932e-02 -4.005903e+01
-1.764649e-02 5.090890e-02 9.985474e-01 1.633587e+02 9.176032e-03 9.986691e-01 -5.075294e-02 -4.580761e+00 -9.998022e-01 8.267091e-03 -1.809014e-02 -4.007733e+01
-1.371233e-02 4.696307e-02 9.988025e-01 1.640703e+02 1.160427e-02 9.988366e-01 -4.680536e-02 -4.630901e+00 -9.998386e-01 1.094856e-02 -1.424135e-02 -4.008801e+01
-6.059689e-03 4.665657e-02 9.988926e-01 1.647710e+02 1.324998e-02 9.988270e-01 -4.657312e-02 -4.681320e+00 -9.998939e-01 1.295309e-02 -6.670780e-03 -4.008971e+01
5.245478e-03 4.703985e-02 9.988792e-01 1.654644e+02 1.660478e-02 9.987512e-01 -4.712102e-02 -4.729524e+00 -9.998484e-01 1.683334e-02 4.457841e-03 -4.008403e+01
1.985259e-02 4.710694e-02 9.986926e-01 1.661607e+02 1.895682e-02 9.986921e-01 -4.748376e-02 -4.772486e+00 -9.996232e-01 1.987471e-02 1.893363e-02 -4.007188e+01
3.480599e-02 4.468398e-02 9.983947e-01 1.668530e+02 1.740106e-02 9.988214e-01 -4.530971e-02 -4.812832e+00 -9.992426e-01 1.895017e-02 3.398741e-02 -4.003812e+01
5.114200e-02 3.986408e-02 9.978955e-01 1.675370e+02 1.227446e-02 9.991025e-01 -4.054136e-02 -4.856664e+00 -9.986160e-01 1.432199e-02 5.060679e-02 -3.998874e+01
6.745629e-02 3.309353e-02 9.971732e-01 1.682175e+02 1.135616e-02 9.993595e-01 -3.393430e-02 -4.896613e+00 -9.976576e-01 1.361314e-02 6.703727e-02 -3.993073e+01
8.472383e-02 2.575034e-02 9.960717e-01 1.688940e+02 1.122906e-02 9.995778e-01 -2.679610e-02 -4.929281e+00 -9.963412e-01 1.345521e-02 8.439891e-02 -3.986718e+01
1.025501e-01 1.790599e-02 9.945667e-01 1.695662e+02 1.072617e-02 9.997599e-01 -1.910547e-02 -4.960844e+00 -9.946700e-01 1.262716e-02 1.023334e-01 -3.978987e+01
1.194459e-01 1.205348e-02 9.927675e-01 1.702291e+02 9.343033e-03 9.998684e-01 -1.326381e-02 -4.990191e+00 -9.927967e-01 1.085977e-02 1.193176e-01 -3.969646e+01
1.373647e-01 9.325766e-03 9.904766e-01 1.708777e+02 9.234800e-03 9.999002e-01 -1.069523e-02 -5.020167e+00 -9.904775e-01 1.061600e-02 1.372649e-01 -3.959378e+01
1.557028e-01 8.141669e-03 9.877704e-01 1.715290e+02 1.075963e-02 9.998927e-01 -9.937632e-03 -5.036625e+00 -9.877454e-01 1.217536e-02 1.555985e-01 -3.948679e+01
1.731203e-01 7.325340e-03 9.848734e-01 1.721650e+02 9.165386e-03 9.999171e-01 -9.048317e-03 -5.055302e+00 -9.848580e-01 1.059319e-02 1.730388e-01 -3.936356e+01
1.894002e-01 6.260771e-03 9.818800e-01 1.727954e+02 4.731949e-03 9.999622e-01 -7.288841e-03 -5.071568e+00 -9.818886e-01 6.026714e-03 1.893635e-01 -3.922595e+01
2.036658e-01 2.619458e-03 9.790370e-01 1.734230e+02 2.645922e-03 9.999913e-01 -3.225944e-03 -5.089393e+00 -9.790369e-01 3.247470e-03 2.036571e-01 -3.908011e+01
2.160651e-01 -1.657216e-03 9.763775e-01 1.740487e+02 6.168264e-03 9.999809e-01 3.322869e-04 -5.105815e+00 -9.763595e-01 5.950759e-03 2.160712e-01 -3.894020e+01
2.266778e-01 -2.814368e-03 9.739657e-01 1.746617e+02 8.420252e-03 9.999641e-01 9.297896e-04 -5.119241e+00 -9.739334e-01 7.990275e-03 2.266934e-01 -3.879378e+01
2.363077e-01 7.320826e-04 9.716780e-01 1.752565e+02 4.151281e-03 9.999898e-01 -1.762986e-03 -5.136498e+00 -9.716694e-01 4.450316e-03 2.363023e-01 -3.863182e+01
2.452152e-01 7.813759e-03 9.694372e-01 1.758484e+02 -1.740557e-04 9.999679e-01 -8.015813e-03 -5.156278e+00 -9.694687e-01 1.796863e-03 2.452087e-01 -3.846402e+01
2.542558e-01 1.728864e-02 9.669825e-01 1.764312e+02 1.310962e-04 9.998396e-01 -1.791056e-02 -5.174398e+00 -9.671370e-01 4.680632e-03 2.542128e-01 -3.830351e+01
2.623839e-01 2.291865e-02 9.646914e-01 1.770193e+02 6.131545e-03 9.996581e-01 -2.541708e-02 -5.187955e+00 -9.649441e-01 1.258408e-02 2.621537e-01 -3.814607e+01
2.689352e-01 2.092991e-02 9.629308e-01 1.776154e+02 7.147396e-03 9.996930e-01 -2.372514e-02 -5.203567e+00 -9.631317e-01 1.326298e-02 2.687031e-01 -3.797696e+01
2.749427e-01 1.357277e-02 9.613648e-01 1.782123e+02 4.782539e-03 9.998687e-01 -1.548415e-02 -5.218293e+00 -9.614487e-01 8.855018e-03 2.748416e-01 -3.779526e+01
2.792399e-01 3.248196e-03 9.602159e-01 1.788151e+02 2.839886e-04 9.999940e-01 -3.465343e-03 -5.237160e+00 -9.602213e-01 1.240352e-03 2.792373e-01 -3.760621e+01
2.813947e-01 -4.888562e-03 9.595797e-01 1.794211e+02 3.333973e-04 9.999875e-01 4.996650e-03 -5.256193e+00 -9.595920e-01 -1.086110e-03 2.813928e-01 -3.742435e+01
2.825165e-01 -5.617407e-03 9.592460e-01 1.800262e+02 3.442215e-03 9.999824e-01 4.842163e-03 -5.268863e+00 -9.592563e-01 1.933940e-03 2.825308e-01 -3.724954e+01
