1.000000e+00 0.000000e+00 0.000000e+00 0.000000e+00 0.000000e+00 1.000000e+00 0.000000e+00 0.000000e+00 0.000000e+00 0.000000e+00 1.000000e+00 0.000000e+00
9.997667e-01 -2.802341e-03 -2.141889e-02 -1.906428e-02 2.806762e-03 9.999960e-01 1.763172e-04 -3.155288e-03 2.141831e-02 -2.363938e-04 9.997706e-01 2.700078e-01
9.990727e-01 -3.775440e-03 -4.288825e-02 -4.714670e-02 3.761537e-03 9.999928e-01 -4.048630e-04 -1.494941e-03 4.288947e-02 2.431619e-04 9.990798e-01 5.422306e-01
9.978613e-01 -5.695720e-03 -6.511828e-02 -8.319926e-02 5.640332e-03 9.999836e-01 -1.034389e-03 2.006765e-03 6.512310e-02 6.648885e-04 9.978770e-01 8.209053e-01
9.960340e-01 -8.755797e-03 -8.854209e-02 -1.236296e-01 8.565374e-03 9.999601e-01 -2.530365e-03 1.594420e-03 8.856072e-02 1.761934e-03 9.960692e-01 1.104517e+00
9.935889e-01 -1.563923e-02 -1.119662e-01 -1.689283e-01 1.520032e-02 9.998731e-01 -4.772651e-03 2.720766e-03 1.120267e-01 3.040130e-03 9.937006e-01 1.394797e+00
9.908532e-01 -2.082072e-02 -1.333284e-01 -2.232802e-01 2.009242e-02 9.997750e-01 -6.805778e-03 4.240318e-03 1.334401e-01 4.064636e-03 9.910485e-01 1.689115e+00
9.875545e-01 -1.809323e-02 -1.562329e-01 -2.931874e-01 1.756296e-02 9.998344e-01 -4.774007e-03 -8.284915e-03 1.562934e-01 1.970681e-03 9.877087e-01 1.997176e+00
9.835629e-01 -1.614345e-02 -1.798429e-01 -3.753102e-01 1.572915e-02 9.998693e-01 -3.729565e-03 -2.061540e-02 1.798796e-01 8.394860e-04 9.836883e-01 2.300909e+00
9.790293e-01 -1.886530e-02 -2.028439e-01 -4.538849e-01 1.814636e-02 9.998207e-01 -5.403654e-03 -3.159037e-02 2.029095e-01 1.609458e-03 9.791962e-01 2.610418e+00
9.741016e-01 -2.430553e-02 -2.248004e-01 -5.327474e-01 2.277731e-02 9.996965e-01 -9.389388e-03 -3.350220e-02 2.249604e-01 4.025868e-03 9.743596e-01 2.925247e+00
9.687801e-01 -3.074510e-02 -2.460080e-01 -6.221808e-01 2.773447e-02 9.994921e-01 -1.569415e-02 -3.831206e-02 2.463656e-01 8.381276e-03 9.691407e-01 3.239654e+00
9.632939e-01 -3.469934e-02 -2.661971e-01 -7.227762e-01 3.011267e-02 9.993197e-01 -2.129393e-02 -4.227563e-02 2.667549e-01 1.249641e-02 9.636834e-01 3.552272e+00
9.580834e-01 -3.794359e-02 -2.839658e-01 -8.322159e-01 3.179584e-02 9.991502e-01 -2.622948e-02 -4.984111e-02 2.847197e-01 1.610110e-02 9.584756e-01 3.871581e+00
9.523469e-01 -3.922025e-02 -3.024851e-01 -9.499211e-01 3.193139e-02 9.990691e-01 -2.900631e-02 -6.299757e-02 3.033412e-01 1.796530e-02 9.527126e-01 4.198377e+00
9.457527e-01 -4.510388e-02 -3.217412e-01 -1.070441e+00 3.690262e-02 9.988208e-01 -3.154691e-02 -7.540584e-02 3.227847e-01 1.796248e-02 9.463020e-01 4.534803e+00
9.388332e-01 -5.314433e-02 -3.402468e-01 -1.198309e+00 4.452698e-02 9.984600e-01 -3.309092e-02 -8.735094e-02 3.414814e-01 1.591669e-02 9.397537e-01 4.881038e+00
9.307469e-01 -6.290652e-02 -3.602124e-01 -1.330109e+00 5.422500e-02 9.979440e-01 -3.416716e-02 -1.041565e-01 3.616211e-01 1.226846e-02 9.322444e-01 5.227923e+00
9.222667e-01 -6.786905e-02 -3.805495e-01 -1.485522e+00 5.844196e-02 9.976311e-01 -3.628754e-02 -1.262073e-01 3.821108e-01 1.122673e-02 9.240483e-01 5.583313e+00
9.134570e-01 -7.289463e-02 -4.003531e-01 -1.650458e+00 6.247800e-02 9.972829e-01 -3.902955e-02 -1.465894e-01 4.021104e-01 1.063855e-02 9.155294e-01 5.933477e+00
9.038571e-01 -7.575099e-02 -4.210750e-01 -1.833103e+00 6.388428e-02 9.970630e-01 -4.224009e-02 -1.663202e-01 4.230380e-01 1.127893e-02 9.060417e-01 6.302104e+00
8.938341e-01 -7.951754e-02 -4.412907e-01 -2.029359e+00 6.472289e-02 9.967237e-01 -4.850654e-02 -1.859940e-01 4.437021e-01 1.479518e-02 8.960522e-01 6.662019e+00
8.835578e-01 -7.876698e-02 -4.616507e-01 -2.244324e+00 6.032511e-02 9.966845e-01 -5.459779e-02 -2.115471e-01 4.644206e-01 2.039117e-02 8.853800e-01 7.023418e+00
8.714519e-01 -8.200423e-02 -4.835773e-01 -2.465344e+00 6.023904e-02 9.963547e-01 -6.040374e-02 -2.445652e-01 4.867678e-01 2.350872e-02 8.732150e-01 7.394201e+00
8.583627e-01 -9.163499e-02 -5.047935e-01 -2.689465e+00 6.630878e-02 9.954823e-01 -6.795655e-02 -2.776521e-01 5.087402e-01 2.485912e-02 8.605611e-01 7.770307e+00
8.450967e-01 -1.007622e-01 -5.250320e-01 -2.932182e+00 7.186323e-02 9.945753e-01 -7.520350e-02 -3.079062e-01 5.297616e-01 2.582373e-02 8.477534e-01 8.151069e+00
8.317986e-01 -1.058768e-01 -5.448863e-01 -3.199494e+00 7.307999e-02 9.939839e-01 -8.158036e-02 -3.425540e-01 5.502457e-01 2.803815e-02 8.345319e-01 8.536749e+00
8.199813e-01 -1.063614e-01 -5.624214e-01 -3.489699e+00 6.982585e-02 9.938327e-01 -8.614450e-02 -3.862901e-01 5.681153e-01 3.136533e-02 8.223511e-01 8.928800e+00
8.100556e-01 -1.032736e-01 -5.771867e-01 -3.805208e+00 6.324061e-02 9.940131e-01 -8.909925e-02 -4.364144e-01 5.829328e-01 3.567370e-02 8.117369e-01 9.329208e+00
8.011670e-01 -1.015818e-01 -5.897564e-01 -4.133704e+00 5.858040e-02 9.940674e-01 -9.164207e-02 -4.900391e-01 5.955668e-01 3.887244e-02 8.023647e-01 9.736801e+00
7.922109e-01 -1.027889e-01 -6.015283e-01 -4.474088e+00 5.760341e-02 9.939067e-01 -9.397484e-02 -5.425641e-01 6.075226e-01 3.979781e-02 7.933047e-01 1.016795e+01
7.830929e-01 -1.062706e-01 -6.127577e-01 -4.828929e+00 5.982572e-02 9.935951e-01 -9.586303e-02 -6.004943e-01 6.190205e-01 3.841099e-02 7.844350e-01 1.061100e+01
7.731092e-01 -1.105116e-01 -6.245714e-01 -5.198916e+00 6.321806e-02 9.932268e-01 -9.748863e-02 -6.607152e-01 6.311147e-01 3.588516e-02 7.748591e-01 1.106868e+01
7.636164e-01 -1.103026e-01 -6.361786e-01 -5.595244e+00 6.183075e-02 9.932639e-01 -9.799859e-02 -7.223646e-01 6.427028e-01 3.549793e-02 7.652928e-01 1.152951e+01
7.544615e-01 -1.111003e-01 -6.468729e-01 -6.012449e+00 5.938045e-02 9.930817e-01 -1.013049e-01 -7.870333e-01 6.536526e-01 3.801902e-02 7.558391e-01 1.199547e+01
7.445733e-01 -1.144382e-01 -6.576584e-01 -6.446927e+00 5.872607e-02 9.926054e-01 -1.062346e-01 -8.528233e-01 6.649525e-01 4.047778e-02 7.457880e-01 1.247283e+01
7.341858e-01 -1.186190e-01 -6.685063e-01 -6.898697e+00 6.132319e-02 9.921810e-01 -1.087033e-01 -9.286211e-01 6.761735e-01 3.881351e-02 7.357193e-01 1.296793e+01
7.247390e-01 -1.205721e-01 -6.783921e-01 -7.369215e+00 6.097512e-02 9.919305e-01 -1.111571e-01 -1.001474e+00 6.863203e-01 3.919485e-02 7.262426e-01 1.345401e+01
7.163879e-01 -1.211313e-01 -6.871067e-01 -7.862330e+00 6.039660e-02 9.918834e-01 -1.118906e-01 -1.090161e+00 6.950832e-01 3.865815e-02 7.178892e-01 1.395650e+01
7.097029e-01 -1.247825e-01 -6.933622e-01 -8.368091e+00 6.258668e-02 9.914648e-01 -1.143695e-01 -1.183502e+00 7.017155e-01 3.777313e-02 7.114552e-01 1.447096e+01
7.055027e-01 -1.282536e-01 -6.970057e-01 -8.880741e+00 6.173572e-02 9.908720e-01 -1.198386e-01 -1.272873e+00 7.060132e-01 4.151631e-02 7.069807e-01 1.498864e+01
7.046857e-01 -1.296804e-01 -6.975680e-01 -9.413460e+00 5.843248e-02 9.904227e-01 -1.250944e-01 -1.368899e+00 7.071094e-01 4.739161e-02 7.055142e-01 1.551817e+01
7.061299e-01 -1.280190e-01 -6.964135e-01 -9.964806e+00 5.316135e-02 9.903296e-01 -1.281454e-01 -1.469340e+00 7.060839e-01 5.346503e-02 7.061069e-01 1.605809e+01
7.082954e-01 -1.297818e-01 -6.938835e-01 -1.051155e+01 5.382148e-02 9.900217e-01 -1.302313e-01 -1.570779e+00 7.038614e-01 5.489638e-02 7.082129e-01 1.661374e+01
7.115498e-01 -1.300234e-01 -6.905004e-01 -1.106875e+01 5.365845e-02 9.899146e-01 -1.311098e-01 -1.679013e+00 7.005838e-01 5.623997e-02 7.113504e-01 1.718904e+01
7.151061e-01 -1.264023e-01 -6.874924e-01 -1.163138e+01 4.909318e-02 9.901678e-01 -1.309871e-01 -1.789925e+00 6.972899e-01 5.991851e-02 7.142805e-01 1.776748e+01
7.194239e-01 -1.224536e-01 -6.836917e-01 -1.220842e+01 4.479632e-02 9.904672e-01 -1.302616e-01 -1.903255e+00 6.931252e-01 6.308641e-02 7.180512e-01 1.836055e+01
7.239208e-01 -1.182752e-01 -6.796688e-01 -1.279373e+01 4.030136e-02 9.907619e-01 -1.294860e-01 -2.015181e+00 6.887049e-01 6.634603e-02 7.219998e-01 1.896731e+01
7.291192e-01 -1.156578e-01 -6.745431e-01 -1.337989e+01 3.834873e-02 9.909727e-01 -1.284617e-01 -2.131371e+00 6.833115e-01 6.779604e-02 7.269726e-01 1.958953e+01
7.337357e-01 -1.139752e-01 -6.698071e-01 -1.396760e+01 3.637976e-02 9.910058e-01 -1.287788e-01 -2.246418e+00 6.784603e-01 7.012218e-02 7.312828e-01 2.021929e+01
7.376693e-01 -1.132727e-01 -6.655924e-01 -1.455855e+01 3.685850e-02 9.911122e-01 -1.278208e-01 -2.364289e+00 6.741553e-01 6.975673e-02 7.352881e-01 2.086781e+01
7.405581e-01 -1.137040e-01 -6.623029e-01 -1.515156e+01 3.984572e-02 9.912769e-01 -1.256284e-01 -2.487079e+00 6.708100e-01 6.664519e-02 7.386287e-01 2.153176e+01
7.425858e-01 -1.128690e-01 -6.601719e-01 -1.575143e+01 3.886511e-02 9.912985e-01 -1.257645e-01 -2.612204e+00 6.686223e-01 6.773327e-02 7.405109e-01 2.220044e+01
7.448574e-01 -1.154926e-01 -6.571521e-01 -1.636004e+01 3.850952e-02 9.907048e-01 -1.304645e-01 -2.732995e+00 6.661115e-01 7.187080e-02 7.423814e-01 2.287426e+01
7.464842e-01 -1.129402e-01 -6.557483e-01 -1.696721e+01 3.277608e-02 9.905350e-01 -1.332896e-01 -2.858133e+00 6.645954e-01 7.800571e-02 7.431205e-01 2.354609e+01
7.487634e-01 -1.100671e-01 -6.536349e-01 -1.759373e+01 3.090960e-02 9.908419e-01 -1.314420e-01 -2.988574e+00 6.621162e-01 7.821537e-02 7.453083e-01 2.424228e+01
7.505051e-01 -1.108526e-01 -6.515012e-01 -1.822837e+01 3.392740e-02 9.909944e-01 -1.295341e-01 -3.121859e+00 6.599932e-01 7.511224e-02 7.475073e-01 2.496706e+01
7.520103e-01 -1.083362e-01 -6.501875e-01 -1.886892e+01 3.146247e-02 9.911762e-01 -1.287630e-01 -3.246924e+00 6.584001e-01 7.637462e-02 7.487832e-01 2.569245e+01
7.526763e-01 -1.133829e-01 -6.485543e-01 -1.950655e+01 3.636496e-02 9.907155e-01 -1.309977e-01 -3.375812e+00 6.573857e-01 7.501421e-02 7.498112e-01 2.643779e+01
7.530891e-01 -1.172678e-01 -6.473832e-01 -2.015506e+01 4.133329e-02 9.904761e-01 -1.313339e-01 -3.512764e+00 6.566189e-01 7.214763e-02 7.507639e-01 2.719856e+01
7.535885e-01 -1.183572e-01 -6.466034e-01 -2.081521e+01 4.183435e-02 9.902981e-01 -1.325125e-01 -3.649707e+00 6.560139e-01 7.280964e-02 7.512287e-01 2.796609e+01
7.539999e-01 -1.140923e-01 -6.468903e-01 -2.149297e+01 3.826973e-02 9.907576e-01 -1.301340e-01 -3.787837e+00 6.557588e-01 7.336473e-02 7.513974e-01 2.874473e+01
7.543523e-01 -1.111200e-01 -6.469969e-01 -2.217420e+01 3.737858e-02 9.912414e-01 -1.266622e-01 -3.920267e+00 6.554048e-01 7.136412e-02 7.518987e-01 2.952697e+01
7.545265e-01 -1.067904e-01 -6.475226e-01 -2.285001e+01 3.375416e-02 9.916807e-01 -1.242173e-01 -4.057675e+00 6.554010e-01 7.186869e-02 7.518540e-01 3.029457e+01
7.542086e-01 -1.053650e-01 -6.481263e-01 -2.352340e+01 3.252641e-02 9.918251e-01 -1.233895e-01 -4.197709e+00 6.558288e-01 7.198017e-02 7.514702e-01 3.105939e+01
7.526919e-01 -1.077145e-01 -6.495018e-01 -2.419291e+01 3.464678e-02 9.916391e-01 -1.243038e-01 -4.334145e+00 6.574607e-01 7.105933e-02 7.501307e-01 3.182681e+01
7.503350e-01 -1.084737e-01 -6.520973e-01 -2.486252e+01 3.593559e-02 9.916797e-01 -1.236126e-01 -4.475139e+00 6.600803e-01 6.931739e-02 7.479900e-01 3.259055e+01
7.470248e-01 -1.058011e-01 -6.563232e-01 -2.552562e+01 3.511476e-02 9.921562e-01 -1.199709e-01 -4.614860e+00 6.638682e-01 6.657458e-02 7.448805e-01 3.334161e+01
7.440655e-01 -1.053523e-01 -6.597480e-01 -2.618929e+01 3.493356e-02 9.922731e-01 -1.190537e-01 -4.757966e+00 6.671928e-01 6.553639e-02 7.419965e-01 3.408553e+01
7.431682e-01 -1.036282e-01 -6.610312e-01 -2.684741e+01 3.147908e-02 9.922550e-01 -1.201628e-01 -4.891486e+00 6.683637e-01 6.849255e-02 7.406745e-01 3.480357e+01
7.427497e-01 -1.014584e-01 -6.618377e-01 -2.750889e+01 2.804314e-02 9.922994e-01 -1.206460e-01 -5.025552e+00 6.689817e-01 7.104975e-02 7.398753e-01 3.552169e+01
7.425760e-01 -9.710871e-02 -6.626846e-01 -2.816324e+01 2.466172e-02 9.927266e-01 -1.178377e-01 -5.160818e+00 6.693077e-01 7.116047e-02 7.395698e-01 3.623664e+01
7.421092e-01 -9.727591e-02 -6.631827e-01 -2.881140e+01 2.628287e-02 9.928752e-01 -1.162245e-01 -5.288475e+00 6.697635e-01 6.882092e-02 7.393785e-01 3.694703e+01
7.425177e-01 -9.751259e-02 -6.626905e-01 -2.944782e+01 2.798363e-02 9.929988e-01 -1.147618e-01 -5.413962e+00 6.692416e-01 6.666818e-02 7.400480e-01 3.765316e+01
7.432724e-01 -9.760170e-02 -6.618308e-01 -3.007244e+01 2.910308e-02 9.930810e-01 -1.137676e-01 -5.532482e+00 6.683556e-01 6.529897e-02 7.409702e-01 3.834504e+01
7.437427e-01 -9.745476e-02 -6.613240e-01 -3.067431e+01 3.093029e-02 9.932732e-01 -1.115868e-01 -5.657805e+00 6.677501e-01 6.253692e-02 7.417540e-01 3.901504e+01
7.435658e-01 -1.004595e-01 -6.610732e-01 -3.124507e+01 3.429940e-02 9.930785e-01 -1.123330e-01 -5.772989e+00 6.677825e-01 6.085255e-02 7.418649e-01 3.965375e+01
7.431838e-01 -1.013237e-01 -6.613708e-01 -3.180495e+01 3.607701e-02 9.930975e-01 -1.116053e-01 -5.885241e+00 6.681140e-01 5.908297e-02 7.417094e-01 4.027638e+01
7.428558e-01 -9.940334e-02 -6.620304e-01 -3.234279e+01 3.475782e-02 9.933078e-01 -1.101431e-01 -5.995739e+00 6.685485e-01 5.880969e-02 7.413395e-01 4.086406e+01
7.419135e-01 -9.810139e-02 -6.632801e-01 -3.285342e+01 3.448938e-02 9.935126e-01 -1.083657e-01 -6.101202e+00 6.696080e-01 5.752188e-02 7.404839e-01 4.142499e+01
7.413469e-01 -1.002721e-01 -6.635889e-01 -3.334691e+01 3.737803e-02 9.934096e-01 -1.083520e-01 -6.199994e+00 6.700803e-01 5.552276e-02 7.402092e-01 4.196967e+01
7.407937e-01 -1.015564e-01 -6.640113e-01 -3.381159e+01 3.674103e-02 9.931514e-01 -1.109069e-01 -6.290565e+00 6.707271e-01 5.776264e-02 7.394516e-01 4.247831e+01
7.402666e-01 -1.012967e-01 -6.646386e-01 -3.425854e+01 3.536430e-02 9.930826e-01 -1.119661e-01 -6.386521e+00 6.713828e-01 5.938026e-02 7.387281e-01 4.296700e+01
7.395071e-01 -9.957844e-02 -6.657427e-01 -3.468843e+01 3.185741e-02 9.930670e-01 -1.131507e-01 -6.476713e+00 6.723945e-01 6.246695e-02 7.375524e-01 4.343142e+01
7.384343e-01 -1.019487e-01 -6.665743e-01 -3.510595e+01 3.268779e-02 9.927550e-01 -1.156244e-01 -6.563986e+00 6.735327e-01 6.359219e-02 7.364168e-01 4.389056e+01
7.372727e-01 -1.033793e-01 -6.676389e-01 -3.551434e+01 3.467783e-02 9.927113e-01 -1.154199e-01 -6.651405e+00 6.747047e-01 6.194364e-02 7.354839e-01 4.434057e+01
7.371866e-01 -1.013781e-01 -6.680408e-01 -3.592891e+01 3.360201e-02 9.929575e-01 -1.136056e-01 -6.730993e+00 6.748532e-01 6.130102e-02 7.354015e-01 4.478637e+01
7.371705e-01 -9.778096e-02 -6.685944e-01 -3.633364e+01 2.969994e-02 9.932068e-01 -1.125089e-01 -6.807303e+00 6.750537e-01 6.308100e-02 7.350669e-01 4.521316e+01
7.368904e-01 -9.556585e-02 -6.692233e-01 -3.673706e+01 2.696404e-02 9.933245e-01 -1.121574e-01 -6.883187e+00 6.754743e-01 6.460277e-02 7.345481e-01 4.563674e+01
7.368064e-01 -9.525640e-02 -6.693598e-01 -3.712241e+01 2.688316e-02 9.933699e-01 -1.117742e-01 -6.962503e+00 6.755691e-01 6.436144e-02 7.344821e-01 4.605330e+01
7.373733e-01 -9.357561e-02 -6.689725e-01 -3.750005e+01 2.573204e-02 9.935305e-01 -1.106116e-01 -7.037678e+00 6.749951e-01 6.434800e-02 7.350108e-01 4.646037e+01
7.384196e-01 -9.239409e-02 -6.679819e-01 -3.787561e+01 2.463836e-02 9.936043e-01 -1.101972e-01 -7.105607e+00 6.738913e-01 6.491377e-02 7.359733e-01 4.686279e+01
7.391950e-01 -8.890627e-02 -6.675975e-01 -3.824058e+01 2.372469e-02 9.940708e-01 -1.061148e-01 -7.179710e+00 6.730734e-01 6.260097e-02 7.369215e-01 4.725878e+01
7.395717e-01 -8.535837e-02 -6.676433e-01 -3.859963e+01 2.396516e-02 9.946365e-01 -1.006175e-01 -7.243688e+00 6.726510e-01 5.841367e-02 7.376507e-01 4.764923e+01
7.397500e-01 -8.381751e-02 -6.676410e-01 -3.895043e+01 2.590190e-02 9.950232e-01 -9.621853e-02 -7.305576e+00 6.723831e-01 5.388448e-02 7.382394e-01 4.804224e+01
7.402850e-01 -7.800329e-02 -6.677527e-01 -3.930660e+01 1.931303e-02 9.953037e-01 -9.485521e-02 -7.362521e+00 6.720158e-01 5.732355e-02 7.383149e-01 4.841653e+01
7.408421e-01 -7.327623e-02 -6.676702e-01 -3.966619e+01 1.370401e-02 9.954735e-01 -9.404648e-02 -7.425693e+00 6.715394e-01 6.052384e-02 7.384929e-01 4.879557e+01
7.408847e-01 -7.395641e-02 -6.675479e-01 -4.001927e+01 1.331626e-02 9.953410e-01 -9.549283e-02 -7.488649e+00 6.715002e-01 6.185994e-02 7.384178e-01 4.917894e+01
7.397894e-01 -8.052957e-02 -6.680020e-01 -4.036260e+01 1.820224e-02 9.948437e-01 -9.977292e-02 -7.546395e+00 6.725923e-01 6.165182e-02 7.374406e-01 4.956624e+01
7.392958e-01 -8.574879e-02 -6.678989e-01 -4.071233e+01 2.456852e-02 9.946335e-01 -1.005021e-01 -7.602862e+00 6.729325e-01 5.789147e-02 7.374350e-01 4.996376e+01
7.414236e-01 -8.226189e-02 -6.659760e-01 -4.107598e+01 2.147394e-02 9.948578e-01 -9.897894e-02 -7.651514e+00 6.706936e-01 5.908419e-02 7.393775e-01 5.035914e+01
7.443233e-01 -7.525847e-02 -6.635653e-01 -4.144124e+01 1.506524e-02 9.952692e-01 -9.598005e-02 -7.707115e+00 6.676495e-01 6.144342e-02 7.419359e-01 5.074928e+01
7.472310e-01 -7.031137e-02 -6.608345e-01 -4.181048e+01 1.399143e-02 9.958314e-01 -9.013367e-02 -7.766468e+00 6.644171e-01 5.810465e-02 7.450998e-01 5.115812e+01
7.513343e-01 -6.955968e-02 -6.562455e-01 -4.217215e+01 1.898118e-02 9.962957e-01 -8.387228e-02 -7.828977e+00 6.596487e-01 5.055981e-02 7.498715e-01 5.158193e+01
7.550367e-01 -7.081488e-02 -6.518473e-01 -4.253133e+01 2.330541e-02 9.964209e-01 -8.125368e-02 -7.882975e+00 6.552683e-01 4.615794e-02 7.539847e-01 5.201217e+01
7.576967e-01 -7.516977e-02 -6.482632e-01 -4.289343e+01 2.907309e-02 9.962460e-01 -8.153941e-02 -7.935752e+00 6.519589e-01 4.293513e-02 7.570378e-01 5.245101e+01
7.607769e-01 -7.876673e-02 -6.442160e-01 -4.326253e+01 3.365282e-02 9.960604e-01 -8.204411e-02 -7.988039e+00 6.481404e-01 4.073758e-02 7.604305e-01 5.289634e+01
7.643680e-01 -7.827628e-02 -6.400113e-01 -4.363833e+01 3.497732e-02 9.961759e-01 -8.006328e-02 -8.042697e+00 6.438309e-01 3.881193e-02 7.641829e-01 5.334967e+01
7.677384e-01 -7.858363e-02 -6.359263e-01 -4.401705e+01 3.557911e-02 9.961481e-01 -8.014370e-02 -8.089222e+00 6.397748e-01 3.890370e-02 7.675771e-01 5.380438e+01
7.708384e-01 -7.900187e-02 -6.321130e-01 -4.440134e+01 3.567504e-02 9.960766e-01 -8.098589e-02 -8.146052e+00 6.360310e-01 3.987638e-02 7.706325e-01 5.427121e+01
7.733754e-01 -8.176115e-02 -6.286538e-01 -4.478401e+01 3.876928e-02 9.958920e-01 -8.182893e-02 -8.202551e+00 6.327618e-01 3.891203e-02 7.733682e-01 5.474500e+01
7.750000e-01 -8.615681e-02 -6.260607e-01 -4.516590e+01 4.351459e-02 9.955871e-01 -8.314338e-02 -8.257849e+00 6.304613e-01 3.719335e-02 7.753291e-01 5.523157e+01
7.763133e-01 -8.768665e-02 -6.242185e-01 -4.555710e+01 4.567847e-02 9.954993e-01 -8.303375e-02 -8.311046e+00 6.286900e-01 3.594686e-02 7.768247e-01 5.572065e+01
7.778168e-01 -8.624486e-02 -6.225454e-01 -4.596370e+01 4.602940e-02 9.956969e-01 -8.042996e-02 -8.367381e+00 6.268032e-01 3.390439e-02 7.784396e-01 5.621927e+01
7.788161e-01 -8.362011e-02 -6.216535e-01 -4.637330e+01 4.643444e-02 9.960408e-01 -7.580614e-02 -8.428471e+00 6.255312e-01 3.017291e-02 7.796155e-01 5.672845e+01
7.790954e-01 -8.297885e-02 -6.213895e-01 -4.678270e+01 4.815933e-02 9.961943e-01 -7.264743e-02 -8.487386e+00 6.250528e-01 2.667358e-02 7.801266e-01 5.724047e+01
7.788685e-01 -8.296575e-02 -6.216757e-01 -4.720020e+01 4.945892e-02 9.962501e-01 -7.098983e-02 -8.543546e+00 6.252342e-01 2.454433e-02 7.800512e-01 5.776454e+01
7.779689e-01 -8.407762e-02 -6.226519e-01 -4.762784e+01 5.068394e-02 9.961744e-01 -7.118817e-02 -8.596008e+00 6.262552e-01 2.382374e-02 7.792541e-01 5.829742e+01
7.760622e-01 -8.467728e-02 -6.249458e-01 -4.805687e+01 5.117736e-02 9.961326e-01 -7.141898e-02 -8.653890e+00 6.285765e-01 2.344250e-02 7.773944e-01 5.882599e+01
7.734594e-01 -8.743018e-02 -6.277870e-01 -4.849661e+01 5.320452e-02 9.959011e-01 -7.314626e-02 -8.710870e+00 6.316090e-01 2.317456e-02 7.749407e-01 5.936040e+01
7.697540e-01 -8.871339e-02 -6.321461e-01 -4.893905e+01 5.496211e-02 9.958291e-01 -7.282505e-02 -8.768681e+00 6.359701e-01 2.131328e-02 7.714193e-01 5.989341e+01
7.656224e-01 -8.822065e-02 -6.372122e-01 -4.938872e+01 5.537987e-02 9.959133e-01 -7.134209e-02 -8.822051e+00 6.409020e-01 1.933237e-02 7.673792e-01 6.042562e+01
7.615761e-01 -8.325445e-02 -6.427057e-01 -4.984350e+01 5.305284e-02 9.963946e-01 -6.620528e-02 -8.876647e+00 6.459004e-01 1.632299e-02 7.632472e-01 6.095054e+01
7.568772e-01 -7.987341e-02 -6.486579e-01 -5.030521e+01 5.160799e-02 9.967089e-01 -6.251313e-02 -8.933874e+00 6.515163e-01 1.383883e-02 7.585084e-01 6.147259e+01
7.503405e-01 -8.241931e-02 -6.558935e-01 -5.076347e+01 5.489776e-02 9.965389e-01 -6.242177e-02 -8.986879e+00 6.587681e-01 1.083049e-02 7.522681e-01 6.199105e+01
7.424506e-01 -8.500032e-02 -6.644863e-01 -5.122455e+01 5.695210e-02 9.963353e-01 -6.381576e-02 -9.044543e+00 6.674755e-01 9.536164e-03 7.445707e-01 6.250275e+01
7.338721e-01 -8.745131e-02 -6.736349e-01 -5.169480e+01 5.657453e-02 9.961017e-01 -6.768048e-02 -9.101575e+00 6.769276e-01 1.155824e-02 7.359588e-01 6.299827e+01
7.241004e-01 -8.677452e-02 -6.842139e-01 -5.216924e+01 5.386012e-02 9.961385e-01 -6.933402e-02 -9.157854e+00 6.875883e-01 1.335295e-02 7.259780e-01 6.347972e+01
7.132205e-01 -8.677483e-02 -6.955477e-01 -5.265098e+01 5.366596e-02 9.961549e-01 -6.924831e-02 -9.214346e+00 6.988823e-01 1.206208e-02 7.151350e-01 6.395954e+01
7.014774e-01 -8.416712e-02 -7.077043e-01 -5.313460e+01 5.347487e-02 9.964187e-01 -6.549951e-02 -9.267876e+00 7.106827e-01 8.102032e-03 7.034660e-01 6.443361e+01
6.900426e-01 -7.969688e-02 -7.193675e-01 -5.363519e+01 5.142515e-02 9.968057e-01 -6.110474e-02 -9.320641e+00 7.219395e-01 5.171291e-03 6.919368e-01 6.489473e+01
6.781890e-01 -7.477389e-02 -7.310736e-01 -5.414186e+01 4.779024e-02 9.971918e-01 -5.765918e-02 -9.377429e+00 7.333320e-01 4.165637e-03 6.798580e-01 6.534861e+01
6.654994e-01 -7.263046e-02 -7.428562e-01 -5.464502e+01 4.486561e-02 9.973473e-01 -5.731897e-02 -9.434109e+00 7.450487e-01 4.817050e-03 6.669927e-01 6.577733e+01
6.515325e-01 -7.635121e-02 -7.547688e-01 -5.515715e+01 4.643476e-02 9.970706e-01 -6.077860e-02 -9.484259e+00 7.571983e-01 4.551730e-03 6.531693e-01 6.621328e+01
6.385022e-01 -7.880547e-02 -7.655747e-01 -5.567623e+01 4.462530e-02 9.968611e-01 -6.539500e-02 -9.544145e+00 7.683251e-01 7.590849e-03 6.400148e-01 6.663425e+01
6.270778e-01 -8.057864e-02 -7.747777e-01 -5.620208e+01 4.151643e-02 9.966788e-01 -7.005492e-02 -9.597520e+00 7.778494e-01 1.176388e-02 6.283406e-01 6.704026e+01
6.178423e-01 -7.789198e-02 -7.824345e-01 -5.674084e+01 3.585283e-02 9.968371e-01 -7.092507e-02 -9.652595e+00 7.854842e-01 1.576802e-02 6.186808e-01 6.744310e+01
6.110027e-01 -7.205989e-02 -7.883420e-01 -5.728671e+01 3.153972e-02 9.972736e-01 -6.671289e-02 -9.704837e+00 7.910000e-01 1.589768e-02 6.116096e-01 6.784554e+01
6.077609e-01 -6.182242e-02 -7.917100e-01 -5.784148e+01 2.606477e-02 9.979809e-01 -5.792076e-02 -9.759375e+00 7.936922e-01 1.456623e-02 6.081451e-01 6.825415e+01
6.081209e-01 -5.648868e-02 -7.918321e-01 -5.839078e+01 2.613026e-02 9.983489e-01 -5.115360e-02 -9.815253e+00 7.934143e-01 1.041680e-02 6.085929e-01 6.867104e+01
6.106286e-01 -5.498716e-02 -7.900058e-01 -5.893530e+01 2.490163e-02 9.984264e-01 -5.024645e-02 -9.872966e+00 7.915255e-01 1.100949e-02 6.110369e-01 6.908619e+01
6.159040e-01 -5.845422e-02 -7.856497e-01 -5.947392e+01 2.483471e-02 9.981885e-01 -5.479864e-02 -9.920512e+00 7.874297e-01 1.423932e-02 6.162400e-01 6.950632e+01
6.237920e-01 -6.213525e-02 -7.791167e-01 -6.001305e+01 2.545085e-02 9.979212e-01 -5.920813e-02 -9.963433e+00 7.811759e-01 1.710438e-02 6.240766e-01 6.993704e+01
6.338884e-01 -6.173190e-02 -7.709570e-01 -6.054367e+01 2.489582e-02 9.979216e-01 -5.943577e-02 -1.001303e+01 7.730237e-01 1.848203e-02 6.341078e-01 7.037255e+01
6.453197e-01 -6.012475e-02 -7.615428e-01 -6.107230e+01 2.581295e-02 9.980448e-01 -5.692338e-02 -1.006312e+01 7.634764e-01 1.707611e-02 6.456100e-01 7.082761e+01
6.570914e-01 -5.919885e-02 -7.514828e-01 -6.160205e+01 2.939011e-02 9.981655e-01 -5.293303e-02 -1.011166e+01 7.532377e-01 1.269567e-02 6.576258e-01 7.129721e+01
6.685754e-01 -6.025921e-02 -7.411989e-01 -6.212976e+01 3.412486e-02 9.981476e-01 -5.036778e-02 -1.015335e+01 7.428610e-01 8.381347e-03 6.693933e-01 7.178492e+01
6.800608e-01 -5.819385e-02 -7.308425e-01 -6.264760e+01 3.593452e-02 9.982925e-01 -4.605209e-02 -1.020073e+01 7.322745e-01 5.055747e-03 6.809908e-01 7.227799e+01
6.918980e-01 -5.413745e-02 -7.199627e-01 -6.317116e+01 3.713495e-02 9.985334e-01 -3.939712e-02 -1.024286e+01 7.210396e-01 5.230047e-04 6.928936e-01 7.278329e+01
7.027605e-01 -4.628607e-02 -7.099192e-01 -6.369498e+01 3.502018e-02 9.989223e-01 -3.046176e-02 -1.027750e+01 7.105641e-01 -3.454179e-03 7.036240e-01 7.330649e+01
7.123508e-01 -4.523334e-02 -7.003644e-01 -6.421108e+01 4.021528e-02 9.989120e-01 -2.361162e-02 -1.030992e+01 7.006705e-01 -1.134560e-02 7.133948e-01 7.384038e+01
7.193153e-01 -4.458538e-02 -6.932515e-01 -6.472216e+01 4.322887e-02 9.988771e-01 -1.938709e-02 -1.034310e+01 6.933374e-01 -1.602305e-02 7.204349e-01 7.438409e+01
7.243864e-01 -4.925802e-02 -6.876321e-01 -6.523689e+01 4.910473e-02 9.985973e-01 -1.980438e-02 -1.036844e+01 6.876431e-01 -1.941997e-02 7.257891e-01 7.494078e+01
7.283460e-01 -4.991199e-02 -6.833893e-01 -6.575642e+01 4.937862e-02 9.985737e-01 -2.030480e-02 -1.039096e+01 6.834280e-01 -1.895590e-02 7.297717e-01 7.549757e+01
7.315012e-01 -4.579729e-02 -6.803004e-01 -6.629134e+01 4.861123e-02 9.987057e-01 -1.496228e-02 -1.041004e+01 6.801051e-01 -2.212531e-02 7.327807e-01 7.607119e+01
7.337145e-01 -3.837366e-02 -6.783734e-01 -6.683178e+01 4.690272e-02 9.988828e-01 -5.774965e-03 -1.043058e+01 6.778371e-01 -2.758038e-02 7.346946e-01 7.665215e+01
7.361779e-01 -3.667516e-02 -6.757936e-01 -6.737383e+01 5.103606e-02 9.986958e-01 1.397306e-03 -1.044853e+01 6.748610e-01 -3.551851e-02 7.370896e-01 7.724535e+01
7.382952e-01 -3.853956e-02 -6.733758e-01 -6.791211e+01 5.335841e-02 9.985745e-01 1.350860e-03 -1.046347e+01 6.723638e-01 -3.692760e-02 7.392991e-01 7.783614e+01
7.409514e-01 -4.145826e-02 -6.702778e-01 -6.845022e+01 5.584458e-02 9.984395e-01 -2.304761e-05 -1.047382e+01 6.692328e-01 -3.741430e-02 7.421103e-01 7.843377e+01
7.436361e-01 -3.934262e-02 -6.674261e-01 -6.900223e+01 5.542303e-02 9.984588e-01 2.895565e-03 -1.048063e+01 6.662835e-01 -3.914402e-02 7.446704e-01 7.904138e+01
7.465711e-01 -3.450097e-02 -6.644104e-01 -6.956503e+01 5.593702e-02 9.983736e-01 1.101142e-02 -1.048652e+01 6.629499e-01 -4.538595e-02 7.472868e-01 7.966935e+01
7.497908e-01 -2.747988e-02 -6.611041e-01 -7.012374e+01 5.587821e-02 9.981978e-01 2.188249e-02 -1.049175e+01 6.593113e-01 -5.334860e-02 7.499750e-01 8.030489e+01
7.535795e-01 -2.342463e-02 -6.569393e-01 -7.068180e+01 5.399837e-02 9.981933e-01 2.634909e-02 -1.048980e+01 6.551352e-01 -5.532978e-02 7.534829e-01 8.094060e+01
7.576270e-01 -2.421956e-02 -6.522383e-01 -7.124182e+01 5.568536e-02 9.980662e-01 2.762182e-02 -1.048172e+01 6.503080e-01 -5.724716e-02 7.575106e-01 8.159261e+01
7.616596e-01 -2.221196e-02 -6.475965e-01 -7.180582e+01 5.465560e-02 9.980530e-01 3.004996e-02 -1.047176e+01 6.456682e-01 -5.828262e-02 7.613907e-01 8.224941e+01
7.661679e-01 -1.908712e-02 -6.423569e-01 -7.237100e+01 5.386779e-02 9.979485e-01 3.459729e-02 -1.045527e+01 6.403788e-01 -6.110968e-02 7.656243e-01 8.291334e+01
7.695815e-01 -1.732621e-02 -6.383135e-01 -7.292527e+01 5.657914e-02 9.975503e-01 4.113731e-02 -1.044077e+01 6.360370e-01 -6.777374e-02 7.686766e-01 8.358565e+01
7.730258e-01 -1.930759e-02 -6.340807e-01 -7.347815e+01 6.031890e-02 9.972452e-01 4.317063e-02 -1.042254e+01 6.315004e-01 -7.161906e-02 7.720609e-01 8.426636e+01
7.763722e-01 -2.363746e-02 -6.298313e-01 -7.402853e+01 6.440514e-02 9.970408e-01 4.197130e-02 -1.039846e+01 6.269755e-01 -7.314973e-02 7.755971e-01 8.494778e+01
7.790627e-01 -2.503411e-02 -6.264460e-01 -7.458005e+01 6.583928e-02 9.969443e-01 4.203925e-02 -1.037646e+01 6.234793e-01 -7.399596e-02 7.783304e-01 8.563326e+01
7.810010e-01 -2.431384e-02 -6.240563e-01 -7.513842e+01 6.660788e-02 9.967854e-01 4.452344e-02 -1.035432e+01 6.209677e-01 -7.633992e-02 7.801098e-01 8.632740e+01
7.825540e-01 -2.025464e-02 -6.222532e-01 -7.569955e+01 6.626516e-02 9.965030e-01 5.089931e-02 -1.033185e+01 6.190462e-01 -8.106516e-02 7.811595e-01 8.702586e+01
7.835962e-01 -1.725987e-02 -6.210307e-01 -7.626039e+01 6.619507e-02 9.962433e-01 5.583487e-02 -1.030325e+01 6.177339e-01 -8.486116e-02 7.817950e-01 8.772676e+01
7.842078e-01 -2.016410e-02 -6.201705e-01 -7.682161e+01 7.039127e-02 9.959107e-01 5.662917e-02 -1.027074e+01 6.164926e-01 -8.806363e-02 7.824204e-01 8.843295e+01
7.842282e-01 -2.159536e-02 -6.200966e-01 -7.738496e+01 7.151013e-02 9.958803e-01 5.575561e-02 -1.023842e+01 6.163379e-01 -8.806831e-02 7.825417e-01 8.913596e+01
7.836757e-01 -2.248016e-02 -6.207632e-01 -7.795619e+01 7.131847e-02 9.959926e-01 5.396660e-02 -1.019951e+01 6.170624e-01 -8.656420e-02 7.821385e-01 8.985312e+01
7.826277e-01 -2.334408e-02 -6.220522e-01 -7.852203e+01 7.484794e-02 9.955756e-01 5.680756e-02 -1.016360e+01 6.179739e-01 -9.101850e-02 7.809122e-01 9.057115e+01
7.810689e-01 -2.305420e-02 -6.240191e-01 -7.909711e+01 7.897927e-02 9.949402e-01 6.209858e-02 -1.012368e+01 6.194301e-01 -9.778784e-02 7.789377e-01 9.129147e+01
7.786684e-01 -2.247433e-02 -6.270331e-01 -7.967912e+01 8.259494e-02 9.943332e-01 6.692964e-02 -1.008657e+01 6.219756e-01 -1.039058e-01 7.761121e-01 9.201754e+01
7.758525e-01 -2.297665e-02 -6.304958e-01 -8.026568e+01 8.523948e-02 9.939914e-01 6.866767e-02 -1.004578e+01 6.251297e-01 -1.070191e-01 7.731493e-01 9.273841e+01
7.724514e-01 -2.472027e-02 -6.345926e-01 -8.086478e+01 8.800901e-02 9.937674e-01 6.841630e-02 -1.000230e+01 6.289461e-01 -1.086981e-01 7.698126e-01 9.346370e+01
7.678975e-01 -2.654098e-02 -6.400227e-01 -8.147465e+01 9.147938e-02 9.934440e-01 6.855977e-02 -9.953379e+00 6.340071e-01 -1.111958e-01 7.652911e-01 9.419387e+01
7.629137e-01 -2.297394e-02 -6.460920e-01 -8.209834e+01 9.076008e-02 9.932774e-01 7.185139e-02 -9.906333e+00 6.400979e-01 -1.134558e-01 7.598700e-01 9.492028e+01
7.578799e-01 -2.340139e-02 -6.519743e-01 -8.272733e+01 9.282498e-02 9.930569e-01 7.225939e-02 -9.855577e+00 6.457566e-01 -1.152834e-01 7.547901e-01 9.564191e+01
7.530075e-01 -2.439025e-02 -6.575597e-01 -8.337030e+01 9.551358e-02 9.927805e-01 7.255352e-02 -9.801771e+00 6.510429e-01 -1.174392e-01 7.499008e-01 9.637238e+01
7.485114e-01 -2.224296e-02 -6.627488e-01 -8.402981e+01 9.467198e-02 9.927838e-01 7.360347e-02 -9.745944e+00 6.563291e-01 -1.178368e-01 7.452158e-01 9.709991e+01
7.442765e-01 -2.094749e-02 -6.675430e-01 -8.469596e+01 9.615903e-02 9.924550e-01 7.606921e-02 -9.695277e+00 6.609129e-01 -1.208068e-01 7.406752e-01 9.783087e+01
7.397090e-01 -2.417814e-02 -6.724924e-01 -8.536041e+01 1.014212e-01 9.919444e-01 7.589493e-02 -9.642378e+00 6.652401e-01 -1.243451e-01 7.362024e-01 9.856310e+01
7.354389e-01 -2.755737e-02 -6.770304e-01 -8.603294e+01 1.036224e-01 9.919938e-01 7.218459e-02 -9.584499e+00 6.696208e-01 -1.232428e-01 7.324064e-01 9.929110e+01
7.319550e-01 -3.066899e-02 -6.806624e-01 -8.672103e+01 1.062167e-01 9.919092e-01 6.952784e-02 -9.532991e+00 6.730230e-01 -1.231890e-01 7.292904e-01 1.000292e+02
7.292277e-01 -3.236500e-02 -6.835053e-01 -8.741893e+01 1.074008e-01 9.919138e-01 6.761664e-02 -9.475604e+00 6.757899e-01 -1.227169e-01 7.268071e-01 1.007646e+02
7.268508e-01 -3.427058e-02 -6.859398e-01 -8.811805e+01 1.119319e-01 9.913118e-01 6.908034e-02 -9.425552e+00 6.776128e-01 -1.269897e-01 7.243718e-01 1.015095e+02
7.244388e-01 -3.568300e-02 -6.884149e-01 -8.882841e+01 1.181949e-01 9.902998e-01 7.304915e-02 -9.370986e+00 6.791306e-01 -1.342868e-01 7.216292e-01 1.022653e+02
7.221615e-01 -3.692456e-02 -6.907383e-01 -8.954662e+01 1.210005e-01 9.899211e-01 7.358724e-02 -9.319763e+00 6.810592e-01 -1.367216e-01 7.193508e-01 1.030213e+02
7.204402e-01 -3.953892e-02 -6.923890e-01 -9.026306e+01 1.191091e-01 9.905931e-01 6.736676e-02 -9.269850e+00 6.832122e-01 -1.310036e-01 7.183726e-01 1.037606e+02
7.204317e-01 -4.129540e-02 -6.922954e-01 -9.099851e+01 1.158534e-01 9.913651e-01 6.142699e-02 -9.212997e+00 6.837808e-01 -1.244587e-01 7.189950e-01 1.045051e+02
7.211824e-01 -3.816089e-02 -6.916933e-01 -9.173497e+01 1.122069e-01 9.917314e-01 6.227657e-02 -9.169107e+00 6.835975e-01 -1.225255e-01 7.195012e-01 1.052586e+02
7.217589e-01 -3.173126e-02 -6.914169e-01 -9.246882e+01 1.067393e-01 9.921012e-01 6.589278e-02 -9.120384e+00 6.838647e-01 -1.213600e-01 7.194448e-01 1.060057e+02
7.227985e-01 -2.963178e-02 -6.904232e-01 -9.321514e+01 1.062033e-01 9.919746e-01 6.860955e-02 -9.074876e+00 6.828493e-01 -1.229161e-01 7.201448e-01 1.067742e+02
7.239123e-01 -3.319843e-02 -6.890927e-01 -9.395442e+01 1.096607e-01 9.916795e-01 6.742568e-02 -9.020512e+00 6.811207e-01 -1.243767e-01 7.215296e-01 1.075539e+02
7.249504e-01 -3.904523e-02 -6.876935e-01 -9.469854e+01 1.095809e-01 9.922144e-01 5.918257e-02 -8.978578e+00 6.800286e-01 -1.182625e-01 7.235849e-01 1.083362e+02
7.263878e-01 -4.293574e-02 -6.859426e-01 -9.545012e+01 1.056344e-01 9.931624e-01 4.969716e-02 -8.937774e+00 6.791186e-01 -1.085586e-01 7.259566e-01 1.091111e+02
7.273303e-01 -4.685740e-02 -6.846861e-01 -9.620134e+01 1.051180e-01 9.935003e-01 4.367350e-02 -8.901372e+00 6.781894e-01 -1.037379e-01 7.275284e-01 1.099054e+02
7.288500e-01 -4.697809e-02 -6.830598e-01 -9.696427e+01 1.047621e-01 9.935476e-01 4.345285e-02 -8.877695e+00 6.766110e-01 -1.032294e-01 7.290687e-01 1.107119e+02
7.302042e-01 -4.946178e-02 -6.814362e-01 -9.772023e+01 1.086948e-01 9.930835e-01 4.439114e-02 -8.848882e+00 6.745274e-01 -1.064832e-01 7.305300e-01 1.115183e+02
7.307358e-01 -5.202459e-02 -6.806752e-01 -9.846875e+01 1.130906e-01 9.925402e-01 4.554722e-02 -8.820711e+00 6.732278e-01 -1.102610e-01 7.311681e-01 1.123300e+02
7.312443e-01 -5.838950e-02 -6.796120e-01 -9.922019e+01 1.172336e-01 9.922622e-01 4.088908e-02 -8.794420e+00 6.719658e-01 -1.095733e-01 7.324313e-01 1.131431e+02
7.317896e-01 -6.273408e-02 -6.786372e-01 -9.996837e+01 1.185529e-01 9.922909e-01 3.610961e-02 -8.773412e+00 6.711402e-01 -1.068790e-01 7.335855e-01 1.139501e+02
7.326344e-01 -6.044314e-02 -6.779333e-01 -1.007200e+02 1.157753e-01 9.926002e-01 3.661881e-02 -8.755465e+00 6.707033e-01 -1.053161e-01 7.342108e-01 1.147603e+02
7.336833e-01 -5.620057e-02 -6.771634e-01 -1.014879e+02 1.131763e-01 9.927602e-01 4.022936e-02 -8.735815e+00 6.700000e-01 -1.061544e-01 7.347321e-01 1.155784e+02
7.345272e-01 -5.395293e-02 -6.764310e-01 -1.022518e+02 1.104064e-01 9.930536e-01 4.068167e-02 -8.712750e+00 6.695374e-01 -1.045641e-01 7.353816e-01 1.163875e+02
7.356308e-01 -4.894071e-02 -6.756124e-01 -1.030274e+02 1.060287e-01 9.934117e-01 4.348605e-02 -8.690344e+00 6.690331e-01 -1.036240e-01 7.359734e-01 1.172092e+02
7.360788e-01 -4.735302e-02 -6.752375e-01 -1.037935e+02 1.056857e-01 9.933560e-01 4.554639e-02 -8.666154e+00 6.685944e-01 -1.048887e-01 7.361928e-01 1.180388e+02
7.363749e-01 -5.013068e-02 -6.747139e-01 -1.045683e+02 1.059520e-01 9.934915e-01 4.181922e-02 -8.639407e+00 6.682261e-01 -1.022819e-01 7.368937e-01 1.188737e+02
7.361093e-01 -5.600973e-02 -6.745413e-01 -1.053288e+02 1.070640e-01 9.936593e-01 3.432887e-02 -8.616323e+00 6.683415e-01 -9.748892e-02 7.374385e-01 1.197089e+02
7.360309e-01 -6.103518e-02 -6.741908e-01 -1.061081e+02 1.087233e-01 9.936565e-01 2.873922e-02 -8.590026e+00 6.681599e-01 -9.445320e-02 7.379979e-01 1.205520e+02
7.358602e-01 -6.174934e-02 -6.743121e-01 -1.068815e+02 1.104578e-01 9.934409e-01 2.956672e-02 -8.574740e+00 6.680635e-01 -9.624002e-02 7.378543e-01 1.213934e+02
7.364314e-01 -5.998581e-02 -6.738476e-01 -1.076597e+02 1.068738e-01 9.938690e-01 2.832567e-02 -8.556639e+00 6.680171e-01 -9.287657e-02 7.383273e-01 1.222298e+02
7.371874e-01 -6.296578e-02 -6.727481e-01 -1.084341e+02 1.046908e-01 9.942689e-01 2.166019e-02 -8.553031e+00 6.675287e-01 -8.639819e-02 7.395544e-01 1.230596e+02
7.376509e-01 -6.802265e-02 -6.717470e-01 -1.092020e+02 1.019917e-01 9.947214e-01 1.127010e-02 -8.557221e+00 6.674345e-01 -7.682599e-02 7.406949e-01 1.238879e+02
7.384509e-01 -7.289478e-02 -6.703555e-01 -1.099688e+02 1.028816e-01 9.946802e-01 5.170456e-03 -8.558477e+00 6.664125e-01 -7.278540e-02 7.420220e-01 1.247206e+02
7.389621e-01 -7.351306e-02 -6.697244e-01 -1.107345e+02 1.050862e-01 9.944399e-01 6.794467e-03 -8.573536e+00 6.655012e-01 -7.539967e-02 7.425786e-01 1.255633e+02
7.390022e-01 -7.595457e-02 -6.694077e-01 -1.115006e+02 1.112129e-01 9.937461e-01 1.001929e-02 -8.584149e+00 6.644603e-01 -8.185101e-02 7.428277e-01 1.264220e+02
7.392519e-01 -7.712401e-02 -6.689982e-01 -1.122641e+02 1.143146e-01 9.933745e-01 1.180010e-02 -8.597902e+00 6.636557e-01 -8.519950e-02 7.431704e-01 1.272740e+02
7.392740e-01 -8.112439e-02 -6.685004e-01 -1.130181e+02 1.178276e-01 9.929857e-01 9.800377e-03 -8.606138e+00 6.630163e-01 -8.601299e-02 7.436472e-01 1.281140e+02
7.404799e-01 -8.054270e-02 -6.672349e-01 -1.137794e+02 1.140058e-01 9.934582e-01 6.599153e-03 -8.618977e+00 6.623385e-01 -8.095518e-02 7.448181e-01 1.289514e+02
7.417253e-01 -8.007756e-02 -6.659062e-01 -1.145379e+02 1.105875e-01 9.938596e-01 3.663718e-03 -8.631903e+00 6.615239e-01 -7.635838e-02 7.460265e-01 1.297862e+02
7.425756e-01 -7.684380e-02 -6.653394e-01 -1.152989e+02 1.078681e-01 9.941496e-01 5.570109e-03 -8.651243e+00 6.610189e-01 -7.590515e-02 7.465202e-01 1.306320e+02
7.435703e-01 -7.165305e-02 -6.648076e-01 -1.160554e+02 1.059002e-01 9.943128e-01 1.127952e-02 -8.664113e+00 6.602185e-01 -7.879039e-02 7.469295e-01 1.314715e+02
7.451085e-01 -7.034320e-02 -6.632233e-01 -1.168158e+02 1.071752e-01 9.941275e-01 1.496787e-02 -8.677620e+00 6.582756e-01 -8.223376e-02 7.482719e-01 1.323257e+02
7.474899e-01 -7.130196e-02 -6.604354e-01 -1.175670e+02 1.062416e-01 9.942566e-01 1.290375e-02 -8.686473e+00 6.557222e-01 -7.981116e-02 7.507720e-01 1.331699e+02
7.488806e-01 -7.640338e-02 -6.582860e-01 -1.183093e+02 1.093810e-01 9.939585e-01 9.071366e-03 -8.694490e+00 6.536158e-01 -7.879738e-02 7.527133e-01 1.340158e+02
7.498525e-01 -8.024222e-02 -6.567210e-01 -1.190470e+02 1.123693e-01 9.936426e-01 6.895289e-03 -8.705850e+00 6.519926e-01 -7.896570e-02 7.541021e-01 1.348785e+02
7.512847e-01 -8.087906e-02 -6.550037e-01 -1.197797e+02 1.131486e-01 9.935527e-01 7.097972e-03 -8.724137e+00 6.502066e-01 -7.944534e-02 7.555924e-01 1.357241e+02
7.524848e-01 -8.049879e-02 -6.536716e-01 -1.205123e+02 1.131560e-01 9.935458e-01 7.907597e-03 -8.739908e+00 6.488161e-01 -7.991724e-02 7.567370e-01 1.365738e+02
7.551222e-01 -7.780589e-02 -6.509506e-01 -1.212546e+02 1.101893e-01 9.938696e-01 9.029117e-03 -8.750412e+00 6.462575e-01 -7.854590e-02 7.590664e-01 1.374286e+02
7.575730e-01 -7.496190e-02 -6.484319e-01 -1.219959e+02 1.092802e-01 9.939289e-01 1.277066e-02 -8.760418e+00 6.435379e-01 -8.053544e-02 7.611656e-01 1.382937e+02
7.596519e-01 -7.135844e-02 -6.464031e-01 -1.227325e+02 1.066278e-01 9.941773e-01 1.555856e-02 -8.766133e+00 6.415291e-01 -8.074367e-02 7.628374e-01 1.391479e+02
7.607230e-01 -7.501088e-02 -6.447278e-01 -1.234560e+02 1.099870e-01 9.938323e-01 1.414764e-02 -8.771497e+00 6.396901e-01 -8.167408e-02 7.642813e-01 1.400161e+02
7.622219e-01 -7.680380e-02 -6.427433e-01 -1.241787e+02 1.085586e-01 9.940402e-01 9.956790e-03 -8.780193e+00 6.381480e-01 -7.736459e-02 7.660169e-01 1.408670e+02
7.634247e-01 -8.072018e-02 -6.408331e-01 -1.248986e+02 1.104815e-01 9.938574e-01 6.429069e-03 -8.794590e+00 6.363777e-01 -7.570832e-02 7.676533e-01 1.417242e+02
7.635548e-01 -8.101190e-02 -6.406412e-01 -1.256051e+02 1.105334e-01 9.938539e-01 6.063214e-03 -8.801121e+00 6.362126e-01 -7.544187e-02 7.678165e-01 1.425675e+02
7.640417e-01 -7.930280e-02 -6.402744e-01 -1.263098e+02 1.096883e-01 9.939355e-01 7.785082e-03 -8.816722e+00 6.357741e-01 -7.617876e-02 7.681068e-01 1.434043e+02
7.638454e-01 -7.951843e-02 -6.404819e-01 -1.270127e+02 1.097616e-01 9.939296e-01 7.502438e-03 -8.834173e+00 6.359973e-01 -7.603102e-02 7.679366e-01 1.442376e+02
7.633877e-01 -7.633186e-02 -6.414146e-01 -1.277095e+02 1.072353e-01 9.941900e-01 9.313409e-03 -8.848441e+00 6.369771e-01 -7.589205e-02 7.671379e-01 1.450578e+02
7.627297e-01 -7.568165e-02 -6.422738e-01 -1.283981e+02 1.074348e-01 9.941573e-01 1.043828e-02 -8.862441e+00 6.377312e-01 -7.696413e-02 7.664042e-01 1.458756e+02
7.616297e-01 -7.464330e-02 -6.436992e-01 -1.290745e+02 1.077331e-01 9.941051e-01 1.219434e-02 -8.877408e+00 6.389944e-01 -7.863531e-02 7.651815e-01 1.466715e+02
7.600891e-01 -7.570869e-02 -6.453935e-01 -1.297479e+02 1.069687e-01 9.942184e-01 9.350514e-03 -8.893705e+00 6.409542e-01 -7.614412e-02 7.637930e-01 1.474596e+02
