1.000000e+00 0.000000e+00 0.000000e+00 0.000000e+00 0.000000e+00 1.000000e+00 0.000000e+00 0.000000e+00 0.000000e+00 0.000000e+00 1.000000e+00 0.000000e+00
9.999762e-01 -4.310548e-04 -6.881830e-03 1.414040e-02 4.377618e-04 9.999994e-01 9.731190e-04 -5.098631e-02 6.881406e-03 -9.761084e-04 9.999758e-01 2.528374e+00
9.999166e-01 8.587826e-06 -1.291368e-02 5.978035e-04 3.762877e-05 9.999936e-01 3.578640e-03 -8.022462e-02 1.291362e-02 -3.578828e-03 9.999102e-01 5.035376e+00
9.998273e-01 1.257209e-03 -1.853975e-02 -6.184097e-02 -1.158586e-03 9.999851e-01 5.329323e-03 -1.097754e-01 1.854618e-02 -5.306923e-03 9.998139e-01 7.440157e+00
9.997097e-01 1.100042e-03 -2.407070e-02 -1.255424e-01 -9.690808e-04 9.999847e-01 5.451687e-03 -1.543432e-01 2.407633e-02 -5.426777e-03 9.996954e-01 9.927721e+00
9.995689e-01 2.781474e-04 -2.935805e-02 -2.064265e-01 -1.588618e-04 9.999917e-01 4.065384e-03 -1.699888e-01 2.935894e-02 -4.058967e-03 9.995607e-01 1.234768e+01
9.993970e-01 -1.477861e-03 -3.469123e-02 -2.793391e-01 1.579109e-03 9.999946e-01 2.891329e-03 -1.993451e-01 3.468677e-02 -2.944367e-03 9.993939e-01 1.488789e+01
9.991960e-01 -1.390352e-03 -4.006766e-02 -3.705194e-01 1.493561e-03 9.999956e-01 2.546047e-03 -2.354313e-01 4.006394e-02 -2.603844e-03 9.991937e-01 1.733349e+01
9.989804e-01 -7.146856e-04 -4.513962e-02 -4.839673e-01 8.202789e-04 9.999970e-01 2.320779e-03 -2.756529e-01 4.513782e-02 -2.355440e-03 9.989780e-01 1.982032e+01
9.987162e-01 4.978445e-04 -5.065187e-02 -6.025599e-01 -4.010898e-04 9.999981e-01 1.920338e-03 -3.245625e-01 5.065273e-02 -1.897557e-03 9.987145e-01 2.229590e+01
9.984206e-01 1.072093e-03 -5.617054e-02 -7.357026e-01 -1.049920e-03 9.999994e-01 4.242421e-04 -3.838020e-01 5.617096e-02 -3.645974e-04 9.984211e-01 2.482992e+01
9.981042e-01 2.718669e-03 -6.148703e-02 -8.985706e-01 -2.709516e-03 9.999963e-01 2.322383e-04 -4.340619e-01 6.148744e-02 -6.519797e-05 9.981079e-01 2.729880e+01
9.977495e-01 3.104072e-03 -6.698051e-02 -1.066814e+00 -3.003911e-03 9.999942e-01 1.596038e-03 -4.920546e-01 6.698508e-02 -1.391242e-03 9.977530e-01 2.979041e+01
9.973653e-01 3.208840e-03 -7.247152e-02 -1.270795e+00 -2.991675e-03 9.999907e-01 3.104899e-03 -5.219011e-01 7.248081e-02 -2.879908e-03 9.973656e-01 3.226770e+01
9.969641e-01 2.957287e-03 -7.780678e-02 -1.497315e+00 -2.615392e-03 9.999865e-01 4.495689e-03 -5.490679e-01 7.781903e-02 -4.278545e-03 9.969583e-01 3.472399e+01
9.965233e-01 6.665787e-04 -8.331192e-02 -1.685637e+00 -2.572332e-04 9.999878e-01 4.924046e-03 -5.820236e-01 8.331419e-02 -4.885496e-03 9.965114e-01 3.716171e+01
9.960515e-01 -1.659190e-03 -8.876166e-02 -1.900719e+00 2.194426e-03 9.999800e-01 5.932788e-03 -6.226480e-01 8.875004e-02 -6.104143e-03 9.960352e-01 3.964378e+01
9.955150e-01 -3.392909e-03 -9.454286e-02 -2.139553e+00 4.062379e-03 9.999680e-01 6.889561e-03 -6.401461e-01 9.451646e-02 -7.242730e-03 9.954970e-01 4.212750e+01
9.949465e-01 -4.892616e-03 -1.002876e-01 -2.380328e+00 5.581818e-03 9.999627e-01 6.592799e-03 -6.913192e-01 1.002516e-01 -7.119270e-03 9.949366e-01 4.458427e+01
9.943539e-01 -5.613771e-03 -1.059664e-01 -2.606299e+00 6.196729e-03 9.999674e-01 5.172898e-03 -7.308800e-01 1.059339e-01 -5.800337e-03 9.943563e-01 4.698137e+01
9.938148e-01 -5.536765e-03 -1.109123e-01 -2.883505e+00 5.976045e-03 9.999756e-01 3.628553e-03 -7.737734e-01 1.108895e-01 -4.268927e-03 9.938236e-01 4.935202e+01
9.932842e-01 -3.926799e-03 -1.156334e-01 -3.173250e+00 4.309069e-03 9.999860e-01 3.056087e-03 -8.189209e-01 1.156198e-01 -3.533835e-03 9.932873e-01 5.169407e+01
9.928296e-01 -3.225313e-03 -1.194943e-01 -3.512310e+00 3.736099e-03 9.999848e-01 4.050790e-03 -8.671355e-01 1.194795e-01 -4.468187e-03 9.928266e-01 5.415198e+01
9.923468e-01 -3.109055e-03 -1.234426e-01 -3.835507e+00 3.804207e-03 9.999782e-01 5.396075e-03 -9.029307e-01 1.234231e-01 -5.824379e-03 9.923370e-01 5.649220e+01
9.918553e-01 -3.895757e-03 -1.273104e-01 -4.157286e+00 4.795356e-03 9.999656e-01 6.760453e-03 -9.655575e-01 1.272797e-01 -7.315889e-03 9.918399e-01 5.879438e+01
9.912859e-01 -4.952963e-03 -1.316349e-01 -4.409996e+00 5.747065e-03 9.999675e-01 5.653388e-03 -9.969739e-01 1.316026e-01 -6.360638e-03 9.912822e-01 6.137447e+01
9.907028e-01 -5.828069e-03 -1.359192e-01 -4.737911e+00 6.629898e-03 9.999632e-01 5.447382e-03 -1.044769e+00 1.358825e-01 -6.297867e-03 9.907049e-01 6.379559e+01
9.901256e-01 -8.014640e-03 -1.399536e-01 -5.129311e+00 9.005467e-03 9.999387e-01 6.447818e-03 -1.115544e+00 1.398934e-01 -7.644497e-03 9.901371e-01 6.664641e+01
9.895262e-01 -1.039382e-02 -1.439784e-01 -5.458059e+00 1.159463e-02 9.999046e-01 7.503670e-03 -1.141832e+00 1.438867e-01 -9.094455e-03 9.895524e-01 6.900927e+01
9.889093e-01 -1.229903e-02 -1.480106e-01 -5.822013e+00 1.354923e-02 9.998805e-01 7.441396e-03 -1.187167e+00 1.479014e-01 -9.364295e-03 9.889578e-01 7.139188e+01
9.882670e-01 -1.399186e-02 -1.520939e-01 -6.194600e+00 1.503112e-02 9.998709e-01 5.685303e-03 -1.225613e+00 1.519947e-01 -7.904739e-03 9.883497e-01 7.382018e+01
9.876364e-01 -1.522655e-02 -1.560207e-01 -6.552664e+00 1.622688e-02 9.998551e-01 5.139823e-03 -1.288286e+00 1.559198e-01 -7.608006e-03 9.877404e-01 7.623811e+01
9.869470e-01 -1.643064e-02 -1.602053e-01 -6.900962e+00 1.762040e-02 9.998267e-01 6.008611e-03 -1.344149e+00 1.600788e-01 -8.753063e-03 9.870654e-01 7.853931e+01
9.863506e-01 -1.746331e-02 -1.637302e-01 -7.306850e+00 1.889343e-02 9.997957e-01 7.181347e-03 -1.366091e+00 1.635713e-01 -1.017675e-02 9.864790e-01 8.088252e+01
9.857575e-01 -1.801266e-02 -1.672053e-01 -7.718417e+00 1.971763e-02 9.997691e-01 8.542218e-03 -1.400180e+00 1.670128e-01 -1.171745e-02 9.858851e-01 8.321143e+01
9.851396e-01 -1.962544e-02 -1.706304e-01 -8.115434e+00 2.130963e-02 9.997406e-01 8.044345e-03 -1.419798e+00 1.704282e-01 -1.156087e-02 9.853023e-01 8.560688e+01
9.845129e-01 -2.060222e-02 -1.740975e-01 -8.508930e+00 2.205301e-02 9.997363e-01 6.402686e-03 -1.466243e+00 1.739197e-01 -1.014290e-02 9.847076e-01 8.791440e+01
9.839278e-01 -2.255240e-02 -1.771370e-01 -8.837400e+00 2.349468e-02 9.997188e-01 3.223553e-03 -1.463383e+00 1.770145e-01 -7.333520e-03 9.841809e-01 9.079463e+01
9.834208e-01 -2.316337e-02 -1.798528e-01 -9.263010e+00 2.418436e-02 9.997014e-01 3.485893e-03 -1.514640e+00 1.797184e-01 -7.777724e-03 9.836874e-01 9.306171e+01
9.828059e-01 -2.615789e-02 -1.827793e-01 -9.674256e+00 2.767994e-02 9.996001e-01 5.780660e-03 -1.544854e+00 1.825550e-01 -1.074059e-02 9.831370e-01 9.535484e+01
9.819708e-01 -3.184544e-02 -1.863311e-01 -1.009312e+01 3.364844e-02 9.994125e-01 6.520973e-03 -1.583688e+00 1.860140e-01 -1.267316e-02 9.824654e-01 9.775137e+01
9.812246e-01 -3.579002e-02 -1.895187e-01 -1.056956e+01 3.731584e-02 9.992934e-01 4.487605e-03 -1.619463e+00 1.892242e-01 -1.147540e-02 9.818668e-01 1.002391e+02
9.805302e-01 -3.849003e-02 -1.925593e-01 -1.100693e+01 3.943621e-02 9.992215e-01 1.081857e-03 -1.662775e+00 1.923678e-01 -8.654603e-03 9.812847e-01 1.024912e+02
9.800195e-01 -3.727385e-02 -1.953778e-01 -1.141753e+01 3.806456e-02 9.992752e-01 2.926096e-04 -1.712873e+00 1.952253e-01 -7.723731e-03 9.807280e-01 1.048960e+02
9.797636e-01 -3.266579e-02 -1.974746e-01 -1.186707e+01 3.351144e-02 9.994379e-01 9.412259e-04 -1.750387e+00 1.973328e-01 -7.539838e-03 9.803076e-01 1.070716e+02
9.796021e-01 -2.791521e-02 -1.989985e-01 -1.236270e+01 2.887371e-02 9.995812e-01 1.915738e-03 -1.795586e+00 1.988617e-01 -7.622486e-03 9.799979e-01 1.094077e+02
9.792739e-01 -2.470958e-02 -2.010273e-01 -1.283123e+01 2.585094e-02 9.996611e-01 3.053994e-03 -1.837984e+00 2.008837e-01 -8.187441e-03 9.795809e-01 1.116476e+02
9.789366e-01 -2.205405e-02 -2.029698e-01 -1.331106e+01 2.332595e-02 9.997204e-01 3.876161e-03 -1.885901e+00 2.028276e-01 -8.528980e-03 9.791773e-01 1.139423e+02
9.786676e-01 -2.147901e-02 -2.043243e-01 -1.381394e+01 2.275780e-02 9.997334e-01 3.910625e-03 -1.940298e+00 2.041858e-01 -8.477172e-03 9.788954e-01 1.161294e+02
9.781188e-01 -2.369211e-02 -2.066939e-01 -1.427216e+01 2.530515e-02 9.996664e-01 5.163358e-03 -1.994512e+00 2.065026e-01 -1.028080e-02 9.783920e-01 1.184641e+02
9.777176e-01 -2.674110e-02 -2.082143e-01 -1.477558e+01 2.865518e-02 9.995702e-01 6.181454e-03 -2.016477e+00 2.079595e-01 -1.201014e-02 9.780637e-01 1.207652e+02
9.771057e-01 -3.115871e-02 -2.104604e-01 -1.521785e+01 3.329424e-02 9.994237e-01 6.610488e-03 -2.055684e+00 2.101331e-01 -1.346627e-02 9.775800e-01 1.230303e+02
9.766733e-01 -3.424620e-02 -2.119821e-01 -1.569946e+01 3.611930e-02 9.993351e-01 4.968958e-03 -2.078450e+00 2.116710e-01 -1.250969e-02 9.772609e-01 1.252953e+02
9.764859e-01 -3.563277e-02 -2.126160e-01 -1.619196e+01 3.715520e-02 9.993045e-01 3.167903e-03 -2.104128e+00 2.123553e-01 -1.099320e-02 9.771307e-01 1.275343e+02
9.764819e-01 -3.722245e-02 -2.123618e-01 -1.669590e+01 3.858618e-02 9.992527e-01 2.279464e-03 -2.158133e+00 2.121183e-01 -1.042009e-02 9.771884e-01 1.297348e+02
9.762269e-01 -4.023149e-02 -2.129844e-01 -1.713941e+01 4.185502e-02 9.991188e-01 3.117415e-03 -2.218368e+00 2.126713e-01 -1.195777e-02 9.770506e-01 1.320137e+02
9.761876e-01 -4.305246e-02 -2.126131e-01 -1.762770e+01 4.510165e-02 9.989709e-01 4.795180e-03 -2.257527e+00 2.121878e-01 -1.427019e-02 9.771247e-01 1.342310e+02
9.761558e-01 -4.684550e-02 -2.119558e-01 -1.811436e+01 4.939549e-02 9.987565e-01 6.748817e-03 -2.302272e+00 2.113761e-01 -1.705756e-02 9.772559e-01 1.364960e+02
9.761866e-01 -5.131404e-02 -2.107760e-01 -1.859813e+01 5.408055e-02 9.985093e-01 7.378267e-03 -2.322415e+00 2.100832e-01 -1.860145e-02 9.775065e-01 1.386981e+02
9.762013e-01 -5.663165e-02 -2.093417e-01 -1.904857e+01 5.958703e-02 9.981924e-01 7.832403e-03 -2.374104e+00 2.085197e-01 -2.012005e-02 9.778112e-01 1.409654e+02
9.764763e-01 -6.088557e-02 -2.068500e-01 -1.948959e+01 6.376019e-02 9.979389e-01 7.252790e-03 -2.433652e+00 2.059820e-01 -2.027097e-02 9.783458e-01 1.430939e+02
9.768463e-01 -6.460363e-02 -2.039550e-01 -1.994221e+01 6.721451e-02 9.977211e-01 5.892641e-03 -2.470829e+00 2.031095e-01 -1.946494e-02 9.789625e-01 1.452865e+02
9.774334e-01 -6.732776e-02 -2.002274e-01 -2.041287e+01 6.967889e-02 9.975584e-01 4.710180e-03 -2.501125e+00 1.994214e-01 -1.855551e-02 9.797381e-01 1.474952e+02
9.780115e-01 -6.856841e-02 -1.969565e-01 -2.088497e+01 7.080742e-02 9.974806e-01 4.340126e-03 -2.567487e+00 1.961627e-01 -1.819068e-02 9.804026e-01 1.497908e+02
9.785791e-01 -6.985438e-02 -1.936576e-01 -2.134229e+01 7.182087e-02 9.974126e-01 3.143544e-03 -2.605646e+00 1.929369e-01 -1.698486e-02 9.810641e-01 1.519583e+02
9.788039e-01 -7.264943e-02 -1.914812e-01 -2.177970e+01 7.426857e-02 9.972375e-01 1.282799e-03 -2.667708e+00 1.908590e-01 -1.547664e-02 9.814954e-01 1.541166e+02
9.789733e-01 -7.416475e-02 -1.900287e-01 -2.224081e+01 7.568489e-02 9.971315e-01 7.444781e-04 -2.714705e+00 1.894283e-01 -1.511112e-02 9.817783e-01 1.562786e+02
9.791401e-01 -7.558338e-02 -1.886047e-01 -2.268226e+01 7.733080e-02 9.970037e-01 1.912878e-03 -2.773089e+00 1.878950e-01 -1.645793e-02 9.820512e-01 1.584418e+02
9.792486e-01 -7.739733e-02 -1.873014e-01 -2.311437e+01 7.963498e-02 9.968142e-01 4.440394e-03 -2.833827e+00 1.863610e-01 -1.926399e-02 9.822925e-01 1.606386e+02
9.791440e-01 -8.034321e-02 -1.866065e-01 -2.353920e+01 8.299532e-02 9.965292e-01 6.430703e-03 -2.884943e+00 1.854422e-01 -2.178405e-02 9.824137e-01 1.628828e+02
9.789040e-01 -8.459345e-02 -1.859863e-01 -2.394430e+01 8.749117e-02 9.961377e-01 7.413093e-03 -2.944691e+00 1.846408e-01 -2.352886e-02 9.825244e-01 1.650502e+02
9.787084e-01 -8.801721e-02 -1.854261e-01 -2.434421e+01 9.100108e-02 9.958216e-01 7.626162e-03 -2.974015e+00 1.839801e-01 -2.433776e-02 9.826286e-01 1.672191e+02
9.786707e-01 -9.038265e-02 -1.844847e-01 -2.476369e+01 9.353749e-02 9.955799e-01 8.451941e-03 -3.010849e+00 1.829054e-01 -2.552791e-02 9.827990e-01 1.694164e+02
9.787864e-01 -9.148955e-02 -1.833215e-01 -2.517308e+01 9.458851e-02 9.954826e-01 8.213444e-03 -3.048541e+00 1.817420e-01 -2.537932e-02 9.830187e-01 1.715610e+02
9.790716e-01 -9.218907e-02 -1.814386e-01 -2.558496e+01 9.505100e-02 9.954469e-01 7.123146e-03 -3.069998e+00 1.799558e-01 -2.421999e-02 9.833765e-01 1.738155e+02
9.793867e-01 -9.175426e-02 -1.799521e-01 -2.596119e+01 9.420514e-02 9.955397e-01 5.102791e-03 -3.079198e+00 1.786813e-01 -2.195002e-02 9.836621e-01 1.760506e+02
9.797614e-01 -9.177776e-02 -1.778891e-01 -2.637415e+01 9.385830e-02 9.955801e-01 3.297693e-03 -3.123486e+00 1.768002e-01 -1.992732e-02 9.840450e-01 1.781895e+02
9.802896e-01 -9.106918e-02 -1.753246e-01 -2.677712e+01 9.296884e-02 9.956655e-01 2.634824e-03 -3.177863e+00 1.743247e-01 -1.888261e-02 9.845072e-01 1.803551e+02
9.807685e-01 -9.007186e-02 -1.731479e-01 -2.716048e+01 9.195442e-02 9.957591e-01 2.865349e-03 -3.215421e+00 1.721555e-01 -1.873196e-02 9.848917e-01 1.825210e+02
9.811490e-01 -8.993717e-02 -1.710493e-01 -2.756061e+01 9.192105e-02 9.957594e-01 3.697562e-03 -3.246838e+00 1.699914e-01 -1.935089e-02 9.852555e-01 1.848005e+02
9.815898e-01 -9.016696e-02 -1.683786e-01 -2.797504e+01 9.236942e-02 9.957108e-01 5.277741e-03 -3.303494e+00 1.671806e-01 -2.073361e-02 9.857083e-01 1.869127e+02
9.816083e-01 -9.324054e-02 -1.665873e-01 -2.833505e+01 9.562239e-02 9.953976e-01 6.316898e-03 -3.333024e+00 1.652316e-01 -2.213020e-02 9.860065e-01 1.890621e+02
9.813578e-01 -9.840538e-02 -1.650854e-01 -2.869409e+01 1.008819e-01 9.948761e-01 6.663585e-03 -3.376046e+00 1.635838e-01 -2.319349e-02 9.862568e-01 1.912426e+02
9.810211e-01 -1.037371e-01 -1.638179e-01 -2.907830e+01 1.063220e-01 9.943066e-01 7.066293e-03 -3.396243e+00 1.621522e-01 -2.434963e-02 9.864653e-01 1.935286e+02
9.807747e-01 -1.080583e-01 -1.624942e-01 -2.942871e+01 1.107726e-01 9.938159e-01 7.710265e-03 -3.427906e+00 1.606562e-01 -2.556194e-02 9.866794e-01 1.957074e+02
9.807445e-01 -1.115379e-01 -1.603108e-01 -2.977569e+01 1.143308e-01 9.934083e-01 8.274956e-03 -3.468992e+00 1.583311e-01 -2.644408e-02 9.870319e-01 1.978478e+02
9.809822e-01 -1.134341e-01 -1.575014e-01 -3.011533e+01 1.162308e-01 9.931847e-01 8.630194e-03 -3.483818e+00 1.554491e-01 -2.677258e-02 9.874810e-01 1.999769e+02
9.813196e-01 -1.144717e-01 -1.546221e-01 -3.044632e+01 1.172050e-01 9.930701e-01 8.647662e-03 -3.515690e+00 1.525607e-01 -2.660860e-02 9.879358e-01 2.021629e+02
9.819314e-01 -1.138534e-01 -1.511558e-01 -3.080331e+01 1.164058e-01 9.931686e-01 8.116354e-03 -3.546964e+00 1.491992e-01 -2.556511e-02 9.884766e-01 2.044015e+02
9.826634e-01 -1.125538e-01 -1.473239e-01 -3.114082e+01 1.149608e-01 9.933386e-01 7.899605e-03 -3.587080e+00 1.454534e-01 -2.469913e-02 9.890568e-01 2.065382e+02
9.836607e-01 -1.099711e-01 -1.425408e-01 -3.147714e+01 1.122639e-01 9.936452e-01 8.119544e-03 -3.610443e+00 1.407421e-01 -2.398907e-02 9.897556e-01 2.087069e+02
9.842563e-01 -1.098480e-01 -1.384662e-01 -3.177991e+01 1.121340e-01 9.936542e-01 8.793971e-03 -3.634628e+00 1.366216e-01 -2.418230e-02 9.903281e-01 2.108252e+02
9.846431e-01 -1.116679e-01 -1.341946e-01 -3.208828e+01 1.139738e-01 9.934374e-01 9.601638e-03 -3.670432e+00 1.322417e-01 -2.474886e-02 9.909085e-01 2.129778e+02
9.849050e-01 -1.142186e-01 -1.300622e-01 -3.237721e+01 1.164241e-01 9.931546e-01 9.456548e-03 -3.694581e+00 1.280917e-01 -2.445617e-02 9.914607e-01 2.151515e+02
9.850013e-01 -1.169389e-01 -1.268765e-01 -3.265881e+01 1.191309e-01 9.928302e-01 9.801507e-03 -3.720298e+00 1.248206e-01 -2.476941e-02 9.918701e-01 2.173137e+02
9.851172e-01 -1.194206e-01 -1.236238e-01 -3.292703e+01 1.215312e-01 9.925407e-01 9.647309e-03 -3.748334e+00 1.215496e-01 -2.452788e-02 9.922823e-01 2.194881e+02
9.853026e-01 -1.216317e-01 -1.199356e-01 -3.319754e+01 1.235170e-01 9.923070e-01 8.384404e-03 -3.771897e+00 1.179931e-01 -2.307526e-02 9.927463e-01 2.215936e+02
9.855886e-01 -1.224940e-01 -1.166631e-01 -3.342260e+01 1.242985e-01 9.922102e-01 8.292253e-03 -3.796990e+00 1.147386e-01 -2.267380e-02 9.931369e-01 2.237315e+02
9.857809e-01 -1.241846e-01 -1.132002e-01 -3.365753e+01 1.260079e-01 9.919878e-01 9.068901e-03 -3.823028e+00 1.111670e-01 -2.320406e-02 9.935308e-01 2.259213e+02
9.861589e-01 -1.244443e-01 -1.095638e-01 -3.388660e+01 1.264267e-01 9.919115e-01 1.130949e-02 -3.848821e+00 1.072702e-01 -2.500475e-02 9.939154e-01 2.280412e+02
9.865986e-01 -1.242765e-01 -1.057291e-01 -3.414520e+01 1.263405e-01 9.919014e-01 1.302651e-02 -3.854969e+00 1.032539e-01 -2.620980e-02 9.943096e-01 2.302406e+02
9.869893e-01 -1.244520e-01 -1.018030e-01 -3.437745e+01 1.265171e-01 9.918648e-01 1.406145e-02 -3.877868e+00 9.922482e-02 -2.675832e-02 9.947052e-01 2.324185e+02
9.873808e-01 -1.249885e-01 -9.724709e-02 -3.459292e+01 1.268980e-01 9.918214e-01 1.368082e-02 -3.896681e+00 9.474180e-02 -2.584864e-02 9.951662e-01 2.345635e+02
9.877755e-01 -1.259181e-01 -9.189272e-02 -3.482827e+01 1.275976e-01 9.917458e-01 1.261333e-02 -3.929323e+00 8.954598e-02 -2.418443e-02 9.956890e-01 2.366318e+02
9.881011e-01 -1.268975e-01 -8.690942e-02 -3.502510e+01 1.284610e-01 9.916343e-01 1.261766e-02 -3.941307e+00 8.458122e-02 -2.363200e-02 9.961363e-01 2.387646e+02
9.882761e-01 -1.290806e-01 -8.153922e-02 -3.523510e+01 1.305277e-01 9.913639e-01 1.265123e-02 -3.953312e+00 7.920202e-02 -2.314604e-02 9.965898e-01 2.409519e+02
9.884356e-01 -1.309269e-01 -7.650679e-02 -3.539550e+01 1.322314e-01 9.911435e-01 1.221963e-02 -3.980192e+00 7.422933e-02 -2.219492e-02 9.969942e-01 2.431446e+02
9.888617e-01 -1.307838e-01 -7.104974e-02 -3.557754e+01 1.319133e-01 9.911954e-01 1.142420e-02 -4.008199e+00 6.893008e-02 -2.066935e-02 9.974074e-01 2.453656e+02
9.892439e-01 -1.306850e-01 -6.571145e-02 -3.570864e+01 1.317030e-01 9.912238e-01 1.138749e-02 -4.025965e+00 6.364658e-02 -1.991940e-02 9.977737e-01 2.475624e+02
9.896993e-01 -1.298945e-01 -6.018946e-02 -3.584956e+01 1.308360e-01 9.913319e-01 1.195856e-02 -4.027781e+00 5.811438e-02 -1.971033e-02 9.981153e-01 2.497378e+02
9.900305e-01 -1.297712e-01 -5.476378e-02 -3.597953e+01 1.306559e-01 9.913441e-01 1.288096e-02 -4.042226e+00 5.261817e-02 -1.990776e-02 9.984163e-01 2.518830e+02
9.902232e-01 -1.303628e-01 -4.963443e-02 -3.607533e+01 1.311581e-01 9.912748e-01 1.310517e-02 -4.062335e+00 4.749294e-02 -1.948700e-02 9.986815e-01 2.539729e+02
9.903778e-01 -1.310729e-01 -4.440373e-02 -3.617621e+01 1.317881e-01 9.911851e-01 1.356706e-02 -4.087162e+00 4.223404e-02 -1.928839e-02 9.989215e-01 2.561423e+02
9.905768e-01 -1.311794e-01 -3.936582e-02 -3.627001e+01 1.318533e-01 9.911553e-01 1.503024e-02 -4.103624e+00 3.704599e-02 -2.007912e-02 9.991118e-01 2.582623e+02
9.906560e-01 -1.320402e-01 -3.414841e-02 -3.635476e+01 1.326444e-01 9.910334e-01 1.606886e-02 -4.099885e+00 3.172048e-02 -2.044830e-02 9.992876e-01 2.603877e+02
9.908053e-01 -1.320835e-01 -2.930509e-02 -3.642940e+01 1.326181e-01 9.910196e-01 1.710833e-02 -4.141119e+00 2.678219e-02 -2.083740e-02 9.994241e-01 2.625572e+02
9.908329e-01 -1.329325e-01 -2.406586e-02 -3.649253e+01 1.333584e-01 9.909212e-01 1.704768e-02 -4.151826e+00 2.158118e-02 -2.010079e-02 9.995650e-01 2.646252e+02
9.908364e-01 -1.337327e-01 -1.894317e-02 -3.655628e+01 1.340575e-01 9.908268e-01 1.705449e-02 -4.177949e+00 1.648865e-02 -1.943768e-02 9.996751e-01 2.667874e+02
9.908331e-01 -1.344173e-01 -1.347813e-02 -3.660501e+01 1.346356e-01 9.907518e-01 1.685533e-02 -4.187557e+00 1.108783e-02 -1.851545e-02 9.997671e-01 2.689623e+02
9.907412e-01 -1.355120e-01 -8.272560e-03 -3.662673e+01 1.356412e-01 9.905976e-01 1.782966e-02 -4.205620e+00 5.778645e-03 -1.878668e-02 9.998068e-01 2.710310e+02
9.905793e-01 -1.369045e-01 -3.128510e-03 -3.663449e+01 1.369385e-01 9.904245e-01 1.752494e-02 -4.191932e+00 6.993105e-04 -1.778825e-02 9.998415e-01 2.732062e+02
9.903903e-01 -1.382863e-01 1.967994e-03 -3.665635e+01 1.382288e-01 9.902356e-01 1.806040e-02 -4.217377e+00 -4.446284e-03 -1.761481e-02 9.998350e-01 2.753730e+02
9.901883e-01 -1.395601e-01 7.074762e-03 -3.666168e+01 1.394053e-01 9.900532e-01 1.899373e-02 -4.230564e+00 -9.655158e-03 -1.782111e-02 9.997946e-01 2.774897e+02
9.899894e-01 -1.406436e-01 1.185162e-02 -3.663362e+01 1.403818e-01 9.898830e-01 2.060526e-02 -4.223283e+00 -1.462971e-02 -1.873523e-02 9.997174e-01 2.796136e+02
9.898289e-01 -1.412208e-01 1.718749e-02 -3.664507e+01 1.408396e-01 9.897951e-01 2.167717e-02 -4.222743e+00 -2.007336e-02 -1.903601e-02 9.996173e-01 2.817951e+02
9.897617e-01 -1.410202e-01 2.202387e-02 -3.660431e+01 1.405349e-01 9.898263e-01 2.222212e-02 -4.219712e+00 -2.493357e-02 -1.889948e-02 9.995104e-01 2.838521e+02
9.896436e-01 -1.409039e-01 2.741773e-02 -3.659700e+01 1.403252e-01 9.898609e-01 2.200685e-02 -4.210399e+00 -3.024059e-02 -1.793154e-02 9.993818e-01 2.860298e+02
9.894261e-01 -1.413486e-01 3.250548e-02 -3.654328e+01 1.406705e-01 9.898055e-01 2.228971e-02 -4.210029e+00 -3.532473e-02 -1.748146e-02 9.992230e-01 2.881850e+02
9.893347e-01 -1.407848e-01 3.736936e-02 -3.647671e+01 1.399967e-01 9.898862e-01 2.294117e-02 -4.203003e+00 -4.022118e-02 -1.746490e-02 9.990382e-01 2.902830e+02
9.891578e-01 -1.405391e-01 4.260955e-02 -3.641445e+01 1.396201e-01 9.899181e-01 2.384233e-02 -4.201513e+00 -4.553074e-02 -1.763468e-02 9.988073e-01 2.924328e+02
9.888520e-01 -1.409783e-01 4.792650e-02 -3.633056e+01 1.399161e-01 9.898514e-01 2.485424e-02 -4.194667e+00 -5.094402e-02 -1.787147e-02 9.985416e-01 2.945298e+02
9.882798e-01 -1.433954e-01 5.235349e-02 -3.621930e+01 1.421901e-01 9.894957e-01 2.608245e-02 -4.169945e+00 -5.554366e-02 -1.833260e-02 9.982879e-01 2.966518e+02
9.873753e-01 -1.477984e-01 5.696988e-02 -3.609817e+01 1.464754e-01 9.888523e-01 2.676029e-02 -4.158376e+00 -6.028992e-02 -1.807777e-02 9.980172e-01 2.987428e+02
9.866140e-01 -1.508006e-01 6.206462e-02 -3.597558e+01 1.495490e-01 9.884540e-01 2.436620e-02 -4.150626e+00 -6.502246e-02 -1.475833e-02 9.977747e-01 3.007835e+02
9.863372e-01 -1.501513e-01 6.777550e-02 -3.584871e+01 1.490062e-01 9.885987e-01 2.167502e-02 -4.139716e+00 -7.025730e-02 -1.127990e-02 9.974651e-01 3.028952e+02
9.861458e-01 -1.486411e-01 7.363653e-02 -3.571107e+01 1.474683e-01 9.888407e-01 2.114588e-02 -4.142589e+00 -7.595794e-02 -9.993861e-03 9.970609e-01 3.049823e+02
9.859982e-01 -1.463176e-01 7.999214e-02 -3.556408e+01 1.451269e-01 9.892000e-01 2.053243e-02 -4.143933e+00 -8.213248e-02 -8.635924e-03 9.965840e-01 3.070499e+02
9.858141e-01 -1.440908e-01 8.607199e-02 -3.540048e+01 1.428792e-01 9.895359e-01 2.010802e-02 -4.139748e+00 -8.806870e-02 -7.524871e-03 9.960860e-01 3.091458e+02
9.855430e-01 -1.422655e-01 9.200869e-02 -3.523196e+01 1.410626e-01 9.898090e-01 1.948094e-02 -4.139921e+00 -9.384249e-02 -6.220324e-03 9.955676e-01 3.112103e+02
9.851790e-01 -1.412572e-01 9.730739e-02 -3.503887e+01 1.398904e-01 9.899493e-01 2.076263e-02 -4.133510e+00 -9.926225e-02 -6.842537e-03 9.950378e-01 3.132853e+02
9.844638e-01 -1.423718e-01 1.027678e-01 -3.484369e+01 1.408667e-01 9.897886e-01 2.179539e-02 -4.122149e+00 -1.048215e-01 -6.980211e-03 9.944666e-01 3.153173e+02
9.835965e-01 -1.444192e-01 1.080792e-01 -3.463548e+01 1.427300e-01 9.894886e-01 2.324648e-02 -4.107443e+00 -1.103003e-01 -7.439018e-03 9.938705e-01 3.173893e+02
9.827972e-01 -1.462091e-01 1.128383e-01 -3.440501e+01 1.441961e-01 9.892116e-01 2.584377e-02 -4.106069e+00 -1.153996e-01 -9.128338e-03 9.932772e-01 3.194101e+02
9.819774e-01 -1.475567e-01 1.180994e-01 -3.417387e+01 1.455324e-01 9.890214e-01 2.563278e-02 -4.075142e+00 -1.205851e-01 -7.983513e-03 9.926709e-01 3.214661e+02
9.812471e-01 -1.476141e-01 1.239527e-01 -3.393461e+01 1.456623e-01 9.890256e-01 2.471459e-02 -4.051970e+00 -1.262407e-01 -6.195875e-03 9.919803e-01 3.235448e+02
9.803470e-01 -1.488306e-01 1.294962e-01 -3.367298e+01 1.470285e-01 9.888549e-01 2.342166e-02 -4.029337e+00 -1.315388e-01 -3.921730e-03 9.913033e-01 3.255846e+02
9.795344e-01 -1.495711e-01 1.346877e-01 -3.340056e+01 1.476939e-01 9.887448e-01 2.388023e-02 -4.006788e+00 -1.367436e-01 -3.498954e-03 9.906003e-01 3.276078e+02
9.786303e-01 -1.507415e-01 1.398559e-01 -3.313174e+01 1.485788e-01 9.885629e-01 2.583900e-02 -3.993979e+00 -1.421514e-01 -4.507209e-03 9.898347e-01 3.296390e+02
9.779627e-01 -1.500492e-01 1.451694e-01 -3.284564e+01 1.477532e-01 9.886683e-01 2.653289e-02 -3.963293e+00 -1.475056e-01 -4.498927e-03 9.890510e-01 3.317172e+02
9.772731e-01 -1.498306e-01 1.499603e-01 -3.253442e+01 1.473587e-01 9.887000e-01 2.752590e-02 -3.938252e+00 -1.523900e-01 -4.802355e-03 9.883088e-01 3.337865e+02
9.762461e-01 -1.516711e-01 1.547235e-01 -3.222634e+01 1.489214e-01 9.884155e-01 2.927847e-02 -3.912832e+00 -1.573718e-01 -5.541356e-03 9.875239e-01 3.358893e+02
9.754421e-01 -1.515108e-01 1.598660e-01 -3.191307e+01 1.486543e-01 9.884416e-01 2.974910e-02 -3.885646e+00 -1.625255e-01 -5.253763e-03 9.866904e-01 3.379585e+02
9.747396e-01 -1.510970e-01 1.644761e-01 -3.158277e+01 1.481321e-01 9.885058e-01 3.021709e-02 -3.866920e+00 -1.671513e-01 -5.089594e-03 9.859181e-01 3.399950e+02
9.738861e-01 -1.515407e-01 1.690602e-01 -3.123181e+01 1.485257e-01 9.884407e-01 3.041498e-02 -3.845176e+00 -1.717151e-01 -4.510949e-03 9.851363e-01 3.420414e+02
9.731520e-01 -1.504919e-01 1.741478e-01 -3.088457e+01 1.475597e-01 9.886059e-01 2.973987e-02 -3.823042e+00 -1.766392e-01 -3.244206e-03 9.842703e-01 3.441058e+02
9.722814e-01 -1.507392e-01 1.787358e-01 -3.051360e+01 1.477722e-01 9.885700e-01 2.987716e-02 -3.801605e+00 -1.811965e-01 -2.636827e-03 9.834434e-01 3.461505e+02
9.713573e-01 -1.509206e-01 1.835426e-01 -3.015456e+01 1.477546e-01 9.885417e-01 3.088542e-02 -3.777855e+00 -1.861008e-01 -2.881503e-03 9.825264e-01 3.481903e+02
9.703469e-01 -1.524181e-01 1.876047e-01 -2.976244e+01 1.487783e-01 9.883058e-01 3.341650e-02 -3.756940e+00 -1.905041e-01 -4.514081e-03 9.816760e-01 3.502457e+02
9.693721e-01 -1.528702e-01 1.922196e-01 -2.937353e+01 1.488827e-01 9.882315e-01 3.510768e-02 -3.725473e+00 -1.953244e-01 -5.414239e-03 9.807238e-01 3.522710e+02
9.683586e-01 -1.528843e-01 1.972512e-01 -2.896704e+01 1.485811e-01 9.882255e-01 3.652401e-02 -3.690851e+00 -2.005127e-01 -6.060530e-03 9.796724e-01 3.543049e+02
9.673448e-01 -1.518425e-01 2.029478e-01 -2.855911e+01 1.472295e-01 9.883826e-01 3.772813e-02 -3.658621e+00 -2.063188e-01 -6.616228e-03 9.784625e-01 3.563245e+02
9.660117e-01 -1.519821e-01 2.090999e-01 -2.812939e+01 1.476008e-01 9.883735e-01 3.649437e-02 -3.607213e+00 -2.122152e-01 -4.390678e-03 9.772131e-01 3.583654e+02
9.647873e-01 -1.506001e-01 2.156502e-01 -2.770595e+01 1.467535e-01 9.885943e-01 3.383479e-02 -3.570707e+00 -2.182861e-01 -9.959382e-04 9.758843e-01 3.603772e+02
9.632991e-01 -1.498878e-01 2.226849e-01 -2.728349e+01 1.464931e-01 9.887010e-01 3.178295e-02 -3.538930e+00 -2.249326e-01 2.005304e-03 9.743723e-01 3.623876e+02
9.616439e-01 -1.505157e-01 2.293164e-01 -2.683461e+01 1.473370e-01 9.885997e-01 3.102278e-02 -3.530868e+00 -2.313715e-01 3.953934e-03 9.728574e-01 3.643483e+02
9.598979e-01 -1.516836e-01 2.357712e-01 -2.635152e+01 1.486881e-01 9.884124e-01 3.054044e-02 -3.505497e+00 -2.376717e-01 5.740669e-03 9.713286e-01 3.663565e+02
9.581808e-01 -1.529679e-01 2.418477e-01 -2.585650e+01 1.501661e-01 9.882028e-01 3.008933e-02 -3.480529e+00 -2.435973e-01 7.486325e-03 9.698476e-01 3.683878e+02
9.565411e-01 -1.537499e-01 2.477701e-01 -2.534149e+01 1.506220e-01 9.880847e-01 3.164933e-02 -3.449864e+00 -2.496839e-01 7.045746e-03 9.683018e-01 3.704345e+02
9.550169e-01 -1.533280e-01 2.538369e-01 -2.484496e+01 1.492118e-01 9.881674e-01 3.551086e-02 -3.422761e+00 -2.562782e-01 3.962000e-03 9.665949e-01 3.724163e+02
9.531979e-01 -1.545248e-01 2.598766e-01 -2.433901e+01 1.494983e-01 9.879877e-01 3.912312e-02 -3.378696e+00 -2.628004e-01 1.559029e-03 9.648490e-01 3.743969e+02
9.516887e-01 -1.546465e-01 2.652791e-01 -2.380257e+01 1.493205e-01 9.879690e-01 4.025679e-02 -3.333739e+00 -2.683131e-01 1.299674e-03 9.633309e-01 3.763931e+02
9.500623e-01 -1.552260e-01 2.707149e-01 -2.325721e+01 1.498297e-01 9.878770e-01 4.062075e-02 -3.294813e+00 -2.737384e-01 1.968894e-03 9.618022e-01 3.783652e+02
9.484486e-01 -1.550385e-01 2.764207e-01 -2.272701e+01 1.493062e-01 9.879071e-01 4.180031e-02 -3.248685e+00 -2.795586e-01 1.625869e-03 9.601273e-01 3.803395e+02
9.468443e-01 -1.567272e-01 2.809314e-01 -2.215291e+01 1.507715e-01 9.876403e-01 4.283251e-02 -3.190791e+00 -2.841722e-01 1.800737e-03 9.587716e-01 3.823080e+02
9.454704e-01 -1.586694e-01 2.844465e-01 -2.157595e+01 1.527085e-01 9.873283e-01 4.316234e-02 -3.126906e+00 -2.876906e-01 2.628706e-03 9.577198e-01 3.842863e+02
9.443787e-01 -1.606978e-01 2.869236e-01 -2.097360e+01 1.548441e-01 9.869967e-01 4.313602e-02 -3.071080e+00 -2.901246e-01 3.691706e-03 9.569818e-01 3.862575e+02
9.435521e-01 -1.621196e-01 2.888367e-01 -2.039650e+01 1.563966e-01 9.867602e-01 4.294763e-02 -3.007435e+00 -2.919752e-01 4.649739e-03 9.564146e-01 3.882107e+02
9.426198e-01 -1.621374e-01 2.918552e-01 -1.981106e+01 1.568233e-01 9.867469e-01 4.167760e-02 -2.951697e+00 -2.947447e-01 6.483564e-03 9.555540e-01 3.901690e+02
9.415620e-01 -1.603168e-01 2.962424e-01 -1.920747e+01 1.548663e-01 9.870449e-01 4.193744e-02 -2.901947e+00 -2.991278e-01 6.391250e-03 9.541917e-01 3.921464e+02
9.399593e-01 -1.593005e-01 3.018276e-01 -1.859396e+01 1.536129e-01 9.872102e-01 4.265079e-02 -2.848958e+00 -3.047616e-01 6.274599e-03 9.524080e-01 3.941211e+02
9.384357e-01 -1.578639e-01 3.072743e-01 -1.796077e+01 1.515937e-01 9.874483e-01 4.433006e-02 -2.800058e+00 -3.104156e-01 4.979941e-03 9.505879e-01 3.960836e+02
9.367084e-01 -1.580382e-01 3.124122e-01 -1.732721e+01 1.511269e-01 9.874258e-01 4.637838e-02 -2.747379e+00 -3.158134e-01 3.770856e-03 9.488138e-01 3.980414e+02
9.350308e-01 -1.579264e-01 3.174535e-01 -1.668126e+01 1.509157e-01 9.874419e-01 4.672284e-02 -2.681149e+00 -3.208457e-01 4.221428e-03 9.471221e-01 3.999959e+02
9.333637e-01 -1.563897e-01 3.230704e-01 -1.602246e+01 1.491969e-01 9.876862e-01 4.707639e-02 -2.631577e+00 -3.264545e-01 4.261709e-03 9.452033e-01 4.019694e+02
9.314825e-01 -1.559520e-01 3.286628e-01 -1.536080e+01 1.490564e-01 9.877469e-01 4.624110e-02 -2.578903e+00 -3.318471e-01 5.916518e-03 9.433146e-01 4.039195e+02
9.294437e-01 -1.562318e-01 3.342544e-01 -1.469170e+01 1.496591e-01 9.876901e-01 4.550080e-02 -2.531661e+00 -3.372484e-01 7.733787e-03 9.413839e-01 4.058462e+02
9.275079e-01 -1.566830e-01 3.393812e-01 -1.401371e+01 1.499822e-01 9.876151e-01 4.606276e-02 -2.475361e+00 -3.423953e-01 8.177576e-03 9.395204e-01 4.077586e+02
9.254698e-01 -1.568237e-01 3.448362e-01 -1.331843e+01 1.500051e-01 9.875888e-01 4.655004e-02 -2.421996e+00 -3.478565e-01 8.646518e-03 9.375079e-01 4.097048e+02
9.234762e-01 -1.576372e-01 3.497745e-01 -1.259458e+01 1.506770e-01 9.874551e-01 4.721056e-02 -2.365882e+00 -3.528287e-01 9.105149e-03 9.356436e-01 4.116558e+02
9.212636e-01 -1.590070e-01 3.549508e-01 -1.188012e+01 1.517333e-01 9.872342e-01 4.843143e-02 -2.311247e+00 -3.581205e-01 9.239732e-03 9.336296e-01 4.135707e+02
9.189827e-01 -1.603593e-01 3.602162e-01 -1.115556e+01 1.531305e-01 9.870041e-01 4.872364e-02 -2.256360e+00 -3.633481e-01 1.038390e-02 9.315956e-01 4.154661e+02
9.166950e-01 -1.608745e-01 3.657726e-01 -1.041419e+01 1.541083e-01 9.868955e-01 4.783309e-02 -2.197960e+00 -3.686744e-01 1.252023e-02 9.294743e-01 4.173854e+02
9.142461e-01 -1.622431e-01 3.712562e-01 -9.669137e+00 1.554254e-01 9.866595e-01 4.843463e-02 -2.158982e+00 -3.741617e-01 1.342146e-02 9.272664e-01 4.192936e+02
9.119176e-01 -1.629398e-01 3.766389e-01 -8.916121e+00 1.561078e-01 9.865327e-01 4.882132e-02 -2.092537e+00 -3.795215e-01 1.427523e-02 9.250728e-01 4.211929e+02
9.093944e-01 -1.653028e-01 3.816763e-01 -8.128530e+00 1.580694e-01 9.861373e-01 5.047146e-02 -2.019640e+00 -3.847282e-01 1.443288e-02 9.229170e-01 4.230999e+02
9.068427e-01 -1.679482e-01 3.865614e-01 -7.344763e+00 1.603240e-01 9.856863e-01 5.214090e-02 -1.922965e+00 -3.897853e-01 1.469148e-02 9.207886e-01 4.249899e+02
9.046384e-01 -1.676669e-01 3.918127e-01 -6.535339e+00 1.598313e-01 9.857316e-01 5.279324e-02 -1.851815e+00 -3.950738e-01 1.486513e-02 9.185291e-01 4.268832e+02
9.023713e-01 -1.675907e-01 3.970382e-01 -5.731424e+00 1.596093e-01 9.857387e-01 5.332937e-02 -1.788092e+00 -4.003134e-01 1.524809e-02 9.162514e-01 4.287699e+02
9.001872e-01 -1.668422e-01 4.022769e-01 -4.917372e+00 1.586323e-01 9.858651e-01 5.390594e-02 -1.714416e+00 -4.055846e-01 1.528869e-02 9.139297e-01 4.306550e+02
8.982249e-01 -1.658448e-01 4.070473e-01 -4.074546e+00 1.576144e-01 9.860267e-01 5.393538e-02 -1.632026e+00 -4.103044e-01 1.571042e-02 9.118133e-01 4.325592e+02
8.964527e-01 -1.656699e-01 4.110060e-01 -3.253128e+00 1.573448e-01 9.860512e-01 5.427372e-02 -1.560366e+00 -4.142645e-01 1.601584e-02 9.100156e-01 4.344016e+02
8.950830e-01 -1.639465e-01 4.146661e-01 -2.406606e+00 1.552626e-01 9.863505e-01 5.482921e-02 -1.482333e+00 -4.179952e-01 1.530542e-02 9.083203e-01 4.362710e+02
8.935253e-01 -1.639548e-01 4.180089e-01 -1.583214e+00 1.552367e-01 9.863428e-01 5.504119e-02 -1.408942e+00 -4.213243e-01 1.570964e-02 9.067740e-01 4.380948e+02
8.917405e-01 -1.651509e-01 4.213361e-01 -7.417473e-01 1.556399e-01 9.861599e-01 5.713909e-02 -1.335986e+00 -4.249413e-01 1.462348e-02 9.051028e-01 4.399374e+02
8.898475e-01 -1.677918e-01 4.242845e-01 1.524996e-01 1.573923e-01 9.857282e-01 5.972864e-02 -1.249857e+00 -4.282512e-01 1.362975e-02 9.035569e-01 4.418118e+02
8.881368e-01 -1.687755e-01 4.274667e-01 1.022857e+00 1.584847e-01 9.855464e-01 5.984083e-02 -1.170115e+00 -4.313879e-01 1.460010e-02 9.020484e-01 4.436581e+02
8.865496e-01 -1.687501e-01 4.307588e-01 1.892100e+00 1.591339e-01 9.855186e-01 5.856236e-02 -1.090406e+00 -4.344032e-01 1.662989e-02 9.005650e-01 4.454757e+02
8.847612e-01 -1.690296e-01 4.343117e-01 2.761770e+00 1.596703e-01 9.854501e-01 5.825349e-02 -1.005170e+00 -4.378391e-01 1.780625e-02 8.988770e-01 4.473048e+02
8.830229e-01 -1.686474e-01 4.379824e-01 3.652374e+00 1.590660e-01 9.855164e-01 5.878277e-02 -9.235964e-01 -4.415524e-01 1.776159e-02 8.970597e-01 4.491477e+02
8.811704e-01 -1.688681e-01 4.416132e-01 4.521800e+00 1.591268e-01 9.854743e-01 5.932188e-02 -8.467675e-01 -4.452160e-01 1.799980e-02 8.952422e-01 4.509410e+02
8.793627e-01 -1.682437e-01 4.454382e-01 5.436406e+00 1.589534e-01 9.855544e-01 5.844945e-02 -7.627820e-01 -4.488374e-01 1.940566e-02 8.934027e-01 4.527757e+02
8.772225e-01 -1.686582e-01 4.494831e-01 6.347401e+00 1.601457e-01 9.854337e-01 5.721681e-02 -6.860116e-01 -4.525858e-01 2.179092e-02 8.914545e-01 4.545998e+02
8.751515e-01 -1.688047e-01 4.534477e-01 7.267588e+00 1.604780e-01 9.853860e-01 5.710723e-02 -6.136292e-01 -4.564610e-01 2.279092e-02 8.894515e-01 4.564055e+02
8.730672e-01 -1.695408e-01 4.571756e-01 8.197930e+00 1.609855e-01 9.852545e-01 5.794199e-02 -5.280836e-01 -4.602579e-01 2.301139e-02 8.874870e-01 4.582063e+02
8.709522e-01 -1.707255e-01 4.607549e-01 9.137791e+00 1.618246e-01 9.850481e-01 5.910160e-02 -4.502002e-01 -4.639559e-01 2.308683e-02 8.855574e-01 4.600101e+02
8.687613e-01 -1.712292e-01 4.646874e-01 1.003052e+01 1.613597e-01 9.849913e-01 6.128035e-02 -3.754435e-01 -4.682061e-01 2.174382e-02 8.833517e-01 4.617575e+02
8.667950e-01 -1.713717e-01 4.682929e-01 1.098916e+01 1.613713e-01 9.849598e-01 6.175276e-02 -2.887971e-01 -4.718324e-01 2.204206e-02 8.814127e-01 4.635554e+02
8.647890e-01 -1.702705e-01 4.723854e-01 1.194113e+01 1.607137e-01 9.851223e-01 6.086954e-02 -2.012507e-01 -4.757217e-01 2.327949e-02 8.792878e-01 4.653659e+02
8.628660e-01 -1.685034e-01 4.765174e-01 1.289895e+01 1.593863e-01 9.854011e-01 5.983903e-02 -1.189288e-01 -4.796439e-01 2.431730e-02 8.771262e-01 4.671610e+02
8.608228e-01 -1.672387e-01 4.806404e-01 1.385611e+01 1.577021e-01 9.856312e-01 6.050705e-02 -4.276918e-02 -4.838534e-01 2.371215e-02 8.748278e-01 4.689339e+02
8.588314e-01 -1.664805e-01 4.844510e-01 1.482540e+01 1.558973e-01 9.858007e-01 6.239455e-02 2.073263e-02 -4.879596e-01 2.193821e-02 8.725905e-01 4.706779e+02
8.565615e-01 -1.666794e-01 4.883854e-01 1.583510e+01 1.550697e-01 9.857978e-01 6.446858e-02 1.109808e-01 -4.921949e-01 2.051245e-02 8.702433e-01 4.724726e+02
8.535562e-01 -1.697077e-01 4.925861e-01 1.683676e+01 1.570087e-01 9.852952e-01 6.739213e-02 2.076984e-01 -4.967797e-01 1.981735e-02 8.676504e-01 4.742605e+02
8.500631e-01 -1.740204e-01 4.971012e-01 1.785202e+01 1.607056e-01 9.845283e-01 6.984118e-02 3.181490e-01 -5.015640e-01 2.051752e-02 8.648772e-01 4.760550e+02
8.466516e-01 -1.769328e-01 5.018723e-01 1.884958e+01 1.640133e-01 9.839570e-01 7.020145e-02 4.324201e-01 -5.062417e-01 2.287757e-02 8.620881e-01 4.778104e+02
8.432760e-01 -1.785495e-01 5.069573e-01 1.988445e+01 1.666093e-01 9.835862e-01 6.927837e-02 5.426903e-01 -5.110058e-01 2.604300e-02 8.591827e-01 4.795844e+02
8.401195e-01 -1.780935e-01 5.123299e-01 2.090639e+01 1.667406e-01 9.836186e-01 6.849879e-02 6.397925e-01 -5.161364e-01 2.787903e-02 8.560526e-01 4.813157e+02
8.371002e-01 -1.767308e-01 5.177156e-01 2.195317e+01 1.664376e-01 9.837922e-01 6.671894e-02 7.485613e-01 -5.211159e-01 3.031690e-02 8.529473e-01 4.830695e+02
8.339206e-01 -1.745633e-01 5.235495e-01 2.301869e+01 1.645614e-01 9.841547e-01 6.602270e-02 8.462730e-01 -5.267789e-01 3.109836e-02 8.494333e-01 4.848205e+02
8.308086e-01 -1.734607e-01 5.288369e-01 2.407269e+01 1.629704e-01 9.843638e-01 6.684712e-02 9.529387e-01 -5.321633e-01 3.064758e-02 8.460869e-01 4.865416e+02
8.277881e-01 -1.731216e-01 5.336626e-01 2.518410e+01 1.611505e-01 9.844866e-01 6.940243e-02 1.065676e+00 -5.373987e-01 2.854946e-02 8.428449e-01 4.883211e+02
8.247131e-01 -1.733649e-01 5.383242e-01 2.628933e+01 1.594206e-01 9.845208e-01 7.282800e-02 1.185852e+00 -5.426172e-01 2.575777e-02 8.395851e-01 4.900639e+02
8.216375e-01 -1.741344e-01 5.427605e-01 2.740853e+01 1.581554e-01 9.844522e-01 7.642530e-02 1.309814e+00 -5.476300e-01 2.304658e-02 8.364032e-01 4.917932e+02
8.182512e-01 -1.746562e-01 5.476862e-01 2.854581e+01 1.577605e-01 9.843746e-01 7.821881e-02 1.439178e+00 -5.527898e-01 2.240061e-02 8.330196e-01 4.935369e+02
8.146140e-01 -1.749630e-01 5.529847e-01 2.965533e+01 1.580168e-01 9.842990e-01 7.865167e-02 1.552096e+00 -5.580634e-01 2.331014e-02 8.294708e-01 4.952449e+02
8.112781e-01 -1.749714e-01 5.578645e-01 3.082951e+01 1.590330e-01 9.842326e-01 7.742491e-02 1.675232e+00 -5.626156e-01 2.590571e-02 8.263126e-01 4.970013e+02
8.083895e-01 -1.738905e-01 5.623775e-01 3.196456e+01 1.594728e-01 9.843394e-01 7.512950e-02 1.788247e+00 -5.666347e-01 2.895003e-02 8.234604e-01 4.986791e+02
8.055687e-01 -1.734863e-01 5.665347e-01 3.313879e+01 1.603956e-01 9.843234e-01 7.335295e-02 1.907096e+00 -5.703791e-01 3.177883e-02 8.207666e-01 5.003943e+02
8.035622e-01 -1.742689e-01 5.691381e-01 3.431727e+01 1.614100e-01 9.841503e-01 7.345107e-02 2.015663e+00 -5.729177e-01 3.284207e-02 8.189546e-01 5.020901e+02
8.013805e-01 -1.752573e-01 5.719040e-01 3.549623e+01 1.619287e-01 9.839762e-01 7.463219e-02 2.124681e+00 -5.758197e-01 3.279889e-02 8.169185e-01 5.037919e+02
7.994208e-01 -1.759727e-01 5.744215e-01 3.665601e+01 1.616254e-01 9.838844e-01 7.647712e-02 2.230326e+00 -5.786222e-01 3.170370e-02 8.149793e-01 5.054623e+02
7.968375e-01 -1.766264e-01 5.778002e-01 3.782219e+01 1.612135e-01 9.838000e-01 7.840784e-02 2.348056e+00 -5.822888e-01 3.067091e-02 8.124033e-01 5.071497e+02
7.938977e-01 -1.773885e-01 5.816010e-01 3.900480e+01 1.613808e-01 9.836663e-01 7.973027e-02 2.476196e+00 -5.862445e-01 3.056155e-02 8.095575e-01 5.088139e+02
7.907229e-01 -1.772674e-01 5.859467e-01 4.018931e+01 1.613971e-01 9.836591e-01 7.978584e-02 2.602324e+00 -5.905152e-01 3.148163e-02 8.064122e-01 5.104661e+02
7.870566e-01 -1.771805e-01 5.908884e-01 4.139438e+01 1.624726e-01 9.835839e-01 7.852032e-02 2.729770e+00 -5.951005e-01 3.420323e-02 8.029231e-01 5.121594e+02
7.836712e-01 -1.774248e-01 5.952982e-01 4.263840e+01 1.634983e-01 9.834648e-01 7.788043e-02 2.849534e+00 -5.992727e-01 3.629760e-02 7.997216e-01 5.138456e+02
7.803251e-01 -1.782963e-01 5.994190e-01 4.390216e+01 1.658167e-01 9.831783e-01 7.658438e-02 2.972388e+00 -6.029905e-01 3.963297e-02 7.967633e-01 5.155114e+02
7.770855e-01 -1.770025e-01 6.039935e-01 4.512708e+01 1.650345e-01 9.833669e-01 7.584929e-02 3.091559e+00 -6.073728e-01 4.073836e-02 7.933717e-01 5.171496e+02
7.740685e-01 -1.758665e-01 6.081849e-01 4.639233e+01 1.631396e-01 9.836100e-01 7.679057e-02 3.217698e+00 -6.117216e-01 3.977786e-02 7.900724e-01 5.188118e+02
