1.000000e+00 0.000000e+00 0.000000e+00 0.000000e+00 0.000000e+00 1.000000e+00 0.000000e+00 0.000000e+00 0.000000e+00 0.000000e+00 1.000000e+00 0.000000e+00
9.999834e-01 -6.355795e-04 -5.725277e-03 -1.109227e-02 4.813688e-04 9.996381e-01 -2.689630e-02 -9.744303e-04 5.740300e-03 2.689310e-02 9.996218e-01 7.703524e-01
9.999539e-01 -2.524379e-03 -9.265571e-03 -2.011049e-02 2.179008e-03 9.993093e-01 -3.709734e-02 -1.157262e-02 9.352818e-03 3.707544e-02 9.992687e-01 1.558944e+00
9.999167e-01 -2.605249e-03 -1.263994e-02 -3.000330e-02 2.268718e-03 9.996445e-01 -2.656604e-02 -4.247713e-02 1.270466e-02 2.653515e-02 9.995671e-01 2.386572e+00
9.998702e-01 -1.293320e-03 -1.605987e-02 -5.002413e-02 1.066924e-03 9.999001e-01 -1.409760e-02 -7.736429e-02 1.607650e-02 1.407863e-02 9.997716e-01 3.210688e+00
9.998270e-01 -3.581523e-04 -1.859622e-02 -7.284708e-02 1.648323e-04 9.999459e-01 -1.039616e-02 -1.001780e-01 1.859893e-02 1.039129e-02 9.997730e-01 4.031689e+00
9.998145e-01 -1.245859e-03 -1.921939e-02 -9.037207e-02 9.892659e-04 9.999103e-01 -1.335446e-02 -1.188309e-01 1.923430e-02 1.333297e-02 9.997261e-01 4.844654e+00
9.998219e-01 -1.356103e-03 -1.882623e-02 -1.092262e-01 1.049851e-03 9.998671e-01 -1.626767e-02 -1.431060e-01 1.884579e-02 1.624501e-02 9.996904e-01 5.672917e+00
9.998314e-01 -1.427030e-03 -1.830562e-02 -1.300376e-01 1.110926e-03 9.998503e-01 -1.726672e-02 -1.646801e-01 1.832752e-02 1.724347e-02 9.996833e-01 6.506119e+00
9.998339e-01 -1.765810e-03 -1.813963e-02 -1.511943e-01 1.476554e-03 9.998717e-01 -1.594712e-02 -1.982059e-01 1.816546e-02 1.591769e-02 9.997083e-01 7.357511e+00
9.998311e-01 -3.175259e-03 -1.810463e-02 -1.688821e-01 2.898731e-03 9.998791e-01 -1.527972e-02 -2.236439e-01 1.815095e-02 1.522466e-02 9.997193e-01 8.210522e+00
9.998277e-01 -3.877348e-03 -1.815342e-02 -1.867925e-01 3.591911e-03 9.998698e-01 -1.572988e-02 -2.481215e-01 1.821205e-02 1.566197e-02 9.997115e-01 9.070590e+00
9.998208e-01 -4.351881e-03 -1.842377e-02 -2.072468e-01 4.046788e-03 9.998546e-01 -1.656477e-02 -2.734270e-01 1.849318e-02 1.648724e-02 9.996930e-01 9.938921e+00
9.998108e-01 -5.023726e-03 -1.878953e-02 -2.273271e-01 4.705358e-03 9.998453e-01 -1.694993e-02 -2.955763e-01 1.887178e-02 1.685831e-02 9.996798e-01 1.081957e+01
9.998033e-01 -5.188720e-03 -1.914306e-02 -2.494830e-01 4.869950e-03 9.998493e-01 -1.666119e-02 -3.173882e-01 1.922663e-02 1.656469e-02 9.996779e-01 1.171250e+01
9.998086e-01 -4.318202e-03 -1.908029e-02 -2.764112e-01 4.022424e-03 9.998716e-01 -1.551303e-02 -3.426569e-01 1.914483e-02 1.543331e-02 9.996976e-01 1.260821e+01
9.998103e-01 -4.575149e-03 -1.893434e-02 -2.972225e-01 4.275937e-03 9.998658e-01 -1.581303e-02 -3.667909e-01 1.900415e-02 1.572907e-02 9.996957e-01 1.350891e+01
9.998111e-01 -5.183708e-03 -1.873233e-02 -3.143200e-01 4.864639e-03 9.998430e-01 -1.703872e-02 -3.893380e-01 1.881771e-02 1.694437e-02 9.996793e-01 1.441930e+01
9.998117e-01 -5.568727e-03 -1.858825e-02 -3.365624e-01 5.231752e-03 9.998220e-01 -1.812804e-02 -4.151545e-01 1.868589e-02 1.802738e-02 9.996629e-01 1.534336e+01
9.998034e-01 -6.057533e-03 -1.888295e-02 -3.552661e-01 5.705712e-03 9.998102e-01 -1.863020e-02 -4.437273e-01 1.899221e-02 1.851880e-02 9.996481e-01 1.626483e+01
9.997853e-01 -7.080572e-03 -1.947447e-02 -3.771388e-01 6.722229e-03 9.998080e-01 -1.840498e-02 -4.715069e-01 1.960105e-02 1.827012e-02 9.996409e-01 1.720553e+01
9.997355e-01 -1.003957e-02 -2.069165e-02 -3.943899e-01 9.672393e-03 9.997953e-01 -1.776927e-02 -5.072132e-01 2.086581e-02 1.756443e-02 9.996280e-01 1.815612e+01
9.996977e-01 -1.087573e-02 -2.205188e-02 -4.182971e-01 1.048021e-02 9.997836e-01 -1.797262e-02 -5.333987e-01 2.224257e-02 1.773608e-02 9.995953e-01 1.911060e+01
9.996457e-01 -1.302924e-02 -2.321227e-02 -4.442569e-01 1.261352e-02 9.997590e-01 -1.796663e-02 -5.608495e-01 2.344077e-02 1.766748e-02 9.995691e-01 2.007504e+01
9.995860e-01 -1.474572e-02 -2.470772e-02 -4.700578e-01 1.430308e-02 9.997357e-01 -1.799689e-02 -5.893478e-01 2.496656e-02 1.763604e-02 9.995327e-01 2.105438e+01
9.995277e-01 -1.613087e-02 -2.615619e-02 -4.975306e-01 1.568349e-02 9.997287e-01 -1.721991e-02 -6.211428e-01 2.642687e-02 1.680155e-02 9.995095e-01 2.204931e+01
9.994595e-01 -1.709514e-02 -2.808024e-02 -5.313163e-01 1.664077e-02 9.997281e-01 -1.633598e-02 -6.557040e-01 2.835187e-02 1.585987e-02 9.994722e-01 2.305323e+01
9.994003e-01 -1.629516e-02 -3.055308e-02 -5.667000e-01 1.584831e-02 9.997647e-01 -1.481100e-02 -6.827323e-01 3.078723e-02 1.431790e-02 9.994234e-01 2.406647e+01
9.993156e-01 -1.433816e-02 -3.409854e-02 -6.129626e-01 1.386056e-02 9.998031e-01 -1.420195e-02 -7.058401e-01 3.429546e-02 1.371961e-02 9.993176e-01 2.510011e+01
9.991705e-01 -1.474390e-02 -3.795943e-02 -6.574302e-01 1.416994e-02 9.997818e-01 -1.534515e-02 -7.325544e-01 3.817739e-02 1.479453e-02 9.991615e-01 2.614849e+01
9.989850e-01 -1.407303e-02 -4.278857e-02 -7.123773e-01 1.323998e-02 9.997185e-01 -1.969055e-02 -7.639279e-01 4.305363e-02 1.910404e-02 9.988901e-01 2.720715e+01
9.987238e-01 -1.431236e-02 -4.843445e-02 -7.767727e-01 1.324614e-02 9.996644e-01 -2.226361e-02 -7.862581e-01 4.873684e-02 2.159363e-02 9.985782e-01 2.826839e+01
9.983943e-01 -1.537550e-02 -5.452040e-02 -8.388448e-01 1.431904e-02 9.997031e-01 -1.971531e-02 -8.189367e-01 5.480734e-02 1.890297e-02 9.983180e-01 2.936123e+01
9.980859e-01 -1.551785e-02 -5.986477e-02 -9.108232e-01 1.456093e-02 9.997597e-01 -1.638790e-02 -8.452395e-01 6.010469e-02 1.548484e-02 9.980720e-01 3.046625e+01
9.978417e-01 -1.553157e-02 -6.380136e-02 -9.879290e-01 1.459195e-02 9.997785e-01 -1.516695e-02 -8.763013e-01 6.402279e-02 1.420323e-02 9.978474e-01 3.157686e+01
9.977206e-01 -1.332762e-02 -6.615100e-02 -1.075171e+00 1.232799e-02 9.998039e-01 -1.549676e-02 -9.078142e-01 6.634456e-02 1.464593e-02 9.976893e-01 3.268487e+01
9.976849e-01 -1.288996e-02 -6.677341e-02 -1.161350e+00 1.192275e-02 9.998184e-01 -1.486324e-02 -9.323572e-01 6.695288e-02 1.403271e-02 9.976575e-01 3.380833e+01
9.976688e-01 -1.259943e-02 -6.706807e-02 -1.243334e+00 1.172695e-02 9.998416e-01 -1.338677e-02 -9.650094e-01 6.722612e-02 1.256906e-02 9.976586e-01 3.492913e+01
9.977175e-01 -1.204343e-02 -6.644308e-02 -1.325568e+00 1.122735e-02 9.998571e-01 -1.264219e-02 -9.996778e-01 6.658584e-02 1.186736e-02 9.977101e-01 3.604781e+01
9.977661e-01 -1.216949e-02 -6.568712e-02 -1.405073e+00 1.134416e-02 9.998521e-01 -1.292301e-02 -1.026895e+00 6.583467e-02 1.214898e-02 9.977566e-01 3.717181e+01
9.978306e-01 -1.278384e-02 -6.458081e-02 -1.481369e+00 1.191846e-02 9.998342e-01 -1.376745e-02 -1.057384e+00 6.474610e-02 1.296788e-02 9.978175e-01 3.828838e+01
9.978994e-01 -1.387060e-02 -6.327977e-02 -1.558665e+00 1.298862e-02 9.998130e-01 -1.432804e-02 -1.089966e+00 6.346667e-02 1.347602e-02 9.978930e-01 3.940271e+01
9.979619e-01 -1.485375e-02 -6.205925e-02 -1.630561e+00 1.397544e-02 9.997963e-01 -1.456311e-02 -1.123835e+00 6.226293e-02 1.366612e-02 9.979662e-01 4.051404e+01
9.980194e-01 -1.588481e-02 -6.086853e-02 -1.700021e+00 1.503116e-02 9.997825e-01 -1.445682e-02 -1.152670e+00 6.108493e-02 1.351327e-02 9.980411e-01 4.163205e+01
9.981052e-01 -1.601662e-02 -5.940971e-02 -1.774985e+00 1.522390e-02 9.997893e-01 -1.377202e-02 -1.191757e+00 5.961777e-02 1.284148e-02 9.981387e-01 4.274830e+01
9.981880e-01 -1.642001e-02 -5.788798e-02 -1.849860e+00 1.563639e-02 9.997802e-01 -1.396395e-02 -1.223243e+00 5.810455e-02 1.303349e-02 9.982254e-01 4.386513e+01
9.982371e-01 -1.691491e-02 -5.689056e-02 -1.920896e+00 1.614302e-02 9.997717e-01 -1.400023e-02 -1.256974e+00 5.711438e-02 1.305717e-02 9.982823e-01 4.496731e+01
9.982772e-01 -1.716071e-02 -5.610846e-02 -1.983696e+00 1.639662e-02 9.997668e-01 -1.405034e-02 -1.288057e+00 5.633649e-02 1.310615e-02 9.983258e-01 4.606349e+01
9.982816e-01 -1.811248e-02 -5.572914e-02 -2.049260e+00 1.734429e-02 9.997482e-01 -1.423725e-02 -1.320366e+00 5.597298e-02 1.324620e-02 9.983444e-01 4.716473e+01
9.983044e-01 -1.828661e-02 -5.526237e-02 -2.119980e+00 1.749189e-02 9.997370e-01 -1.483053e-02 -1.353925e+00 5.551903e-02 1.383874e-02 9.983617e-01 4.827690e+01
9.982971e-01 -1.939894e-02 -5.501416e-02 -2.181749e+00 1.860475e-02 9.997157e-01 -1.491165e-02 -1.384334e+00 5.528779e-02 1.386273e-02 9.983742e-01 4.938274e+01
9.982886e-01 -2.014549e-02 -5.489962e-02 -2.245083e+00 1.936260e-02 9.997036e-01 -1.475520e-02 -1.417577e+00 5.518060e-02 1.366695e-02 9.983829e-01 5.048157e+01
9.982964e-01 -2.011427e-02 -5.476877e-02 -2.304104e+00 1.931173e-02 9.996988e-01 -1.514348e-02 -1.451686e+00 5.505687e-02 1.406000e-02 9.983842e-01 5.158047e+01
9.982876e-01 -2.115322e-02 -5.453904e-02 -2.368224e+00 2.029732e-02 9.996627e-01 -1.619978e-02 -1.484023e+00 5.486333e-02 1.506504e-02 9.983802e-01 5.266774e+01
9.982640e-01 -2.212888e-02 -5.458375e-02 -2.436228e+00 2.128131e-02 9.996445e-01 -1.606051e-02 -1.511978e+00 5.491975e-02 1.487101e-02 9.983800e-01 5.375740e+01
9.981441e-01 -2.323449e-02 -5.628954e-02 -2.500304e+00 2.242625e-02 9.996367e-01 -1.494809e-02 -1.547798e+00 5.661640e-02 1.365798e-02 9.983026e-01 5.485540e+01
9.978900e-01 -2.546746e-02 -5.972431e-02 -2.560921e+00 2.459740e-02 9.995810e-01 -1.525828e-02 -1.579751e+00 6.008788e-02 1.375702e-02 9.980983e-01 5.593470e+01
9.975027e-01 -2.892453e-02 -6.443465e-02 -2.630029e+00 2.790441e-02 9.994715e-01 -1.667615e-02 -1.613653e+00 6.488295e-02 1.483649e-02 9.977826e-01 5.701586e+01
9.969661e-01 -3.196125e-02 -7.097196e-02 -2.706201e+00 3.068163e-02 9.993477e-01 -1.904772e-02 -1.646278e+00 7.153445e-02 1.681240e-02 9.972964e-01 5.809291e+01
9.963001e-01 -3.552099e-02 -7.825801e-02 -2.790653e+00 3.401206e-02 9.992105e-01 -2.053114e-02 -1.685058e+00 7.892552e-02 1.779346e-02 9.967217e-01 5.917653e+01
9.957443e-01 -3.544240e-02 -8.507113e-02 -2.891720e+00 3.391248e-02 9.992372e-01 -1.936270e-02 -1.727728e+00 8.569250e-02 1.639532e-02 9.961867e-01 6.025867e+01
9.952687e-01 -3.408461e-02 -9.098623e-02 -2.997006e+00 3.268191e-02 9.993235e-01 -1.686265e-02 -1.767801e+00 9.149944e-02 1.380926e-02 9.957094e-01 6.132824e+01
9.949661e-01 -3.070342e-02 -9.539257e-02 -3.108344e+00 2.926766e-02 9.994368e-01 -1.641424e-02 -1.806511e+00 9.584282e-02 1.353969e-02 9.953044e-01 6.239154e+01
9.947443e-01 -2.976758e-02 -9.796734e-02 -3.219356e+00 2.814989e-02 9.994443e-01 -1.785378e-02 -1.837785e+00 9.844436e-02 1.500218e-02 9.950295e-01 6.344506e+01
9.947213e-01 -2.817122e-02 -9.867076e-02 -3.334593e+00 2.627703e-02 9.994456e-01 -2.044451e-02 -1.874671e+00 9.919201e-02 1.774382e-02 9.949101e-01 6.450395e+01
9.947973e-01 -2.726376e-02 -9.815817e-02 -3.446866e+00 2.525734e-02 9.994470e-01 -2.162580e-02 -1.910065e+00 9.869349e-02 1.903408e-02 9.949358e-01 6.555373e+01
9.949472e-01 -2.800923e-02 -9.641324e-02 -3.551436e+00 2.611605e-02 9.994416e-01 -2.084259e-02 -1.952048e+00 9.694319e-02 1.821935e-02 9.951231e-01 6.660498e+01
9.952094e-01 -2.829621e-02 -9.358181e-02 -3.650961e+00 2.657824e-02 9.994555e-01 -1.955384e-02 -1.985403e+00 9.408415e-02 1.697292e-02 9.954196e-01 6.766023e+01
9.956669e-01 -2.901404e-02 -8.834925e-02 -3.751644e+00 2.750814e-02 9.994556e-01 -1.821524e-02 -2.021315e+00 8.882965e-02 1.570599e-02 9.959230e-01 6.873014e+01
9.962368e-01 -2.664568e-02 -8.247632e-02 -3.846585e+00 2.523799e-02 9.995183e-01 -1.806367e-02 -2.057104e+00 8.291791e-02 1.591415e-02 9.964293e-01 6.977680e+01
9.968540e-01 -2.666661e-02 -7.463880e-02 -3.929655e+00 2.538617e-02 9.995147e-01 -1.805187e-02 -2.097927e+00 7.508397e-02 1.610029e-02 9.970472e-01 7.082122e+01
9.974945e-01 -2.556555e-02 -6.596341e-02 -3.998584e+00 2.442038e-02 9.995377e-01 -1.810910e-02 -2.125400e+00 6.639589e-02 1.645288e-02 9.976577e-01 7.185547e+01
9.981973e-01 -2.298825e-02 -5.544003e-02 -4.060072e+00 2.202329e-02 9.995962e-01 -1.795407e-02 -2.162697e+00 5.583038e-02 1.670073e-02 9.983006e-01 7.288899e+01
9.987414e-01 -2.280621e-02 -4.467043e-02 -4.113281e+00 2.204699e-02 9.996052e-01 -1.741562e-02 -2.195956e+00 4.504998e-02 1.640885e-02 9.988500e-01 7.392819e+01
9.991959e-01 -2.197114e-02 -3.353710e-02 -4.153655e+00 2.140476e-02 9.996237e-01 -1.715472e-02 -2.227487e+00 3.390139e-02 1.642307e-02 9.992902e-01 7.497508e+01
9.995149e-01 -2.129577e-02 -2.272761e-02 -4.186108e+00 2.090592e-02 9.996325e-01 -1.725486e-02 -2.261910e+00 2.308671e-02 1.677134e-02 9.995928e-01 7.601802e+01
9.996828e-01 -2.187306e-02 -1.248451e-02 -4.205011e+00 2.164788e-02 9.996055e-01 -1.789568e-02 -2.296174e+00 1.287102e-02 1.761974e-02 9.997619e-01 7.706841e+01
9.997171e-01 -2.352523e-02 -3.505735e-03 -4.214718e+00 2.345364e-02 9.995400e-01 -1.922633e-02 -2.329259e+00 3.956427e-03 1.913867e-02 9.998090e-01 7.812815e+01
9.996766e-01 -2.521680e-02 3.295399e-03 -4.213975e+00 2.527722e-02 9.994845e-01 -1.979628e-02 -2.365800e+00 -2.794502e-03 1.987318e-02 9.997986e-01 7.918861e+01
9.995188e-01 -3.019915e-02 7.081951e-03 -4.196461e+00 3.033495e-02 9.993412e-01 -1.992392e-02 -2.395714e+00 -6.475600e-03 2.012916e-02 9.997764e-01 8.024575e+01
9.994140e-01 -3.310757e-02 8.694711e-03 -4.187480e+00 3.327051e-02 9.992597e-01 -1.931646e-02 -2.429784e+00 -8.048753e-03 1.959442e-02 9.997756e-01 8.130263e+01
9.993061e-01 -3.613902e-02 9.020987e-03 -4.180091e+00 3.630739e-02 9.991551e-01 -1.925670e-02 -2.465563e+00 -8.317447e-03 1.957086e-02 9.997739e-01 8.236410e+01
9.993055e-01 -3.644314e-02 7.770344e-03 -4.171311e+00 3.657630e-02 9.991733e-01 -1.774561e-02 -2.507355e+00 -7.117215e-03 1.801750e-02 9.998123e-01 8.343042e+01
9.992792e-01 -3.746055e-02 6.140761e-03 -4.173368e+00 3.756486e-02 9.991346e-01 -1.785675e-02 -2.539609e+00 -5.466524e-03 1.807456e-02 9.998217e-01 8.451290e+01
9.992898e-01 -3.751550e-02 3.531529e-03 -4.171601e+00 3.757647e-02 9.991100e-01 -1.916227e-02 -2.570996e+00 -2.809503e-03 1.928137e-02 9.998101e-01 8.558815e+01
9.993045e-01 -3.727972e-02 8.586680e-04 -4.183582e+00 3.728949e-02 9.990947e-01 -2.047404e-02 -2.604436e+00 -9.462422e-05 2.049182e-02 9.997900e-01 8.665770e+01
9.992717e-01 -3.801995e-02 -3.235967e-03 -4.188897e+00 3.794255e-02 9.990524e-01 -2.132431e-02 -2.641866e+00 4.043650e-03 2.118600e-02 9.997674e-01 8.773270e+01
9.991765e-01 -3.987978e-02 -7.480062e-03 -4.196912e+00 3.971018e-02 9.989778e-01 -2.159555e-02 -2.677182e+00 8.333642e-03 2.128073e-02 9.997388e-01 8.881630e+01
9.990748e-01 -4.139367e-02 -1.166989e-02 -4.213859e+00 4.113162e-02 9.989144e-01 -2.186629e-02 -2.713024e+00 1.256235e-02 2.136606e-02 9.996928e-01 8.990699e+01
9.989996e-01 -4.174703e-02 -1.603136e-02 -4.238524e+00 4.140466e-02 9.989191e-01 -2.112540e-02 -2.753525e+00 1.689595e-02 2.044049e-02 9.996483e-01 9.099866e+01
9.989273e-01 -4.175469e-02 -2.001896e-02 -4.266041e+00 4.132777e-02 9.989189e-01 -2.128513e-02 -2.788349e+00 2.088607e-02 2.043496e-02 9.995730e-01 9.211144e+01
9.988742e-01 -4.122727e-02 -2.346450e-02 -4.299337e+00 4.075424e-02 9.989631e-01 -2.029257e-02 -2.826955e+00 2.427678e-02 1.931345e-02 9.995187e-01 9.322273e+01
9.988716e-01 -3.959421e-02 -2.622800e-02 -4.340633e+00 3.909312e-02 9.990482e-01 -1.935059e-02 -2.860469e+00 2.696921e-02 1.830342e-02 9.994687e-01 9.432663e+01
9.988605e-01 -3.861823e-02 -2.804224e-02 -4.381287e+00 3.809815e-02 9.990962e-01 -1.884979e-02 -2.900043e+00 2.874485e-02 1.775995e-02 9.994290e-01 9.542797e+01
9.988440e-01 -3.787104e-02 -2.960532e-02 -4.423867e+00 3.729590e-02 9.991092e-01 -1.974391e-02 -2.941224e+00 3.032667e-02 1.861693e-02 9.993667e-01 9.652272e+01
9.987515e-01 -3.897492e-02 -3.124612e-02 -4.460367e+00 3.834352e-02 9.990531e-01 -2.055819e-02 -2.985035e+00 3.201779e-02 1.933444e-02 9.993003e-01 9.763142e+01
9.986682e-01 -4.000935e-02 -3.257539e-02 -4.499981e+00 3.935733e-02 9.990166e-01 -2.041705e-02 -3.023807e+00 3.336023e-02 1.910778e-02 9.992607e-01 9.874108e+01
9.986526e-01 -3.951490e-02 -3.363870e-02 -4.544493e+00 3.885222e-02 9.990422e-01 -2.013102e-02 -3.058819e+00 3.440195e-02 1.879695e-02 9.992313e-01 9.983506e+01
9.986073e-01 -3.974342e-02 -3.469701e-02 -4.582818e+00 3.910005e-02 9.990541e-01 -1.902841e-02 -3.098449e+00 3.542044e-02 1.764525e-02 9.992167e-01 1.009275e+02
9.985833e-01 -4.015412e-02 -3.491372e-02 -4.625152e+00 3.952321e-02 9.990459e-01 -1.857706e-02 -3.134983e+00 3.562635e-02 1.717084e-02 9.992177e-01 1.020202e+02
9.986420e-01 -3.852100e-02 -3.507498e-02 -4.673339e+00 3.791285e-02 9.991218e-01 -1.784184e-02 -3.172209e+00 3.573146e-02 1.648782e-02 9.992254e-01 1.031104e+02
9.986929e-01 -3.702838e-02 -3.523339e-02 -4.713879e+00 3.645147e-02 9.991929e-01 -1.687788e-02 -3.207102e+00 3.582991e-02 1.557151e-02 9.992366e-01 1.042065e+02
9.987166e-01 -3.648212e-02 -3.513003e-02 -4.763499e+00 3.589073e-02 9.992056e-01 -1.732059e-02 -3.242536e+00 3.573402e-02 1.603752e-02 9.992326e-01 1.052942e+02
9.987017e-01 -3.709146e-02 -3.491601e-02 -4.809245e+00 3.643151e-02 9.991488e-01 -1.935157e-02 -3.278957e+00 3.560407e-02 1.805440e-02 9.992029e-01 1.063749e+02
9.986408e-01 -3.866572e-02 -3.495143e-02 -4.851899e+00 3.798772e-02 9.990809e-01 -1.985899e-02 -3.322251e+00 3.568717e-02 1.850427e-02 9.991917e-01 1.074536e+02
9.985296e-01 -4.141051e-02 -3.498392e-02 -4.894390e+00 4.072766e-02 9.989699e-01 -2.001128e-02 -3.360505e+00 3.577656e-02 1.855705e-02 9.991875e-01 1.085254e+02
9.984404e-01 -4.353251e-02 -3.495159e-02 -4.940743e+00 4.289634e-02 9.989036e-01 -1.874982e-02 -3.399147e+00 3.572949e-02 1.722128e-02 9.992131e-01 1.095994e+02
9.983841e-01 -4.470560e-02 -3.508097e-02 -4.981224e+00 4.412936e-02 9.988806e-01 -1.703238e-02 -3.442003e+00 3.580315e-02 1.545675e-02 9.992393e-01 1.106602e+02
9.983071e-01 -4.623496e-02 -3.528694e-02 -5.015257e+00 4.567754e-02 9.988209e-01 -1.644312e-02 -3.476181e+00 3.600558e-02 1.480346e-02 9.992419e-01 1.117306e+02
9.982756e-01 -4.676731e-02 -3.547871e-02 -5.055530e+00 4.625103e-02 9.988136e-01 -1.523616e-02 -3.513414e+00 3.614917e-02 1.356896e-02 9.992543e-01 1.127917e+02
9.982652e-01 -4.704622e-02 -3.540182e-02 -5.100092e+00 4.653585e-02 9.988024e-01 -1.510539e-02 -3.547677e+00 3.607008e-02 1.343173e-02 9.992590e-01 1.138306e+02
9.981780e-01 -4.828020e-02 -3.619023e-02 -5.137062e+00 4.776462e-02 9.987463e-01 -1.497847e-02 -3.580358e+00 3.686803e-02 1.322257e-02 9.992327e-01 1.148628e+02
9.980811e-01 -4.938924e-02 -3.734773e-02 -5.176631e+00 4.886982e-02 9.986970e-01 -1.469546e-02 -3.617708e+00 3.802487e-02 1.284209e-02 9.991943e-01 1.158787e+02
9.980237e-01 -4.951235e-02 -3.869340e-02 -5.219880e+00 4.898145e-02 9.986937e-01 -1.455085e-02 -3.649781e+00 3.936331e-02 1.262684e-02 9.991452e-01 1.168835e+02
9.979491e-01 -4.967720e-02 -4.036959e-02 -5.263477e+00 4.914816e-02 9.986935e-01 -1.399410e-02 -3.691030e+00 4.101203e-02 1.198131e-02 9.990868e-01 1.178791e+02
9.978582e-01 -5.008120e-02 -4.208102e-02 -5.309711e+00 4.950547e-02 9.986669e-01 -1.461444e-02 -3.728252e+00 4.275683e-02 1.249990e-02 9.990073e-01 1.188454e+02
9.976920e-01 -5.153961e-02 -4.420755e-02 -5.349557e+00 5.092797e-02 9.985919e-01 -1.485279e-02 -3.764468e+00 4.491080e-02 1.256711e-02 9.989120e-01 1.197938e+02
9.975927e-01 -5.143965e-02 -4.650615e-02 -5.397123e+00 5.082657e-02 9.986055e-01 -1.427129e-02 -3.798949e+00 4.717541e-02 1.187319e-02 9.988161e-01 1.207290e+02
9.975169e-01 -5.113390e-02 -4.842814e-02 -5.447284e+00 5.049420e-02 9.986214e-01 -1.434266e-02 -3.829123e+00 4.909477e-02 1.186171e-02 9.987237e-01 1.216481e+02
9.974546e-01 -5.027583e-02 -5.056278e-02 -5.496403e+00 4.963201e-02 9.986707e-01 -1.390970e-02 -3.862016e+00 5.119488e-02 1.136476e-02 9.986240e-01 1.225468e+02
9.974088e-01 -4.929301e-02 -5.240113e-02 -5.551090e+00 4.860962e-02 9.987164e-01 -1.423788e-02 -3.898739e+00 5.303569e-02 1.165379e-02 9.985246e-01 1.234285e+02
9.973949e-01 -4.775386e-02 -5.406382e-02 -5.605665e+00 4.705016e-02 9.987914e-01 -1.421565e-02 -3.931872e+00 5.467733e-02 1.163491e-02 9.984363e-01 1.243024e+02
9.973641e-01 -4.713787e-02 -5.516191e-02 -5.661041e+00 4.636662e-02 9.988091e-01 -1.517955e-02 -3.961650e+00 5.581175e-02 1.258186e-02 9.983620e-01 1.251566e+02
9.973470e-01 -4.597408e-02 -5.643831e-02 -5.712996e+00 4.509329e-02 9.988418e-01 -1.678251e-02 -3.993976e+00 5.714451e-02 1.419299e-02 9.982650e-01 1.259968e+02
9.973532e-01 -4.528972e-02 -5.688169e-02 -5.767429e+00 4.435581e-02 9.988612e-01 -1.757566e-02 -4.021771e+00 5.761291e-02 1.500611e-02 9.982262e-01 1.268228e+02
9.973866e-01 -4.435480e-02 -5.703200e-02 -5.816763e+00 4.344830e-02 9.989104e-01 -1.703803e-02 -4.052456e+00 5.772558e-02 1.451556e-02 9.982270e-01 1.276355e+02
9.974039e-01 -4.397984e-02 -5.702040e-02 -5.866325e+00 4.318521e-02 9.989530e-01 -1.509446e-02 -4.083958e+00 5.762455e-02 1.259284e-02 9.982589e-01 1.284281e+02
9.974888e-01 -4.265573e-02 -5.653902e-02 -5.913105e+00 4.194930e-02 9.990269e-01 -1.362361e-02 -4.106693e+00 5.706513e-02 1.121763e-02 9.983074e-01 1.292088e+02
9.976970e-01 -4.033443e-02 -5.453292e-02 -5.961645e+00 3.974381e-02 9.991394e-01 -1.187243e-02 -4.132355e+00 5.496486e-02 9.677740e-03 9.984414e-01 1.299638e+02
9.978992e-01 -3.911789e-02 -5.164352e-02 -5.999878e+00 3.869389e-02 9.992089e-01 -9.184963e-03 -4.155936e+00 5.196196e-02 7.167378e-03 9.986233e-01 1.306860e+02
9.981218e-01 -3.841090e-02 -4.772314e-02 -6.035174e+00 3.812126e-02 9.992488e-01 -6.964920e-03 -4.178264e+00 4.795482e-02 5.132572e-03 9.988363e-01 1.313805e+02
9.984038e-01 -3.663326e-02 -4.298729e-02 -6.066162e+00 3.643664e-02 9.993216e-01 -5.348997e-03 -4.202009e+00 4.315408e-02 3.774147e-03 9.990613e-01 1.320462e+02
9.987005e-01 -3.490525e-02 -3.713388e-02 -6.091891e+00 3.472907e-02 9.993823e-01 -5.378941e-03 -4.225891e+00 3.729870e-02 4.082325e-03 9.992958e-01 1.326787e+02
9.989680e-01 -3.386969e-02 -3.026258e-02 -6.112396e+00 3.369280e-02 9.994122e-01 -6.336018e-03 -4.242718e+00 3.045939e-02 5.309848e-03 9.995219e-01 1.332779e+02
9.991328e-01 -3.508900e-02 -2.241267e-02 -6.122942e+00 3.495239e-02 9.993681e-01 -6.458264e-03 -4.260703e+00 2.262512e-02 5.669287e-03 9.997279e-01 1.338437e+02
9.992731e-01 -3.559838e-02 -1.363737e-02 -6.125968e+00 3.549657e-02 9.993406e-01 -7.636366e-03 -4.278352e+00 1.390022e-02 7.146736e-03 9.998778e-01 1.343721e+02
9.993539e-01 -3.571038e-02 -4.062325e-03 -6.128127e+00 3.567658e-02 9.993305e-01 -8.110437e-03 -4.294538e+00 4.349232e-03 7.960268e-03 9.999589e-01 1.348698e+02
9.993065e-01 -3.668067e-02 6.407853e-03 -6.121724e+00 3.672548e-02 9.993007e-01 -7.021560e-03 -4.308724e+00 -6.145816e-03 7.252022e-03 9.999548e-01 1.353423e+02
9.992288e-01 -3.555890e-02 1.665275e-02 -6.107872e+00 3.565769e-02 9.993480e-01 -5.673216e-03 -4.323789e+00 -1.644016e-02 6.262639e-03 9.998452e-01 1.357893e+02
9.989487e-01 -3.597974e-02 2.840612e-02 -6.090162e+00 3.615387e-02 9.993303e-01 -5.640086e-03 -4.335284e+00 -2.818417e-02 6.661148e-03 9.995806e-01 1.362074e+02
9.985989e-01 -3.365380e-02 4.083762e-02 -6.070839e+00 3.393462e-02 9.994048e-01 -6.202832e-03 -4.343851e+00 -4.060457e-02 7.579951e-03 9.991465e-01 1.366087e+02
9.978056e-01 -3.524582e-02 5.605030e-02 -6.042048e+00 3.553922e-02 9.993593e-01 -4.246249e-03 -4.354644e+00 -5.586473e-02 6.228916e-03 9.984189e-01 1.369909e+02
9.966729e-01 -3.552439e-02 7.335676e-02 -6.003877e+00 3.576102e-02 9.993585e-01 -1.914464e-03 -4.359051e+00 -7.324170e-02 4.531408e-03 9.973039e-01 1.373649e+02
9.949884e-01 -3.641404e-02 9.312424e-02 -5.955980e+00 3.663261e-02 9.993286e-01 -6.382553e-04 -4.365765e+00 -9.303848e-02 4.046441e-03 9.956543e-01 1.377365e+02
9.925856e-01 -3.478513e-02 1.164636e-01 -5.900839e+00 3.521464e-02 9.993784e-01 -1.631689e-03 -4.374860e+00 -1.163344e-01 5.720814e-03 9.931936e-01 1.381029e+02
9.892836e-01 -2.738176e-02 1.434159e-01 -5.845213e+00 2.806517e-02 9.996023e-01 -2.744043e-03 -4.380233e+00 -1.432837e-01 6.739628e-03 9.896587e-01 1.384610e+02
9.849513e-01 -2.215092e-02 1.714067e-01 -5.772572e+00 2.371450e-02 9.996937e-01 -7.079580e-03 -4.397082e+00 -1.711974e-01 1.103787e-02 9.851749e-01 1.388065e+02
9.794030e-01 -1.975161e-02 2.009467e-01 -5.683082e+00 2.377336e-02 9.995621e-01 -1.762030e-02 -4.421714e+00 -2.005107e-01 2.203455e-02 9.794437e-01 1.391338e+02
9.719901e-01 -2.142635e-02 2.340431e-01 -5.577884e+00 2.950791e-02 9.990811e-01 -3.108287e-02 -4.439325e+00 -2.331620e-01 3.711836e-02 9.717292e-01 1.394498e+02
9.631562e-01 -2.201157e-02 2.680403e-01 -5.463874e+00 3.514314e-02 9.984003e-01 -4.429175e-02 -4.455343e+00 -2.666366e-01 5.207965e-02 9.623890e-01 1.397463e+02
9.525145e-01 -2.144924e-02 3.037368e-01 -5.346122e+00 3.882846e-02 9.979285e-01 -5.129398e-02 -4.460227e+00 -3.020074e-01 6.065189e-02 9.513742e-01 1.400356e+02
9.397115e-01 -1.921104e-02 3.414283e-01 -5.208465e+00 3.911455e-02 9.979064e-01 -5.150588e-02 -4.474140e+00 -3.397240e-01 6.175548e-02 9.384955e-01 1.403399e+02
9.241749e-01 -1.335173e-02 3.817361e-01 -5.071914e+00 3.523598e-02 9.981076e-01 -5.039543e-02 -4.476956e+00 -3.803408e-01 6.002504e-02 9.228965e-01 1.406247e+02
9.065033e-01 -1.175773e-02 4.220350e-01 -4.912208e+00 3.652350e-02 9.980487e-01 -5.064482e-02 -4.485859e+00 -4.206160e-01 6.132389e-02 9.051638e-01 1.408993e+02
8.861597e-01 -1.967745e-02 4.629619e-01 -4.728537e+00 4.594016e-02 9.979065e-01 -4.552008e-02 -4.503991e+00 -4.610970e-01 6.160660e-02 8.852085e-01 1.411563e+02
8.617289e-01 -3.108059e-02 5.064161e-01 -4.528899e+00 5.574365e-02 9.978792e-01 -3.361117e-02 -4.534960e+00 -5.042974e-01 5.719320e-02 8.616339e-01 1.414062e+02
8.338171e-01 -3.862738e-02 5.506877e-01 -4.317091e+00 6.056958e-02 9.979278e-01 -2.171216e-02 -4.555193e+00 -5.487079e-01 5.145889e-02 8.344290e-01 1.416545e+02
8.006868e-01 -3.976109e-02 5.977622e-01 -4.107151e+00 5.884093e-02 9.981901e-01 -1.241971e-02 -4.572188e+00 -5.961865e-01 4.511718e-02 8.015772e-01 1.418870e+02
7.612016e-01 -3.776694e-02 6.474147e-01 -3.879572e+00 5.407793e-02 9.985225e-01 -5.333632e-03 -4.580817e+00 -6.462567e-01 3.907082e-02 7.621192e-01 1.421055e+02
7.154241e-01 -4.005548e-02 6.975413e-01 -3.626204e+00 5.109411e-02 9.986816e-01 4.944104e-03 -4.585518e+00 -6.968197e-01 3.210312e-02 7.165275e-01 1.423041e+02
6.639240e-01 -4.785728e-02 7.462671e-01 -3.350535e+00 5.059729e-02 9.985380e-01 1.902074e-02 -4.579936e+00 -7.460863e-01 2.513076e-02 6.653748e-01 1.424863e+02
6.075159e-01 -5.918304e-02 7.920996e-01 -3.062760e+00 5.229283e-02 9.980370e-01 3.446301e-02 -4.571782e+00 -7.925843e-01 2.048430e-02 6.094182e-01 1.426416e+02
5.485876e-01 -6.930738e-02 8.332155e-01 -2.755207e+00 5.454194e-02 9.974022e-01 4.705421e-02 -4.560394e+00 -8.343122e-01 1.963184e-02 5.509426e-01 1.427679e+02
4.858118e-01 -7.380512e-02 8.709419e-01 -2.446428e+00 5.248907e-02 9.970938e-01 5.521702e-02 -4.550825e+00 -8.724860e-01 1.888985e-02 4.882739e-01 1.428750e+02
4.196930e-01 -7.779031e-02 9.043265e-01 -2.130329e+00 4.846055e-02 9.968200e-01 6.325634e-02 -4.537459e+00 -9.063716e-01 1.727592e-02 4.221281e-01 1.429605e+02
3.518256e-01 -8.212536e-02 9.324560e-01 -1.805409e+00 4.258963e-02 9.965167e-01 7.169794e-02 -4.523612e+00 -9.350962e-01 1.448779e-02 3.540978e-01 1.430263e+02
2.827926e-01 -8.686268e-02 9.552399e-01 -1.471863e+00 3.868049e-02 9.961137e-01 7.912834e-02 -4.505342e+00 -9.584008e-01 1.457224e-02 2.850535e-01 1.430705e+02
2.151246e-01 -8.869254e-02 9.725508e-01 -1.138357e+00 3.046746e-02 9.959922e-01 8.409101e-02 -4.485561e+00 -9.761112e-01 1.154112e-02 2.169646e-01 1.430975e+02
1.510784e-01 -8.851953e-02 9.845505e-01 -7.945748e-01 2.498043e-02 9.960064e-01 8.571629e-02 -4.458412e+00 -9.882061e-01 1.164461e-02 1.526863e-01 1.431075e+02
9.184977e-02 -8.754296e-02 9.919173e-01 -4.407965e-01 1.946176e-02 9.960956e-01 8.610960e-02 -4.430296e+00 -9.955827e-01 1.139531e-02 9.319489e-02 1.430998e+02
3.508984e-02 -8.810456e-02 9.954930e-01 -9.264784e-02 1.753599e-02 9.960074e-01 8.753196e-02 -4.401630e+00 -9.992303e-01 1.438547e-02 3.649474e-02 1.430680e+02
-1.863772e-02 -9.077591e-02 9.956969e-01 2.753389e-01 1.776806e-02 9.956826e-01 9.110719e-02 -4.368009e+00 -9.996684e-01 1.938963e-02 -1.694435e-02 1.430205e+02
-6.706540e-02 -9.597583e-02 9.931218e-01 6.497647e-01 1.879020e-02 9.950647e-01 9.743249e-02 -4.329852e+00 -9.975716e-01 2.519531e-02 -6.493101e-02 1.429555e+02
-1.096755e-01 -1.040547e-01 9.885059e-01 1.038585e+00 1.407285e-02 9.942431e-01 1.062201e-01 -4.293309e+00 -9.938678e-01 2.556084e-02 -1.075797e-01 1.428838e+02
-1.484846e-01 -1.123221e-01 9.825152e-01 1.438754e+00 7.200403e-03 9.933796e-01 1.146523e-01 -4.253854e+00 -9.888885e-01 2.409860e-02 -1.466928e-01 1.428009e+02
-1.821260e-01 -1.200413e-01 9.759202e-01 1.846286e+00 -3.194509e-03 9.925869e-01 1.214952e-01 -4.217522e+00 -9.832700e-01 1.900985e-02 -1.811593e-01 1.427117e+02
-2.118831e-01 -1.184764e-01 9.700871e-01 2.252591e+00 -5.656345e-03 9.927566e-01 1.200095e-01 -4.185682e+00 -9.772787e-01 1.994084e-02 -2.110185e-01 1.426038e+02
-2.375331e-01 -1.098118e-01 9.651525e-01 2.663620e+00 -4.992994e-03 9.937145e-01 1.118326e-01 -4.157228e+00 -9.713666e-01 2.174495e-02 -2.365884e-01 1.424786e+02
-2.593441e-01 -9.631850e-02 9.609700e-01 3.077721e+00 -1.421012e-04 9.950183e-01 9.969282e-02 -4.122481e+00 -9.657850e-01 2.571819e-02 -2.580658e-01 1.423416e+02
-2.764904e-01 -8.205086e-02 9.575076e-01 3.503532e+00 8.271271e-05 9.963465e-01 8.540293e-02 -4.075863e+00 -9.610167e-01 2.369229e-02 -2.754734e-01 1.422002e+02
-2.911884e-01 -7.047840e-02 9.540661e-01 3.947302e+00 -1.915744e-03 9.973236e-01 7.308920e-02 -4.020978e+00 -9.566638e-01 1.945498e-02 -2.905440e-01 1.420563e+02
-3.027957e-01 -6.521869e-02 9.508214e-01 4.404451e+00 -8.085150e-03 9.977957e-01 6.586598e-02 -3.974741e+00 -9.530212e-01 1.225640e-02 -3.026555e-01 1.419129e+02
-3.124398e-01 -6.799794e-02 9.475007e-01 4.875024e+00 -9.633855e-03 9.976103e-01 6.841730e-02 -3.945155e+00 -9.498887e-01 1.224820e-02 -3.123482e-01 1.417540e+02
-3.212929e-01 -7.449925e-02 9.440449e-01 5.369511e+00 -7.092300e-03 9.970620e-01 7.626933e-02 -3.921993e+00 -9.469533e-01 1.780935e-02 -3.208773e-01 1.415801e+02
-3.290760e-01 -7.702816e-02 9.411566e-01 5.865836e+00 -4.017941e-03 9.967727e-01 8.017514e-02 -3.891640e+00 -9.442949e-01 2.260220e-02 -3.283235e-01 1.413973e+02
-3.355389e-01 -7.534592e-02 9.390083e-01 6.368139e+00 -2.390800e-03 9.968611e-01 7.913371e-02 -3.854195e+00 -9.420233e-01 2.430746e-02 -3.346659e-01 1.412104e+02
-3.402034e-01 -7.161833e-02 9.376206e-01 6.871140e+00 -3.053807e-03 9.971744e-01 7.505920e-02 -3.814729e+00 -9.403469e-01 2.267208e-02 -3.394608e-01 1.410276e+02
-3.441259e-01 -6.930856e-02 9.363620e-01 7.390518e+00 -4.558712e-03 9.973834e-01 7.214992e-02 -3.770728e+00 -9.389125e-01 2.056005e-02 -3.435414e-01 1.408358e+02
-3.469686e-01 -6.929968e-02 9.353130e-01 7.919748e+00 -5.734769e-03 9.974045e-01 7.177279e-02 -3.735940e+00 -9.378592e-01 1.953910e-02 -3.464654e-01 1.406429e+02
-3.491937e-01 -6.858878e-02 9.345370e-01 8.457218e+00 -3.392153e-03 9.974035e-01 7.193527e-02 -3.701033e+00 -9.370444e-01 2.194925e-02 -3.485197e-01 1.404413e+02
-3.502402e-01 -6.777603e-02 9.342046e-01 9.007198e+00 -3.430580e-04 9.973878e-01 7.223133e-02 -3.666001e+00 -9.366598e-01 2.497783e-02 -3.493486e-01 1.402304e+02
-3.506431e-01 -6.781026e-02 9.340510e-01 9.565579e+00 7.793056e-06 9.973749e-01 7.241038e-02 -3.629141e+00 -9.365092e-01 2.539748e-02 -3.497221e-01 1.400223e+02
-3.502131e-01 -6.867289e-02 9.341493e-01 1.013072e+01 -8.264521e-04 9.973310e-01 7.300778e-02 -3.595131e+00 -9.366697e-01 2.479625e-02 -3.493351e-01 1.398155e+02
-3.492335e-01 -6.902664e-02 9.344899e-01 1.069895e+01 -4.888296e-04 9.972963e-01 7.348319e-02 -3.557980e+00 -9.370356e-01 2.520598e-02 -3.483230e-01 1.396061e+02
-3.481320e-01 -6.865932e-02 9.349278e-01 1.126344e+01 1.858673e-04 9.973092e-01 7.330970e-02 -3.516427e+00 -9.374455e-01 2.569522e-02 -3.471825e-01 1.393990e+02
-3.472564e-01 -6.831892e-02 9.352783e-01 1.182861e+01 1.529622e-03 9.973001e-01 7.341733e-02 -3.478729e+00 -9.377690e-01 2.692526e-02 -3.462143e-01 1.391960e+02
-3.453491e-01 -6.843176e-02 9.359760e-01 1.238921e+01 2.733492e-03 9.972604e-01 7.392100e-02 -3.442740e+00 -9.384703e-01 2.808704e-02 -3.442159e-01 1.389893e+02
-3.437859e-01 -6.932450e-02 9.364856e-01 1.295523e+01 2.964729e-03 9.971862e-01 7.490629e-02 -3.404473e+00 -9.390434e-01 2.852816e-02 -3.426131e-01 1.387889e+02
-3.422685e-01 -7.176198e-02 9.368578e-01 1.350470e+01 1.758516e-03 9.970285e-01 7.701342e-02 -3.362721e+00 -9.396006e-01 2.800674e-02 -3.411252e-01 1.385963e+02
-3.408892e-01 -7.390947e-02 9.371937e-01 1.404221e+01 2.647522e-03 9.968254e-01 7.957517e-02 -3.325274e+00 -9.400998e-01 2.960756e-02 -3.396113e-01 1.384037e+02
-3.385649e-01 -7.436735e-02 9.379996e-01 1.455745e+01 4.806607e-03 9.967222e-01 8.075796e-02 -3.292030e+00 -9.409308e-01 3.185040e-02 -3.370977e-01 1.382209e+02
-3.357349e-01 -7.409511e-02 9.390378e-01 1.505126e+01 5.331419e-03 9.967360e-01 8.055395e-02 -3.260623e+00 -9.419414e-01 3.205118e-02 -3.342440e-01 1.380499e+02
-3.333233e-01 -7.381515e-02 9.399186e-01 1.552882e+01 5.056215e-03 9.967761e-01 8.007346e-02 -3.230377e+00 -9.427990e-01 3.144278e-02 -3.318755e-01 1.378874e+02
-3.309043e-01 -7.256640e-02 9.408701e-01 1.598670e+01 4.462504e-03 9.969074e-01 7.845785e-02 -3.200655e+00 -9.436538e-01 3.016067e-02 -3.295571e-01 1.377337e+02
-3.287524e-01 -7.061003e-02 9.417728e-01 1.643572e+01 4.282418e-03 9.970794e-01 7.625158e-02 -3.171612e+00 -9.444064e-01 2.910095e-02 -3.274898e-01 1.375831e+02
-3.265724e-01 -6.951743e-02 9.426122e-01 1.687932e+01 5.786840e-03 9.971258e-01 7.554267e-02 -3.141980e+00 -9.451545e-01 3.012489e-02 -3.252314e-01 1.374304e+02
-3.238513e-01 -7.093899e-02 9.434448e-01 1.730585e+01 7.644137e-03 9.969563e-01 7.758656e-02 -3.114878e+00 -9.460771e-01 3.233833e-02 -3.223233e-01 1.372871e+02
-3.210833e-01 -7.307611e-02 9.442274e-01 1.771445e+01 7.988255e-03 9.967741e-01 7.985923e-02 -3.091574e+00 -9.470173e-01 3.318420e-02 -3.194638e-01 1.371528e+02
-3.180696e-01 -7.436772e-02 9.451461e-01 1.809497e+01 8.227685e-03 9.966647e-01 8.119025e-02 -3.071734e+00 -9.480317e-01 3.360051e-02 -3.163968e-01 1.370304e+02
-3.142201e-01 -7.434337e-02 9.464348e-01 1.845443e+01 8.611196e-03 9.966649e-01 8.114794e-02 -3.049793e+00 -9.493111e-01 3.364825e-02 -3.125319e-01 1.369182e+02
-3.090873e-01 -7.390851e-02 9.481575e-01 1.879130e+01 8.929368e-03 9.967062e-01 8.060373e-02 -3.028914e+00 -9.509917e-01 3.338004e-02 -3.074093e-01 1.368152e+02
-3.042969e-01 -7.333510e-02 9.497502e-01 1.910520e+01 8.787672e-03 9.967736e-01 7.978157e-02 -3.010166e+00 -9.525367e-01 3.262337e-02 -3.026707e-01 1.367214e+02
-3.005209e-01 -7.376491e-02 9.509185e-01 1.938989e+01 8.495547e-03 9.967582e-01 8.000567e-02 -2.996277e+00 -9.537374e-01 3.212195e-02 -2.989200e-01 1.366346e+02
-2.978358e-01 -7.379788e-02 9.517603e-01 1.964897e+01 9.447364e-03 9.967307e-01 8.024119e-02 -2.980552e+00 -9.545704e-01 3.289033e-02 -2.961649e-01 1.365541e+02
-2.957652e-01 -7.329539e-02 9.524446e-01 1.989022e+01 1.041459e-02 9.967454e-01 7.993863e-02 -2.966009e+00 -9.552039e-01 3.356239e-02 -2.940393e-01 1.364789e+02
-2.940889e-01 -7.221077e-02 9.530463e-01 2.011059e+01 1.094674e-02 9.968220e-01 7.890550e-02 -2.952612e+00 -9.557154e-01 3.363798e-02 -2.923638e-01 1.364144e+02
-2.924976e-01 -7.165662e-02 9.535777e-01 2.031763e+01 9.733225e-03 9.969138e-01 7.789865e-02 -2.935237e+00 -9.562167e-01 3.206655e-02 -2.908974e-01 1.363543e+02
-2.918430e-01 -6.995695e-02 9.539044e-01 2.051755e+01 8.120013e-03 9.971044e-01 7.560941e-02 -2.928519e+00 -9.564318e-01 2.981180e-02 -2.904299e-01 1.362952e+02
-2.937373e-01 -6.774369e-02 9.534827e-01 2.071439e+01 6.869328e-03 9.973102e-01 7.297379e-02 -2.916194e+00 -9.558615e-01 2.798491e-02 -2.924818e-01 1.362349e+02
-2.971390e-01 -6.660654e-02 9.525083e-01 2.091194e+01 6.968954e-03 9.973861e-01 7.191874e-02 -2.902869e+00 -9.548088e-01 2.800785e-02 -2.958981e-01 1.361712e+02
-3.008350e-01 -6.647656e-02 9.513565e-01 2.110215e+01 8.600428e-03 9.973379e-01 7.240914e-02 -2.892230e+00 -9.536374e-01 2.996528e-02 -2.994625e-01 1.361098e+02
-3.039626e-01 -6.637799e-02 9.503687e-01 2.129292e+01 1.106450e-02 9.972565e-01 7.319167e-02 -2.883036e+00 -9.526197e-01 3.276288e-02 -3.023942e-01 1.360444e+02
-3.054472e-01 -6.640179e-02 9.498910e-01 2.148386e+01 1.252916e-02 9.971990e-01 7.373772e-02 -2.873221e+00 -9.521266e-01 3.442432e-02 -3.037596e-01 1.359785e+02
-3.050037e-01 -6.635694e-02 9.500366e-01 2.167104e+01 1.374127e-02 9.971591e-01 7.405985e-02 -2.862729e+00 -9.522520e-01 3.564324e-02 -3.032254e-01 1.359184e+02
-3.027100e-01 -6.611258e-02 9.507869e-01 2.185827e+01 1.319528e-02 9.972049e-01 7.354133e-02 -2.847199e+00 -9.529914e-01 3.480760e-02 -3.009915e-01 1.358644e+02
-2.990560e-01 -6.469869e-02 9.520397e-01 2.205064e+01 1.292205e-02 9.973328e-01 7.183581e-02 -2.833402e+00 -9.541481e-01 3.378523e-02 -2.974223e-01 1.358090e+02
-2.943271e-01 -6.160142e-02 9.537174e-01 2.224719e+01 1.302845e-02 9.975692e-01 6.845456e-02 -2.820487e+00 -9.556159e-01 3.257349e-02 -2.928091e-01 1.357553e+02
-2.886053e-01 -5.581835e-02 9.558197e-01 2.245555e+01 1.446848e-02 9.979309e-01 6.264626e-02 -2.806856e+00 -9.573388e-01 3.190930e-02 -2.872006e-01 1.356993e+02
-2.815524e-01 -5.113448e-02 9.581824e-01 2.268952e+01 1.599969e-02 9.981901e-01 5.797088e-02 -2.793509e+00 -9.594125e-01 3.165246e-02 -2.802247e-01 1.356377e+02
-2.723952e-01 -4.947895e-02 9.609124e-01 2.295120e+01 1.760796e-02 9.982534e-01 5.639312e-02 -2.777160e+00 -9.620243e-01 3.228093e-02 -2.710482e-01 1.355687e+02
-2.621383e-01 -5.009472e-02 9.637292e-01 2.324505e+01 1.830959e-02 9.982138e-01 5.686752e-02 -2.760699e+00 -9.648566e-01 3.255265e-02 -2.607529e-01 1.354971e+02
-2.513633e-01 -5.111333e-02 9.665422e-01 2.357435e+01 1.816138e-02 9.981798e-01 5.750954e-02 -2.744691e+00 -9.677224e-01 3.200953e-02 -2.499775e-01 1.354228e+02
-2.406357e-01 -5.190663e-02 9.692266e-01 2.391865e+01 1.855716e-02 9.981405e-01 5.806240e-02 -2.725927e+00 -9.704381e-01 3.195798e-02 -2.392250e-01 1.353533e+02
-2.295624e-01 -5.250189e-02 9.718769e-01 2.429306e+01 1.905445e-02 9.981102e-01 5.841981e-02 -2.704924e+00 -9.731074e-01 3.192957e-02 -2.281282e-01 1.352729e+02
-2.191011e-01 -5.299264e-02 9.742620e-01 2.469409e+01 1.911873e-02 9.980991e-01 5.858880e-02 -2.684151e+00 -9.755148e-01 3.146352e-02 -2.176714e-01 1.351931e+02
-2.097725e-01 -5.378297e-02 9.762699e-01 2.511695e+01 1.930414e-02 9.980635e-01 5.913149e-02 -2.662200e+00 -9.775596e-01 3.125021e-02 -2.083281e-01 1.351117e+02
-2.024916e-01 -5.462481e-02 9.777593e-01 2.555971e+01 1.917683e-02 9.980304e-01 5.972878e-02 -2.634367e+00 -9.790962e-01 3.084490e-02 -2.010453e-01 1.350335e+02
-1.971597e-01 -5.503062e-02 9.788257e-01 2.602633e+01 1.904686e-02 9.980199e-01 5.994625e-02 -2.608135e+00 -9.801863e-01 3.046254e-02 -1.957212e-01 1.349470e+02
-1.937195e-01 -5.639590e-02 9.794347e-01 2.652286e+01 1.727199e-02 9.979956e-01 6.088082e-02 -2.579558e+00 -9.809049e-01 2.871060e-02 -1.923572e-01 1.348566e+02
-1.922669e-01 -5.728572e-02 9.796692e-01 2.704151e+01 1.544681e-02 9.979944e-01 6.138882e-02 -2.548813e+00 -9.812211e-01 2.693580e-02 -1.909964e-01 1.347608e+02
-1.927726e-01 -5.861637e-02 9.794911e-01 2.758266e+01 1.559472e-02 9.979051e-01 6.278751e-02 -2.514642e+00 -9.811195e-01 2.737860e-02 -1.914546e-01 1.346611e+02
-1.939522e-01 -6.037092e-02 9.791516e-01 2.813788e+01 1.545506e-02 9.977927e-01 6.458163e-02 -2.477993e+00 -9.808892e-01 2.765859e-02 -1.925911e-01 1.345568e+02
-1.959739e-01 -6.014716e-02 9.787628e-01 2.870661e+01 1.642820e-02 9.977757e-01 6.460490e-02 -2.448201e+00 -9.804715e-01 2.874019e-02 -1.945499e-01 1.344426e+02
-1.977827e-01 -5.906290e-02 9.784649e-01 2.929349e+01 1.650607e-02 9.978409e-01 6.356895e-02 -2.414454e+00 -9.801069e-01 2.872345e-02 -1.963808e-01 1.343239e+02
-1.996721e-01 -5.753088e-02 9.781724e-01 2.990195e+01 1.748557e-02 9.979067e-01 6.226084e-02 -2.376902e+00 -9.797067e-01 2.953565e-02 -1.982482e-01 1.341989e+02
-2.013651e-01 -5.712734e-02 9.778490e-01 3.052207e+01 1.747681e-02 9.979294e-01 6.189941e-02 -2.337918e+00 -9.793603e-01 2.955406e-02 -1.999497e-01 1.340727e+02
-2.032118e-01 -5.667370e-02 9.774933e-01 3.116432e+01 1.790991e-02 9.979413e-01 6.158255e-02 -2.300076e+00 -9.789710e-01 3.002111e-02 -2.017784e-01 1.339387e+02
-2.046661e-01 -5.767357e-02 9.771313e-01 3.183014e+01 1.851037e-02 9.978561e-01 6.277393e-02 -2.267327e+00 -9.786568e-01 3.093476e-02 -2.031598e-01 1.337961e+02
