1.000000e+00 0.000000e+00 0.000000e+00 0.000000e+00 0.000000e+00 1.000000e+00 0.000000e+00 0.000000e+00 0.000000e+00 0.000000e+00 1.000000e+00 0.000000e+00
9.999993e-01 -4.551375e-04 1.107870e-03 1.665879e-03 4.552682e-04 9.999999e-01 -1.176754e-04 -5.429658e-03 -1.107816e-03 1.181797e-04 9.999994e-01 4.398338e-01
9.999983e-01 8.998604e-04 1.609180e-03 -5.322165e-04 -8.962314e-04 9.999971e-01 -2.254493e-03 -1.362807e-02 -1.611204e-03 2.253047e-03 9.999962e-01 8.744528e-01
9.999969e-01 2.237176e-03 1.089585e-03 -4.250281e-03 -2.232442e-03 9.999881e-01 -4.327125e-03 -1.846307e-02 -1.099253e-03 4.324679e-03 9.999900e-01 1.309196e+00
9.999988e-01 8.644242e-04 -1.273829e-03 -5.086493e-03 -8.704586e-04 9.999884e-01 -4.744336e-03 -2.849824e-02 1.269713e-03 4.745439e-03 9.999879e-01 1.739777e+00
9.999876e-01 -2.140767e-03 -4.498465e-03 -5.688809e-03 2.118159e-03 9.999851e-01 -5.024439e-03 -3.788870e-02 4.509154e-03 5.014848e-03 9.999773e-01 2.167374e+00
9.999508e-01 -5.464675e-03 -8.283320e-03 -1.030168e-02 5.437392e-03 9.999797e-01 -3.312730e-03 -4.990370e-02 8.301255e-03 3.267527e-03 9.999602e-01 2.592292e+00
9.998914e-01 -7.142554e-03 -1.289380e-02 -1.666484e-02 7.117282e-03 9.999727e-01 -2.004823e-03 -5.947739e-02 1.290776e-02 1.912837e-03 9.999149e-01 3.010579e+00
9.998326e-01 -5.788299e-03 -1.735794e-02 -2.554904e-02 5.763246e-03 9.999823e-01 -1.493010e-03 -6.653975e-02 1.736628e-02 1.392721e-03 9.998482e-01 3.426128e+00
9.997506e-01 -4.805628e-03 -2.180758e-02 -3.642203e-02 4.779156e-03 9.999878e-01 -1.265837e-03 -7.540441e-02 2.181340e-02 1.161299e-03 9.997614e-01 3.837022e+00
9.996341e-01 -4.974359e-03 -2.658737e-02 -4.801777e-02 4.936366e-03 9.999867e-01 -1.494438e-03 -8.522349e-02 2.659445e-02 1.362647e-03 9.996454e-01 4.245646e+00
9.995260e-01 -4.572779e-03 -3.044430e-02 -6.649742e-02 4.546332e-03 9.999892e-01 -9.378435e-04 -9.289108e-02 3.044826e-02 7.989890e-04 9.995360e-01 4.650855e+00
9.993821e-01 -5.637757e-03 -3.469423e-02 -8.421695e-02 5.606379e-03 9.999838e-01 -1.001646e-03 -9.896698e-02 3.469931e-02 8.065176e-04 9.993975e-01 5.045551e+00
9.991792e-01 -5.756245e-03 -4.009809e-02 -9.638663e-02 5.663035e-03 9.999810e-01 -2.437728e-03 -1.013043e-01 4.011136e-02 2.208650e-03 9.991928e-01 5.434449e+00
9.989845e-01 -6.516279e-03 -4.458182e-02 -1.175289e-01 6.401730e-03 9.999758e-01 -2.711719e-03 -1.074284e-01 4.459841e-02 2.423564e-03 9.990021e-01 5.816943e+00
9.988003e-01 -6.205161e-03 -4.857451e-02 -1.384882e-01 6.103425e-03 9.999789e-01 -2.242467e-03 -1.110650e-01 4.858740e-02 1.943305e-03 9.988170e-01 6.189690e+00
9.986213e-01 -5.072452e-03 -5.224790e-02 -1.628225e-01 5.001777e-03 9.999864e-01 -1.483348e-03 -1.185152e-01 5.225471e-02 1.219970e-03 9.986330e-01 6.547638e+00
9.984700e-01 -4.202024e-03 -5.513544e-02 -1.899969e-01 4.167160e-03 9.999910e-01 -7.472845e-04 -1.235068e-01 5.513809e-02 5.163830e-04 9.984786e-01 6.892396e+00
9.983681e-01 -3.023322e-03 -5.702605e-02 -2.161065e-01 2.984060e-03 9.999952e-01 -7.736454e-04 -1.282515e-01 5.702812e-02 6.022137e-04 9.983724e-01 7.225824e+00
9.982676e-01 -1.890165e-03 -5.880632e-02 -2.404026e-01 1.809971e-03 9.999974e-01 -1.416931e-03 -1.327973e-01 5.880885e-02 1.308038e-03 9.982684e-01 7.546789e+00
9.981678e-01 -2.168640e-03 -6.046695e-02 -2.634200e-01 2.043380e-03 9.999956e-01 -2.133296e-03 -1.388377e-01 6.047131e-02 2.005831e-03 9.981679e-01 7.850492e+00
9.980690e-01 -2.233597e-03 -6.207482e-02 -2.844533e-01 2.064071e-03 9.999940e-01 -2.794988e-03 -1.453696e-01 6.208069e-02 2.661464e-03 9.980676e-01 8.143576e+00
9.979614e-01 -2.676118e-03 -6.376409e-02 -3.047728e-01 2.460917e-03 9.999910e-01 -3.453256e-03 -1.549296e-01 6.377276e-02 3.289298e-03 9.979590e-01 8.421216e+00
9.978966e-01 -1.786275e-03 -6.480081e-02 -3.290137e-01 1.474409e-03 9.999871e-01 -4.860194e-03 -1.607717e-01 6.480865e-02 4.754428e-03 9.978864e-01 8.690565e+00
9.978362e-01 -1.051524e-03 -6.574108e-02 -3.495538e-01 6.619189e-04 9.999821e-01 -5.947859e-03 -1.672269e-01 6.574616e-02 5.891474e-03 9.978190e-01 8.955306e+00
9.977966e-01 -4.880374e-04 -6.634603e-02 -3.678534e-01 1.927151e-05 9.999750e-01 -7.065926e-03 -1.705699e-01 6.634782e-02 7.049078e-03 9.977717e-01 9.214817e+00
9.977646e-01 -1.142836e-03 -6.681679e-02 -3.856460e-01 5.890369e-04 9.999653e-01 -8.307432e-03 -1.747274e-01 6.682397e-02 8.249504e-03 9.977307e-01 9.468219e+00
9.976885e-01 -2.850902e-03 -6.789284e-02 -4.018980e-01 2.200349e-03 9.999510e-01 -9.654914e-03 -1.803639e-01 6.791704e-02 9.483209e-03 9.976459e-01 9.715463e+00
9.976060e-01 -3.009733e-03 -6.908900e-02 -4.186095e-01 2.243425e-03 9.999351e-01 -1.116652e-02 -1.886966e-01 6.911812e-02 1.098479e-02 9.975480e-01 9.961736e+00
9.975515e-01 -1.651218e-03 -6.991676e-02 -4.414992e-01 8.564644e-04 9.999347e-01 -1.139559e-02 -1.941095e-01 6.993101e-02 1.130781e-02 9.974877e-01 1.020614e+01
9.974630e-01 2.628100e-04 -7.118570e-02 -4.626313e-01 -9.545715e-04 9.999527e-01 -9.683858e-03 -1.956193e-01 7.117979e-02 9.727243e-03 9.974161e-01 1.045284e+01
9.974323e-01 -3.559935e-05 -7.161592e-02 -4.808433e-01 -4.307449e-04 9.999788e-01 -6.496285e-03 -1.969850e-01 7.161463e-02 6.510453e-03 9.974111e-01 1.070047e+01
9.974189e-01 -9.753126e-04 -7.179518e-02 -4.985508e-01 6.347984e-04 9.999884e-01 -4.765520e-03 -2.009490e-01 7.179899e-02 4.707644e-03 9.974080e-01 1.094352e+01
9.974018e-01 -2.653942e-03 -7.199097e-02 -5.137403e-01 2.193460e-03 9.999766e-01 -6.474682e-03 -2.086132e-01 7.200648e-02 6.299949e-03 9.973843e-01 1.118285e+01
9.973846e-01 -3.484747e-03 -7.219311e-02 -5.328285e-01 2.822747e-03 9.999530e-01 -9.269856e-03 -2.185843e-01 7.222203e-02 9.041828e-03 9.973476e-01 1.141715e+01
9.974000e-01 -2.380910e-03 -7.202534e-02 -5.518340e-01 1.631410e-03 9.999439e-01 -1.046309e-02 -2.269350e-01 7.204621e-02 1.031839e-02 9.973479e-01 1.165419e+01
9.974259e-01 -6.812915e-04 -7.170131e-02 -5.730672e-01 -1.099047e-04 9.999392e-01 -1.103009e-02 -2.337067e-01 7.170446e-02 1.100958e-02 9.973652e-01 1.188725e+01
9.974497e-01 -1.099853e-03 -7.136483e-02 -5.892971e-01 3.077286e-04 9.999382e-01 -1.110969e-02 -2.422299e-01 7.137264e-02 1.105939e-02 9.973884e-01 1.212153e+01
9.974816e-01 -3.108493e-03 -7.085717e-02 -6.040178e-01 2.350375e-03 9.999391e-01 -1.078011e-02 -2.498301e-01 7.088637e-02 1.058642e-02 9.974282e-01 1.235722e+01
9.975397e-01 -4.304572e-03 -6.997194e-02 -6.200516e-01 3.634473e-03 9.999463e-01 -9.701167e-03 -2.564685e-01 7.000994e-02 9.422988e-03 9.975018e-01 1.259447e+01
9.976186e-01 -2.316423e-03 -6.893314e-02 -6.406185e-01 1.438300e-03 9.999172e-01 -1.278567e-02 -2.610159e-01 6.895705e-02 1.265607e-02 9.975393e-01 1.283467e+01
9.976596e-01 7.031138e-04 -6.837209e-02 -6.616218e-01 -2.133225e-03 9.997804e-01 -2.084584e-02 -2.630995e-01 6.834242e-02 2.094290e-02 9.974421e-01 1.308909e+01
9.977290e-01 2.373156e-04 -6.735624e-02 -6.803322e-01 -2.144531e-03 9.995987e-01 -2.824446e-02 -2.655559e-01 6.732251e-02 2.832476e-02 9.973291e-01 1.336273e+01
9.977961e-01 -3.262221e-03 -6.627373e-02 -6.945786e-01 1.207993e-03 9.995183e-01 -3.101257e-02 -2.728176e-01 6.634297e-02 3.086417e-02 9.973194e-01 1.365246e+01
9.978635e-01 -6.167138e-03 -6.504180e-02 -7.101474e-01 4.380188e-03 9.996100e-01 -2.758079e-02 -2.863532e-01 6.518652e-02 2.723696e-02 9.975013e-01 1.396477e+01
9.979764e-01 -6.771981e-03 -6.322309e-02 -7.298693e-01 5.195936e-03 9.996725e-01 -2.505954e-02 -2.997842e-01 6.337208e-02 2.468033e-02 9.976848e-01 1.429121e+01
9.981178e-01 -5.096903e-03 -6.111437e-02 -7.523475e-01 3.689846e-03 9.997260e-01 -2.311415e-02 -3.135645e-01 6.121543e-02 2.284514e-02 9.978631e-01 1.463232e+01
9.982215e-01 -5.347775e-03 -5.937308e-02 -7.744812e-01 4.046896e-03 9.997496e-01 -2.200892e-02 -3.265685e-01 5.947591e-02 2.172950e-02 9.979932e-01 1.498359e+01
9.983078e-01 -6.737783e-03 -5.775932e-02 -7.873319e-01 5.354644e-03 9.996960e-01 -2.406801e-02 -3.286524e-01 5.790393e-02 2.371800e-02 9.980404e-01 1.535648e+01
9.984335e-01 -8.609720e-03 -5.528529e-02 -8.073644e-01 7.227968e-03 9.996577e-01 -2.514461e-02 -3.393827e-01 5.548285e-02 2.470562e-02 9.981539e-01 1.573703e+01
9.985135e-01 -9.043207e-03 -5.374928e-02 -8.264101e-01 7.701003e-03 9.996546e-01 -2.512643e-02 -3.524957e-01 5.395794e-02 2.467516e-02 9.982383e-01 1.612470e+01
9.985793e-01 -9.061540e-03 -5.251027e-02 -8.428611e-01 7.848307e-03 9.996985e-01 -2.326501e-02 -3.700565e-01 5.270526e-02 2.281984e-02 9.983493e-01 1.652507e+01
9.986393e-01 -8.720323e-03 -5.141441e-02 -8.614879e-01 7.631992e-03 9.997434e-01 -2.132629e-02 -3.815799e-01 5.158720e-02 2.090488e-02 9.984497e-01 1.693105e+01
9.986560e-01 -9.439024e-03 -5.096270e-02 -8.803333e-01 8.421151e-03 9.997615e-01 -2.015081e-02 -3.920076e-01 5.114075e-02 1.969456e-02 9.984972e-01 1.734593e+01
9.986635e-01 -8.649343e-03 -5.095550e-02 -9.036717e-01 7.655301e-03 9.997772e-01 -1.967102e-02 -4.038240e-01 5.111429e-02 1.925465e-02 9.985072e-01 1.776789e+01
9.986169e-01 -8.508939e-03 -5.188273e-02 -9.301757e-01 7.527004e-03 9.997894e-01 -1.909216e-02 -4.170134e-01 5.203426e-02 1.867523e-02 9.984707e-01 1.820031e+01
9.985609e-01 -8.346839e-03 -5.297579e-02 -9.587570e-01 7.441615e-03 9.998233e-01 -1.726182e-02 -4.293360e-01 5.311051e-02 1.684275e-02 9.984466e-01 1.864998e+01
9.984995e-01 -8.144430e-03 -5.415146e-02 -9.867357e-01 7.322415e-03 9.998552e-01 -1.536105e-02 -4.457135e-01 5.426873e-02 1.494148e-02 9.984146e-01 1.910305e+01
9.984397e-01 -7.102475e-03 -5.538619e-02 -1.013038e+00 6.279715e-03 9.998676e-01 -1.501489e-02 -4.581682e-01 5.548550e-02 1.464365e-02 9.983521e-01 1.956891e+01
9.984098e-01 -3.911684e-03 -5.623657e-02 -1.048395e+00 3.011573e-03 9.998661e-01 -1.608165e-02 -4.704897e-01 5.629195e-02 1.588671e-02 9.982879e-01 2.003596e+01
9.983993e-01 -2.238244e-03 -5.651418e-02 -1.086169e+00 1.338416e-03 9.998718e-01 -1.595500e-02 -4.828512e-01 5.654265e-02 1.585383e-02 9.982743e-01 2.050938e+01
9.983734e-01 -2.298663e-03 -5.696788e-02 -1.121141e+00 1.563249e-03 9.999149e-01 -1.295048e-02 -4.912521e-01 5.699280e-02 1.284036e-02 9.982920e-01 2.099250e+01
9.983262e-01 -4.300852e-03 -5.767399e-02 -1.148871e+00 3.821344e-03 9.999572e-01 -8.421825e-03 -5.009662e-01 5.770774e-02 8.187337e-03 9.982999e-01 2.147737e+01
9.982750e-01 -4.791257e-03 -5.851629e-02 -1.176621e+00 4.548615e-03 9.999805e-01 -4.279077e-03 -5.118838e-01 5.853566e-02 4.005528e-03 9.982773e-01 2.196748e+01
9.982708e-01 -2.809171e-03 -5.871608e-02 -1.212017e+00 2.663385e-03 9.999932e-01 -2.561013e-03 -5.228547e-01 5.872287e-02 2.400201e-03 9.982714e-01 2.245412e+01
9.982454e-01 1.276093e-03 -5.919950e-02 -1.251175e+00 -1.336369e-03 9.999986e-01 -9.786084e-04 -5.380687e-01 5.919817e-02 1.056004e-03 9.982457e-01 2.294529e+01
9.981600e-01 2.390947e-03 -6.058818e-02 -1.281832e+00 -2.497253e-03 9.999955e-01 -1.678915e-03 -5.469809e-01 6.058389e-02 1.827130e-03 9.981614e-01 2.343812e+01
9.980920e-01 1.552295e-03 -6.172558e-02 -1.314927e+00 -1.751982e-03 9.999934e-01 -3.181094e-03 -5.529923e-01 6.172024e-02 3.283166e-03 9.980881e-01 2.392748e+01
9.980252e-01 -2.093035e-03 -6.277997e-02 -1.344235e+00 1.733911e-03 9.999818e-01 -5.774292e-03 -5.553151e-01 6.279091e-02 5.654034e-03 9.980107e-01 2.442265e+01
9.980090e-01 -2.438820e-03 -6.302468e-02 -1.381314e+00 2.030009e-03 9.999765e-01 -6.549751e-03 -5.615115e-01 6.303917e-02 6.408770e-03 9.979905e-01 2.492104e+01
9.980381e-01 -6.764920e-04 -6.260583e-02 -1.422840e+00 2.779929e-04 9.999796e-01 -6.373699e-03 -5.688054e-01 6.260887e-02 6.343791e-03 9.980180e-01 2.542506e+01
9.980880e-01 1.351726e-03 -6.179390e-02 -1.459318e+00 -1.696412e-03 9.999833e-01 -5.525866e-03 -5.796406e-01 6.178540e-02 5.620128e-03 9.980736e-01 2.593819e+01
9.981440e-01 2.252602e-03 -6.085691e-02 -1.496864e+00 -2.581112e-03 9.999825e-01 -5.320013e-03 -5.894555e-01 6.084387e-02 5.467217e-03 9.981323e-01 2.644979e+01
9.982135e-01 1.319010e-03 -5.973409e-02 -1.529693e+00 -1.631585e-03 9.999852e-01 -5.184306e-03 -5.968946e-01 5.972637e-02 5.272505e-03 9.982009e-01 2.696728e+01
9.982809e-01 2.931549e-04 -5.861072e-02 -1.559699e+00 -6.178971e-04 9.999846e-01 -5.522614e-03 -6.050201e-01 5.860820e-02 5.549335e-03 9.982656e-01 2.748772e+01
9.983637e-01 -3.234568e-04 -5.718303e-02 -1.594485e+00 5.790295e-06 9.999846e-01 -5.555336e-03 -6.151885e-01 5.718395e-02 5.545914e-03 9.983483e-01 2.801101e+01
9.984267e-01 -9.696160e-04 -5.606355e-02 -1.625336e+00 6.318792e-04 9.999815e-01 -6.041590e-03 -6.200922e-01 5.606837e-02 5.996660e-03 9.984089e-01 2.853763e+01
9.984940e-01 -1.948513e-03 -5.482561e-02 -1.654282e+00 1.595660e-03 9.999777e-01 -6.478958e-03 -6.284937e-01 5.483701e-02 6.381718e-03 9.984749e-01 2.907248e+01
9.985510e-01 -1.915019e-03 -5.377975e-02 -1.684134e+00 1.569015e-03 9.999778e-01 -6.475211e-03 -6.399505e-01 5.379095e-02 6.381447e-03 9.985318e-01 2.961056e+01
9.985972e-01 -1.944762e-03 -5.291444e-02 -1.713888e+00 1.592123e-03 9.999762e-01 -6.705663e-03 -6.497575e-01 5.292623e-02 6.612010e-03 9.985765e-01 3.015290e+01
9.986288e-01 -2.628295e-03 -5.228348e-02 -1.741836e+00 2.253333e-03 9.999713e-01 -7.229358e-03 -6.579192e-01 5.230098e-02 7.101634e-03 9.986061e-01 3.069382e+01
9.986492e-01 -3.482440e-03 -5.184249e-02 -1.770321e+00 3.102637e-03 9.999678e-01 -7.404783e-03 -6.670464e-01 5.186661e-02 7.233932e-03 9.986278e-01 3.123794e+01
9.986528e-01 -4.361141e-03 -5.170703e-02 -1.797584e+00 3.960629e-03 9.999614e-01 -7.845725e-03 -6.775410e-01 5.173925e-02 7.630363e-03 9.986315e-01 3.178827e+01
9.986673e-01 -4.300770e-03 -5.143092e-02 -1.826281e+00 3.884474e-03 9.999589e-01 -8.191509e-03 -6.892609e-01 5.146404e-02 7.980810e-03 9.986430e-01 3.234396e+01
9.986710e-01 -4.633347e-03 -5.133070e-02 -1.857232e+00 4.181149e-03 9.999515e-01 -8.913382e-03 -7.011603e-01 5.136951e-02 8.686915e-03 9.986419e-01 3.290771e+01
9.986861e-01 -4.879070e-03 -5.101270e-02 -1.889982e+00 4.405889e-03 9.999463e-01 -9.384088e-03 -7.123222e-01 5.105574e-02 9.147001e-03 9.986539e-01 3.347582e+01
9.986972e-01 -5.496173e-03 -5.073192e-02 -1.921480e+00 4.978195e-03 9.999342e-01 -1.033082e-02 -7.223490e-01 5.078536e-02 1.006481e-02 9.986589e-01 3.405267e+01
9.986857e-01 -6.222019e-03 -5.087401e-02 -1.954052e+00 5.694601e-03 9.999286e-01 -1.050553e-02 -7.380837e-01 5.093574e-02 1.020201e-02 9.986498e-01 3.463315e+01
9.986723e-01 -6.396872e-03 -5.111483e-02 -1.986859e+00 5.872115e-03 9.999286e-01 -1.040983e-02 -7.534053e-01 5.117777e-02 1.009585e-02 9.986385e-01 3.521598e+01
9.986580e-01 -6.273397e-03 -5.140955e-02 -2.019220e+00 5.736989e-03 9.999276e-01 -1.057495e-02 -7.638800e-01 5.147217e-02 1.026582e-02 9.986217e-01 3.580920e+01
9.986425e-01 -5.760033e-03 -5.176775e-02 -2.053757e+00 5.218808e-03 9.999304e-01 -1.058397e-02 -7.755310e-01 5.182511e-02 1.029944e-02 9.986031e-01 3.640381e+01
9.986473e-01 -6.275248e-03 -5.161497e-02 -2.093144e+00 5.746906e-03 9.999296e-01 -1.037826e-02 -7.871771e-01 5.167646e-02 1.006759e-02 9.986131e-01 3.699778e+01
9.986362e-01 -6.464789e-03 -5.180747e-02 -2.132656e+00 5.996431e-03 9.999398e-01 -9.190704e-03 -8.036321e-01 5.186377e-02 8.867510e-03 9.986148e-01 3.759899e+01
9.986255e-01 -6.348732e-03 -5.202735e-02 -2.171879e+00 5.925729e-03 9.999482e-01 -8.280623e-03 -8.184264e-01 5.207722e-02 7.960941e-03 9.986113e-01 3.819970e+01
9.986061e-01 -6.154469e-03 -5.242178e-02 -2.208897e+00 5.757499e-03 9.999536e-01 -7.720264e-03 -8.326495e-01 5.246687e-02 7.407684e-03 9.985952e-01 3.880454e+01
9.985269e-01 -6.382411e-03 -5.388144e-02 -2.241576e+00 6.044298e-03 9.999610e-01 -6.435767e-03 -8.518296e-01 5.392041e-02 6.100611e-03 9.985266e-01 3.941219e+01
9.984499e-01 -7.029200e-03 -5.521163e-02 -2.274065e+00 6.682412e-03 9.999568e-01 -6.463187e-03 -8.608333e-01 5.525467e-02 6.084222e-03 9.984538e-01 4.002324e+01
9.983852e-01 -7.756484e-03 -5.627486e-02 -2.310853e+00 7.390440e-03 9.999502e-01 -6.709773e-03 -8.751478e-01 5.632410e-02 6.283042e-03 9.983928e-01 4.062726e+01
9.983266e-01 -8.214843e-03 -5.724006e-02 -2.349461e+00 7.826024e-03 9.999448e-01 -7.013647e-03 -8.882397e-01 5.729451e-02 6.553949e-03 9.983358e-01 4.123207e+01
9.982773e-01 -7.354078e-03 -5.821028e-02 -2.390193e+00 6.912771e-03 9.999458e-01 -7.779013e-03 -8.962948e-01 5.826434e-02 7.363218e-03 9.982740e-01 4.184610e+01
9.981959e-01 -7.580772e-03 -5.956062e-02 -2.427714e+00 7.073260e-03 9.999369e-01 -8.727156e-03 -9.085623e-01 5.962302e-02 8.290124e-03 9.981865e-01 4.245742e+01
9.981168e-01 -7.747062e-03 -6.085059e-02 -2.466948e+00 7.236305e-03 9.999368e-01 -8.609521e-03 -9.221858e-01 6.091344e-02 8.152974e-03 9.981098e-01 4.306277e+01
9.980448e-01 -9.211992e-03 -6.182030e-02 -2.505841e+00 8.717312e-03 9.999278e-01 -8.266850e-03 -9.311578e-01 6.189199e-02 7.711779e-03 9.980531e-01 4.367782e+01
9.979464e-01 -9.702539e-03 -6.331526e-02 -2.543204e+00 9.222739e-03 9.999265e-01 -7.865819e-03 -9.440516e-01 6.338693e-02 7.265726e-03 9.979626e-01 4.429524e+01
9.978832e-01 -8.664699e-03 -6.445152e-02 -2.584292e+00 8.173165e-03 9.999355e-01 -7.886162e-03 -9.583841e-01 6.451570e-02 7.342696e-03 9.978897e-01 4.491123e+01
9.978158e-01 -7.950220e-03 -6.557727e-02 -2.627133e+00 7.348275e-03 9.999287e-01 -9.415267e-03 -9.763844e-01 6.564745e-02 8.912823e-03 9.978031e-01 4.552415e+01
9.977205e-01 -8.738028e-03 -6.691328e-02 -2.668493e+00 7.925340e-03 9.998917e-01 -1.240124e-02 -9.938452e-01 6.701439e-02 1.184266e-02 9.976817e-01 4.613991e+01
9.975985e-01 -1.230419e-02 -6.816022e-02 -2.705186e+00 1.129235e-02 9.998205e-01 -1.521056e-02 -1.014349e+00 6.833514e-02 1.440434e-02 9.975584e-01 4.675589e+01
9.974952e-01 -1.434407e-02 -6.926493e-02 -2.744324e+00 1.314028e-02 9.997551e-01 -1.780397e-02 -1.024237e+00 6.950335e-02 1.684922e-02 9.974394e-01 4.736646e+01
9.974493e-01 -1.423164e-02 -6.994466e-02 -2.793974e+00 1.293823e-02 9.997375e-01 -1.891023e-02 -1.043925e+00 7.019543e-02 1.795703e-02 9.973716e-01 4.797565e+01
9.974073e-01 -1.156177e-02 -7.102816e-02 -2.843408e+00 1.036510e-02 9.997985e-01 -1.719336e-02 -1.061427e+00 7.121263e-02 1.641257e-02 9.973261e-01 4.858806e+01
9.973402e-01 -1.114261e-02 -7.203012e-02 -2.890657e+00 1.031751e-02 9.998769e-01 -1.181685e-02 -1.080731e+00 7.215293e-02 1.104225e-02 9.973325e-01 4.920559e+01
9.972183e-01 -1.209800e-02 -7.354828e-02 -2.931548e+00 1.172407e-02 9.999161e-01 -5.513726e-03 -1.092717e+00 7.360881e-02 4.636103e-03 9.972764e-01 4.982217e+01
9.971991e-01 -1.245679e-02 -7.374838e-02 -2.979590e+00 1.260610e-02 9.999193e-01 1.559396e-03 -1.100768e+00 7.372300e-02 -2.484708e-03 9.972757e-01 5.043726e+01
9.972258e-01 -1.096092e-02 -7.362383e-02 -3.029557e+00 1.157384e-02 9.999018e-01 7.903514e-03 -1.108315e+00 7.352997e-02 -8.733698e-03 9.972548e-01 5.105629e+01
9.973321e-01 -1.008022e-02 -7.229837e-02 -3.079277e+00 1.090242e-02 9.998802e-01 1.098674e-02 -1.114160e+00 7.217896e-02 -1.174566e-02 9.973225e-01 5.166993e+01
9.974245e-01 -8.765161e-03 -7.118655e-02 -3.124652e+00 9.554741e-03 9.998965e-01 1.075877e-02 -1.117764e+00 7.108487e-02 -1.141123e-02 9.974050e-01 5.228441e+01
9.975905e-01 -8.349684e-03 -6.887242e-02 -3.171323e+00 8.906564e-03 9.999300e-01 7.782571e-03 -1.123018e+00 6.880262e-02 -8.377236e-03 9.975951e-01 5.289819e+01
9.977003e-01 -7.640248e-03 -6.734760e-02 -3.214790e+00 7.919493e-03 9.999611e-01 3.880306e-03 -1.127293e+00 6.731533e-02 -4.404741e-03 9.977220e-01 5.351032e+01
9.977643e-01 -9.767993e-03 -6.611369e-02 -3.256420e+00 9.814741e-03 9.999518e-01 3.823131e-04 -1.131606e+00 6.610677e-02 -1.030347e-03 9.978120e-01 5.411956e+01
9.978340e-01 -1.194634e-02 -6.468842e-02 -3.295427e+00 1.179956e-02 9.999269e-01 -2.650583e-03 -1.137003e+00 6.471535e-02 1.881547e-03 9.979020e-01 5.473051e+01
9.979357e-01 -1.182988e-02 -6.312156e-02 -3.334739e+00 1.160572e-02 9.999250e-01 -3.916842e-03 -1.149541e+00 6.316316e-02 3.176186e-03 9.979982e-01 5.533447e+01
9.980319e-01 -8.884242e-03 -6.207640e-02 -3.384199e+00 8.703453e-03 9.999571e-01 -3.182159e-03 -1.161481e+00 6.210200e-02 2.635617e-03 9.980663e-01 5.594194e+01
9.980812e-01 -7.212965e-03 -6.149730e-02 -3.425846e+00 7.030804e-03 9.999702e-01 -3.177974e-03 -1.171517e+00 6.151840e-02 2.739501e-03 9.981022e-01 5.654979e+01
9.981115e-01 -6.561604e-03 -6.107686e-02 -3.466981e+00 6.352799e-03 9.999733e-01 -3.612298e-03 -1.181798e+00 6.109893e-02 3.217467e-03 9.981265e-01 5.715646e+01
9.980869e-01 -6.705356e-03 -6.146174e-02 -3.505146e+00 6.541023e-03 9.999745e-01 -2.874569e-03 -1.196186e+00 6.147944e-02 2.467047e-03 9.981053e-01 5.776442e+01
9.980498e-01 -5.984893e-03 -6.213584e-02 -3.546070e+00 5.735926e-03 9.999748e-01 -4.184423e-03 -1.201334e+00 6.215931e-02 3.819856e-03 9.980589e-01 5.837088e+01
9.980364e-01 -5.202134e-03 -6.241946e-02 -3.587499e+00 4.896283e-03 9.999753e-01 -5.051895e-03 -1.214906e+00 6.244419e-02 4.736352e-03 9.980372e-01 5.897752e+01
9.980170e-01 -3.629257e-03 -6.284022e-02 -3.635154e+00 3.338593e-03 9.999832e-01 -4.729828e-03 -1.224967e+00 6.285633e-02 4.510650e-03 9.980124e-01 5.958706e+01
9.980044e-01 -2.800114e-03 -6.308182e-02 -3.681438e+00 2.507315e-03 9.999857e-01 -4.720274e-03 -1.237376e+00 6.309414e-02 4.552688e-03 9.979972e-01 6.019267e+01
9.979810e-01 -3.086619e-03 -6.343866e-02 -3.723544e+00 2.847379e-03 9.999885e-01 -3.861267e-03 -1.248470e+00 6.344985e-02 3.672837e-03 9.979783e-01 6.079350e+01
9.979214e-01 -2.741620e-03 -6.438399e-02 -3.761776e+00 2.517861e-03 9.999905e-01 -3.556250e-03 -1.260024e+00 6.439313e-02 3.386748e-03 9.979189e-01 6.139718e+01
9.978901e-01 -3.060840e-03 -6.485336e-02 -3.802829e+00 2.848960e-03 9.999903e-01 -3.359282e-03 -1.270381e+00 6.486301e-02 3.167430e-03 9.978892e-01 6.199632e+01
9.978761e-01 -1.943929e-03 -6.511227e-02 -3.849761e+00 1.755059e-03 9.999941e-01 -2.957762e-03 -1.282473e+00 6.511763e-02 2.837204e-03 9.978736e-01 6.258548e+01
9.978569e-01 -1.385852e-03 -6.541877e-02 -3.895010e+00 1.206585e-03 9.999954e-01 -2.779727e-03 -1.293158e+00 6.542232e-02 2.694836e-03 9.978540e-01 6.317717e+01
9.978256e-01 -1.430563e-03 -6.589359e-02 -3.939831e+00 1.243365e-03 9.999951e-01 -2.881830e-03 -1.303633e+00 6.589738e-02 2.793634e-03 9.978225e-01 6.376635e+01
9.977828e-01 -1.044407e-03 -6.654650e-02 -3.980860e+00 8.409836e-04 9.999949e-01 -3.084798e-03 -1.312720e+00 6.654938e-02 3.021994e-03 9.977786e-01 6.435721e+01
9.977204e-01 -1.014644e-04 -6.748394e-02 -4.024028e+00 -1.037819e-04 9.999954e-01 -3.037897e-03 -1.319221e+00 6.748394e-02 3.037976e-03 9.977157e-01 6.494238e+01
9.976477e-01 5.174859e-04 -6.854795e-02 -4.070273e+00 -7.119978e-04 9.999958e-01 -2.813202e-03 -1.329766e+00 6.854621e-02 2.855390e-03 9.976439e-01 6.553330e+01
9.975694e-01 9.959930e-04 -6.967310e-02 -4.119572e+00 -1.182737e-03 9.999958e-01 -2.639092e-03 -1.338394e+00 6.967018e-02 2.715082e-03 9.975664e-01 6.611026e+01
9.974346e-01 2.571586e-03 -7.153726e-02 -4.167210e+00 -2.691881e-03 9.999951e-01 -1.585223e-03 -1.350289e+00 7.153283e-02 1.773726e-03 9.974367e-01 6.669051e+01
9.972866e-01 3.336489e-03 -7.354183e-02 -4.215891e+00 -3.404411e-03 9.999939e-01 -7.982402e-04 -1.360735e+00 7.353872e-02 1.046441e-03 9.972918e-01 6.726689e+01
9.971267e-01 4.202125e-03 -7.563485e-02 -4.265269e+00 -4.263403e-03 9.999907e-01 -6.487356e-04 -1.370177e+00 7.563142e-02 9.693335e-04 9.971354e-01 6.784097e+01
9.969176e-01 5.379028e-03 -7.827139e-02 -4.312385e+00 -5.404812e-03 9.999854e-01 -1.175747e-04 -1.379223e+00 7.826962e-02 5.402545e-04 9.969321e-01 6.841510e+01
9.966878e-01 6.708453e-03 -8.104576e-02 -4.364210e+00 -6.757550e-03 9.999771e-01 -3.315146e-04 -1.390168e+00 8.104168e-02 8.780874e-04 9.967103e-01 6.898829e+01
9.964251e-01 7.074228e-03 -8.418419e-02 -4.417276e+00 -7.190064e-03 9.999736e-01 -1.072879e-03 -1.399240e+00 8.417438e-02 1.674334e-03 9.964496e-01 6.955671e+01
9.961108e-01 7.505626e-03 -8.778880e-02 -4.476237e+00 -7.714088e-03 9.999682e-01 -2.035560e-03 -1.406111e+00 8.777073e-02 2.704854e-03 9.961370e-01 7.011847e+01
9.958367e-01 6.284173e-03 -9.093856e-02 -4.532018e+00 -6.527383e-03 9.999759e-01 -2.377272e-03 -1.420018e+00 9.092143e-02 2.960965e-03 9.958537e-01 7.068341e+01
9.954907e-01 6.178349e-03 -9.465737e-02 -4.588076e+00 -6.570424e-03 9.999711e-01 -3.830928e-03 -1.429010e+00 9.463096e-02 4.435593e-03 9.955025e-01 7.123738e+01
9.951278e-01 6.005742e-03 -9.841063e-02 -4.644874e+00 -6.515516e-03 9.999670e-01 -4.859510e-03 -1.437796e+00 9.837819e-02 5.477029e-03 9.951340e-01 7.178912e+01
9.947466e-01 5.638418e-03 -1.022121e-01 -4.700335e+00 -6.221085e-03 9.999662e-01 -5.382682e-03 -1.448021e+00 1.021783e-01 5.990275e-03 9.947481e-01 7.232756e+01
9.943929e-01 5.185605e-03 -1.056217e-01 -4.759564e+00 -5.822417e-03 9.999667e-01 -5.721721e-03 -1.463301e+00 1.055885e-01 6.304613e-03 9.943899e-01 7.286410e+01
9.941765e-01 4.815605e-03 -1.076565e-01 -4.822807e+00 -5.447417e-03 9.999696e-01 -5.575464e-03 -1.474996e+00 1.076264e-01 6.129445e-03 9.941725e-01 7.338570e+01
9.940953e-01 5.834901e-03 -1.083537e-01 -4.885173e+00 -6.392337e-03 9.999681e-01 -4.797965e-03 -1.489308e+00 1.083222e-01 5.462268e-03 9.941008e-01 7.390206e+01
9.942067e-01 7.748548e-03 -1.072052e-01 -4.946161e+00 -8.191407e-03 9.999596e-01 -3.691213e-03 -1.501353e+00 1.071723e-01 4.547991e-03 9.942301e-01 7.440400e+01
9.945147e-01 9.899456e-03 -1.041278e-01 -5.003759e+00 -1.027585e-02 9.999425e-01 -3.078914e-03 -1.513883e+00 1.040913e-01 4.132027e-03 9.945592e-01 7.488142e+01
9.950375e-01 1.138854e-02 -9.884704e-02 -5.052309e+00 -1.168874e-02 9.999287e-01 -2.458370e-03 -1.524225e+00 9.881199e-02 3.601567e-03 9.950996e-01 7.535708e+01
9.958047e-01 1.281413e-02 -9.060252e-02 -5.087471e+00 -1.309309e-02 9.999112e-01 -2.485152e-03 -1.535088e+00 9.056263e-02 3.660992e-03 9.958840e-01 7.580881e+01
9.969226e-01 1.547490e-02 -7.685015e-02 -5.116898e+00 -1.571819e-02 9.998732e-01 -2.561924e-03 -1.542179e+00 7.680076e-02 3.761986e-03 9.970394e-01 7.624924e+01
9.981904e-01 1.884340e-02 -5.710333e-02 -5.136637e+00 -1.901534e-02 9.998161e-01 -2.469099e-03 -1.544513e+00 5.704631e-02 3.550470e-03 9.983652e-01 7.668160e+01
9.992888e-01 2.033202e-02 -3.175797e-02 -5.136391e+00 -2.041252e-02 9.997892e-01 -2.212535e-03 -1.553537e+00 3.170629e-02 2.859221e-03 9.994931e-01 7.710810e+01
9.998023e-01 1.986032e-02 -9.763680e-04 -5.118357e+00 -1.986263e-02 9.997998e-01 -2.416394e-03 -1.562091e+00 9.281822e-04 2.435310e-03 9.999966e-01 7.752595e+01
9.992056e-01 1.816344e-02 3.547131e-02 -5.080636e+00 -1.805037e-02 9.998309e-01 -3.505075e-03 -1.568622e+00 -3.552898e-02 2.862020e-03 9.993645e-01 7.793342e+01
9.968825e-01 1.630790e-02 7.719733e-02 -5.024583e+00 -1.604883e-02 9.998633e-01 -3.975220e-03 -1.579587e+00 -7.725160e-02 2.723900e-03 9.970079e-01 7.833096e+01
9.922399e-01 1.409181e-02 1.235371e-01 -4.945617e+00 -1.362014e-02 9.998964e-01 -4.661740e-03 -1.589367e+00 -1.235900e-01 2.942971e-03 9.923290e-01 7.871711e+01
9.847814e-01 1.120531e-02 1.734362e-01 -4.841920e+00 -1.044418e-02 9.999314e-01 -5.300553e-03 -1.599535e+00 -1.734837e-01 3.408488e-03 9.848308e-01 7.909455e+01
9.741521e-01 7.259204e-03 2.257764e-01 -4.712308e+00 -5.970399e-03 9.999618e-01 -6.390613e-03 -1.601410e+00 -2.258142e-01 4.877453e-03 9.741582e-01 7.946015e+01
9.597057e-01 3.242842e-03 2.809883e-01 -4.562791e+00 -1.482694e-03 9.999779e-01 -6.476502e-03 -1.608371e+00 -2.810031e-01 5.798917e-03 9.596894e-01 7.981300e+01
9.411511e-01 -1.666365e-03 3.379819e-01 -4.389727e+00 3.380795e-03 9.999842e-01 -4.483969e-03 -1.617113e+00 -3.379691e-01 5.362740e-03 9.411419e-01 8.015234e+01
9.186508e-01 -5.137535e-03 3.950370e-01 -4.200241e+00 6.667779e-03 9.999746e-01 -2.500918e-03 -1.623722e+00 -3.950142e-01 4.931490e-03 9.186618e-01 8.046955e+01
8.918951e-01 -1.119443e-02 4.521038e-01 -3.989770e+00 1.244250e-02 9.999226e-01 2.126775e-04 -1.632046e+00 -4.520712e-01 5.435617e-03 8.919653e-01 8.076946e+01
8.620336e-01 -1.482395e-02 5.066343e-01 -3.760763e+00 1.589014e-02 9.998713e-01 2.218970e-03 -1.638002e+00 -5.066020e-01 6.137666e-03 8.621582e-01 8.105580e+01
8.280078e-01 -1.477468e-02 5.605219e-01 -3.516888e+00 1.652909e-02 9.998615e-01 1.938224e-03 -1.641755e+00 -5.604729e-01 7.660054e-03 8.281374e-01 8.133264e+01
7.895682e-01 -1.152911e-02 6.135545e-01 -3.258611e+00 1.326378e-02 9.999106e-01 1.720180e-03 -1.643369e+00 -6.135195e-01 6.779851e-03 7.896505e-01 8.160236e+01
7.471363e-01 -8.073372e-03 6.646218e-01 -2.978708e+00 8.018592e-03 9.999629e-01 3.132746e-03 -1.643842e+00 -6.646225e-01 2.988743e-03 7.471733e-01 8.186264e+01
7.003894e-01 -7.161699e-03 7.137251e-01 -2.679461e+00 5.145005e-03 9.999743e-01 4.985125e-03 -1.646117e+00 -7.137424e-01 1.805907e-04 7.004082e-01 8.210467e+01
6.497506e-01 -9.563894e-03 7.600873e-01 -2.354299e+00 6.940944e-03 9.999538e-01 6.648670e-03 -1.650045e+00 -7.601158e-01 9.557457e-04 6.497870e-01 8.232417e+01
5.959831e-01 -1.104010e-02 8.029211e-01 -2.013104e+00 7.797221e-03 9.999379e-01 7.961435e-03 -1.650293e+00 -8.029591e-01 1.515673e-03 5.960321e-01 8.251590e+01
5.381449e-01 -8.793180e-03 8.428064e-01 -1.666669e+00 3.211419e-03 9.999597e-01 8.382253e-03 -1.652450e+00 -8.428462e-01 -1.804262e-03 5.381515e-01 8.269138e+01
4.790451e-01 -8.438419e-03 8.777497e-01 -1.303944e+00 2.015365e-03 9.999617e-01 8.513412e-03 -1.655529e+00 -8.777880e-01 -2.309322e-03 4.790437e-01 8.284541e+01
4.224756e-01 -8.979650e-03 9.063298e-01 -9.319248e-01 3.144077e-03 9.999594e-01 8.441728e-03 -1.654998e+00 -9.063689e-01 -7.168529e-04 4.224867e-01 8.297338e+01
3.697850e-01 -9.932757e-03 9.290643e-01 -5.442923e-01 7.215622e-03 9.999434e-01 7.818583e-03 -1.655729e+00 -9.290893e-01 3.812582e-03 3.698358e-01 8.307944e+01
3.210170e-01 -1.025260e-02 9.470179e-01 -1.522570e-01 1.072465e-02 9.999166e-01 7.189889e-03 -1.656809e+00 -9.470127e-01 7.848360e-03 3.211002e-01 8.316756e+01
2.772416e-01 -9.928519e-03 9.607489e-01 2.511621e-01 1.168056e-02 9.999075e-01 6.962550e-03 -1.658584e+00 -9.607292e-01 9.291781e-03 2.773319e-01 8.324706e+01
2.376259e-01 -9.660363e-03 9.713087e-01 6.589388e-01 1.170874e-02 9.999064e-01 7.080302e-03 -1.659306e+00 -9.712862e-01 9.690339e-03 2.377167e-01 8.331620e+01
2.018290e-01 -9.392506e-03 9.793757e-01 1.074953e+00 1.231349e-02 9.998993e-01 7.051778e-03 -1.659465e+00 -9.793434e-01 1.063628e-02 2.019244e-01 8.337584e+01
1.704538e-01 -8.624492e-03 9.853279e-01 1.501678e+00 1.404554e-02 9.998814e-01 6.322111e-03 -1.659354e+00 -9.852656e-01 1.276184e-02 1.705547e-01 8.342141e+01
1.426352e-01 -7.757637e-03 9.897449e-01 1.943326e+00 1.550831e-02 9.998640e-01 5.602000e-03 -1.659011e+00 -9.896538e-01 1.455023e-02 1.427361e-01 8.346756e+01
1.178707e-01 -6.953747e-03 9.930046e-01 2.384800e+00 1.627134e-02 9.998548e-01 5.070293e-03 -1.662055e+00 -9.928956e-01 1.555987e-02 1.179667e-01 8.350693e+01
9.617103e-02 -6.480408e-03 9.953437e-01 2.833180e+00 1.715234e-02 9.998411e-01 4.852414e-03 -1.662300e+00 -9.952170e-01 1.660582e-02 9.626691e-02 8.353696e+01
7.759152e-02 -5.398717e-03 9.969706e-01 3.297678e+00 1.851579e-02 9.998207e-01 3.973117e-03 -1.661971e+00 -9.968133e-01 1.815142e-02 7.767757e-02 8.355716e+01
6.215037e-02 -3.789601e-03 9.980596e-01 3.774732e+00 2.068982e-02 9.997828e-01 2.507763e-03 -1.664456e+00 -9.978523e-01 2.049382e-02 6.221528e-02 8.356582e+01
4.885086e-02 -2.282167e-03 9.988035e-01 4.259989e+00 2.177538e-02 9.997621e-01 1.219338e-03 -1.666751e+00 -9.985687e-01 2.168976e-02 4.888893e-02 8.358217e+01
3.922853e-02 -2.345839e-03 9.992275e-01 4.758100e+00 2.287915e-02 9.997372e-01 1.448826e-03 -1.675688e+00 -9.989683e-01 2.280464e-02 3.927189e-02 8.359158e+01
3.294402e-02 -2.376719e-03 9.994544e-01 5.269037e+00 2.361638e-02 9.997198e-01 1.598907e-03 -1.676999e+00 -9.991781e-01 2.355082e-02 3.299091e-02 8.360227e+01
2.898644e-02 -2.265815e-03 9.995772e-01 5.796474e+00 2.437248e-02 9.997017e-01 1.559327e-03 -1.678686e+00 -9.992826e-01 2.431697e-02 2.903302e-02 8.361265e+01
2.624596e-02 -2.024930e-03 9.996535e-01 6.333022e+00 2.420665e-02 9.997060e-01 1.389490e-03 -1.679458e+00 -9.993624e-01 2.416179e-02 2.628726e-02 8.362877e+01
2.556667e-02 -3.217028e-03 9.996679e-01 6.888045e+00 2.330373e-02 9.997250e-01 2.621215e-03 -1.684651e+00 -9.994015e-01 2.322898e-02 2.563461e-02 8.364539e+01
2.700316e-02 -4.204892e-03 9.996265e-01 7.465442e+00 2.290641e-02 9.997312e-01 3.586555e-03 -1.689480e+00 -9.993729e-01 2.280101e-02 2.709222e-02 8.366417e+01
2.979415e-02 -4.944863e-03 9.995438e-01 8.050809e+00 2.300655e-02 9.997262e-01 4.259992e-03 -1.691462e+00 -9.992913e-01 2.286913e-02 2.989976e-02 8.368375e+01
3.276086e-02 -5.835038e-03 9.994462e-01 8.647657e+00 2.294221e-02 9.997239e-01 5.084636e-03 -1.693320e+00 -9.991999e-01 2.276293e-02 3.288568e-02 8.370572e+01
3.662001e-02 -5.080708e-03 9.993163e-01 9.269280e+00 2.157377e-02 9.997580e-01 4.292381e-03 -1.680174e+00 -9.990964e-01 2.140184e-02 3.672076e-02 8.373057e+01
4.071543e-02 -4.912968e-03 9.991587e-01 9.901888e+00 2.187852e-02 9.997525e-01 4.024344e-03 -1.679453e+00 -9.989312e-01 2.169626e-02 4.081284e-02 8.375710e+01
4.499860e-02 -6.226679e-03 9.989676e-01 1.054533e+01 2.179638e-02 9.997486e-01 5.249727e-03 -1.677893e+00 -9.987492e-01 2.153765e-02 4.512301e-02 8.378780e+01
4.963044e-02 -7.133560e-03 9.987422e-01 1.119665e+01 2.197404e-02 9.997402e-01 6.048734e-03 -1.677652e+00 -9.985259e-01 2.164620e-02 4.977430e-02 8.382426e+01
5.411468e-02 -8.356035e-03 9.984998e-01 1.185718e+01 2.257055e-02 9.997197e-01 7.143011e-03 -1.680691e+00 -9.982796e-01 2.215014e-02 5.428812e-02 8.386703e+01
5.856624e-02 -9.820895e-03 9.982352e-01 1.252466e+01 2.361643e-02 9.996854e-01 8.449591e-03 -1.679351e+00 -9.980041e-01 2.307989e-02 5.877975e-02 8.390799e+01
6.364988e-02 -1.005954e-02 9.979216e-01 1.320014e+01 2.445711e-02 9.996646e-01 8.517177e-03 -1.675067e+00 -9.976726e-01 2.386416e-02 6.387456e-02 8.395238e+01
6.831634e-02 -1.098395e-02 9.976032e-01 1.388150e+01 2.454319e-02 9.996553e-01 9.325810e-03 -1.674087e+00 -9.973618e-01 2.384726e-02 6.856237e-02 8.400472e+01
7.289557e-02 -1.206528e-02 9.972666e-01 1.457017e+01 2.457406e-02 9.996450e-01 1.029780e-02 -1.671859e+00 -9.970368e-01 2.375622e-02 7.316618e-02 8.406102e+01
7.786399e-02 -1.237242e-02 9.968872e-01 1.525354e+01 2.491468e-02 9.996349e-01 1.046050e-02 -1.673813e+00 -9.966526e-01 2.402263e-02 7.814382e-02 8.412019e+01
8.089382e-02 -1.238367e-02 9.966458e-01 1.594772e+01 2.545910e-02 9.996222e-01 1.035424e-02 -1.672125e+00 -9.963975e-01 2.453611e-02 8.117854e-02 8.417997e+01
8.165150e-02 -1.221088e-02 9.965861e-01 1.664644e+01 2.399505e-02 9.996592e-01 1.028259e-02 -1.675942e+00 -9.963721e-01 2.307354e-02 8.191667e-02 8.424412e+01
8.141640e-02 -1.142179e-02 9.966147e-01 1.734848e+01 2.339169e-02 9.996808e-01 9.545996e-03 -1.678246e+00 -9.964056e-01 2.253531e-02 8.165759e-02 8.430611e+01
8.123475e-02 -1.117368e-02 9.966324e-01 1.806273e+01 2.403402e-02 9.996684e-01 9.248724e-03 -1.682452e+00 -9.964052e-01 2.320177e-02 8.147635e-02 8.436298e+01
8.068994e-02 -1.073834e-02 9.966814e-01 1.877747e+01 2.552899e-02 9.996362e-01 8.703386e-03 -1.686017e+00 -9.964123e-01 2.474199e-02 8.093473e-02 8.441977e+01
8.047132e-02 -1.064960e-02 9.967000e-01 1.950207e+01 2.658100e-02 9.996102e-01 8.534603e-03 -1.688260e+00 -9.964024e-01 2.580649e-02 8.072303e-02 8.447779e+01
7.985459e-02 -1.177386e-02 9.967370e-01 2.023280e+01 2.701537e-02 9.995885e-01 9.643183e-03 -1.692086e+00 -9.964404e-01 2.615716e-02 8.013981e-02 8.453855e+01
7.940353e-02 -1.233500e-02 9.967662e-01 2.097047e+01 2.700553e-02 9.995831e-01 1.021857e-02 -1.687555e+00 -9.964767e-01 2.610681e-02 7.970353e-02 8.459943e+01
7.924332e-02 -1.347736e-02 9.967642e-01 2.170806e+01 2.827099e-02 9.995368e-01 1.126728e-02 -1.695563e+00 -9.964543e-01 2.728666e-02 7.958763e-02 8.465315e+01
7.876190e-02 -1.315553e-02 9.968066e-01 2.245074e+01 2.829475e-02 9.995396e-01 1.095591e-02 -1.694766e+00 -9.964918e-01 2.734149e-02 7.909787e-02 8.471467e+01
7.851645e-02 -1.145669e-02 9.968470e-01 2.318652e+01 2.808036e-02 9.995626e-01 9.276159e-03 -1.692183e+00 -9.965173e-01 2.726349e-02 7.880382e-02 8.477913e+01
7.883113e-02 -9.651704e-03 9.968413e-01 2.392781e+01 2.871328e-02 9.995602e-01 7.407357e-03 -1.693604e+00 -9.964744e-01 2.803865e-02 7.907360e-02 8.483919e+01
7.908948e-02 -8.766465e-03 9.968290e-01 2.465967e+01 3.036986e-02 9.995184e-01 6.380539e-03 -1.694101e+00 -9.964048e-01 2.976893e-02 7.931763e-02 8.490550e+01
7.977360e-02 -8.694767e-03 9.967751e-01 2.539825e+01 3.176570e-02 9.994763e-01 6.176066e-03 -1.697393e+00 -9.963067e-01 3.117057e-02 8.000802e-02 8.496396e+01
7.999294e-02 -1.011477e-02 9.967441e-01 2.613113e+01 3.276743e-02 9.994348e-01 7.512348e-03 -1.699827e+00 -9.962567e-01 3.205980e-02 8.027917e-02 8.502635e+01
8.049394e-02 -1.245543e-02 9.966773e-01 2.687498e+01 3.257229e-02 9.994208e-01 9.859101e-03 -1.706051e+00 -9.962228e-01 3.167046e-02 8.085302e-02 8.508935e+01
8.110660e-02 -1.353278e-02 9.966136e-01 2.761732e+01 3.246707e-02 9.994131e-01 1.092855e-02 -1.706506e+00 -9.961765e-01 3.147075e-02 8.149836e-02 8.515218e+01
8.161955e-02 -1.382942e-02 9.965676e-01 2.835100e+01 3.267989e-02 9.994032e-01 1.119227e-02 -1.710024e+00 -9.961276e-01 3.165422e-02 8.202279e-02 8.521459e+01
8.214964e-02 -1.302080e-02 9.965349e-01 2.909880e+01 3.229099e-02 9.994244e-01 1.039663e-02 -1.715814e+00 -9.960967e-01 3.132502e-02 8.252281e-02 8.527330e+01
8.072506e-02 -1.172762e-02 9.966674e-01 2.983235e+01 3.013540e-02 9.995024e-01 9.320167e-03 -1.716854e+00 -9.962807e-01 2.928260e-02 8.103830e-02 8.533808e+01
7.843354e-02 -1.140073e-02 9.968542e-01 3.056340e+01 2.795868e-02 9.995664e-01 9.231927e-03 -1.719308e+00 -9.965272e-01 2.714663e-02 7.871829e-02 8.540186e+01
7.633446e-02 -1.134277e-02 9.970177e-01 3.130313e+01 2.654630e-02 9.996040e-01 9.339736e-03 -1.720810e+00 -9.967288e-01 2.575419e-02 7.660533e-02 8.546219e+01
7.447146e-02 -1.142797e-02 9.971577e-01 3.203828e+01 2.621365e-02 9.996112e-01 9.498354e-03 -1.722528e+00 -9.968786e-01 2.543179e-02 7.474207e-02 8.551848e+01
7.273936e-02 -1.161631e-02 9.972833e-01 3.277362e+01 2.598697e-02 9.996148e-01 9.748044e-03 -1.726670e+00 -9.970124e-01 2.520731e-02 7.301321e-02 8.557320e+01
7.070336e-02 -1.144380e-02 9.974317e-01 3.350315e+01 2.561689e-02 9.996252e-01 9.653101e-03 -1.731051e+00 -9.971684e-01 2.486859e-02 7.097002e-02 8.563167e+01
6.922626e-02 -1.136547e-02 9.975362e-01 3.423602e+01 2.515654e-02 9.996370e-01 9.643614e-03 -1.737026e+00 -9.972837e-01 2.442697e-02 6.948704e-02 8.568500e+01
6.806152e-02 -1.210155e-02 9.976077e-01 3.496989e+01 2.523109e-02 9.996275e-01 1.040467e-02 -1.743083e+00 -9.973620e-01 2.446257e-02 6.834150e-02 8.573730e+01
6.709927e-02 -1.282207e-02 9.976639e-01 3.571191e+01 2.655734e-02 9.995861e-01 1.106063e-02 -1.747672e+00 -9.973928e-01 2.575314e-02 6.741202e-02 8.578757e+01
6.718929e-02 -1.339052e-02 9.976504e-01 3.644185e+01 2.741643e-02 9.995571e-01 1.156968e-02 -1.752386e+00 -9.973635e-01 2.657465e-02 6.752665e-02 8.583912e+01
6.750234e-02 -1.412816e-02 9.976191e-01 3.718060e+01 2.865693e-02 9.995147e-01 1.221598e-02 -1.757349e+00 -9.973075e-01 2.776410e-02 6.787444e-02 8.588550e+01
6.786167e-02 -1.361524e-02 9.976018e-01 3.791623e+01 2.923717e-02 9.995046e-01 1.165235e-02 -1.756992e+00 -9.972663e-01 2.837631e-02 6.822612e-02 8.593952e+01
6.830705e-02 -1.308017e-02 9.975786e-01 3.865045e+01 2.953450e-02 9.995023e-01 1.108308e-02 -1.753441e+00 -9.972271e-01 2.870593e-02 6.865937e-02 8.599281e+01
6.861842e-02 -1.291040e-02 9.975594e-01 3.938509e+01 2.925232e-02 9.995124e-01 1.092351e-02 -1.754996e+00 -9.972140e-01 2.843137e-02 6.896262e-02 8.604671e+01
6.886972e-02 -1.334282e-02 9.975364e-01 4.012039e+01 2.938129e-02 9.995039e-01 1.134066e-02 -1.757211e+00 -9.971929e-01 2.852788e-02 6.922759e-02 8.610027e+01
6.932967e-02 -1.350329e-02 9.975024e-01 4.086063e+01 2.937459e-02 9.995024e-01 1.148874e-02 -1.756219e+00 -9.971612e-01 2.850471e-02 6.969183e-02 8.615357e+01
6.933424e-02 -1.433233e-02 9.974905e-01 4.159590e+01 2.916704e-02 9.994985e-01 1.233382e-02 -1.759905e+00 -9.971670e-01 2.823869e-02 6.971749e-02 8.620763e+01
6.934322e-02 -1.400155e-02 9.974946e-01 4.233418e+01 2.853585e-02 9.995202e-01 1.204624e-02 -1.762564e+00 -9.971846e-01 2.762903e-02 6.970949e-02 8.626326e+01
6.881107e-02 -1.444057e-02 9.975252e-01 4.306733e+01 2.780924e-02 9.995344e-01 1.255133e-02 -1.764376e+00 -9.972420e-01 2.687675e-02 6.918062e-02 8.631750e+01
