1.000000e+00 0.000000e+00 0.000000e+00 0.000000e+00 0.000000e+00 1.000000e+00 0.000000e+00 0.000000e+00 0.000000e+00 0.000000e+00 1.000000e+00 0.000000e+00
9.999945e-01 -1.851894e-03 2.760281e-03 -3.106934e-03 1.838069e-03 9.999858e-01 5.002471e-03 -1.235027e-02 -2.769506e-03 -4.997370e-03 9.999837e-01 7.636553e-01
9.999629e-01 -5.940436e-03 6.239778e-03 4.188778e-03 5.930076e-03 9.999810e-01 1.677533e-03 -2.580400e-02 -6.249625e-03 -1.640469e-03 9.999791e-01 1.533772e+00
9.999386e-01 -5.122671e-03 9.822414e-03 9.016782e-03 5.179302e-03 9.999701e-01 -5.748772e-03 -3.042541e-02 -9.792671e-03 5.799293e-03 9.999352e-01 2.315279e+00
9.999109e-01 2.526651e-03 1.310724e-02 1.055427e-03 -2.390430e-03 9.999431e-01 -1.039804e-02 -3.547155e-02 -1.313276e-02 1.036578e-02 9.998600e-01 3.101742e+00
9.998791e-01 -1.639155e-03 1.546000e-02 1.465593e-02 1.773152e-03 9.999609e-01 -8.657662e-03 -4.579381e-02 -1.544520e-02 8.684029e-03 9.998430e-01 3.906615e+00
9.997896e-01 -1.194190e-02 1.668027e-02 4.552935e-02 1.200524e-02 9.999211e-01 -3.702391e-03 -6.476938e-02 -1.663474e-02 3.901863e-03 9.998540e-01 4.723621e+00
9.996633e-01 -1.821222e-02 1.848011e-02 6.512742e-02 1.824021e-02 9.998327e-01 -1.347211e-03 -7.886899e-02 -1.845248e-02 1.683839e-03 9.998283e-01 5.531126e+00
9.996441e-01 -1.837116e-02 1.934536e-02 7.792066e-02 1.835973e-02 9.998312e-01 7.678228e-04 -8.253334e-02 -1.935620e-02 -4.123738e-04 9.998126e-01 6.340824e+00
9.997172e-01 -1.410950e-02 1.914407e-02 8.600547e-02 1.396790e-02 9.998742e-01 7.509905e-03 -9.184225e-02 -1.924762e-02 -7.240379e-03 9.997885e-01 7.160370e+00
9.996960e-01 -1.497127e-02 1.958835e-02 1.018148e-01 1.473792e-02 9.998193e-01 1.200287e-02 -9.793949e-02 -1.976451e-02 -1.171053e-02 9.997361e-01 7.985808e+00
9.996969e-01 -1.474958e-02 1.971346e-02 1.143167e-01 1.458907e-02 9.998594e-01 8.260896e-03 -1.025351e-01 -1.983254e-02 -7.970791e-03 9.997715e-01 8.798492e+00
9.997094e-01 -1.293872e-02 2.033824e-02 1.261691e-01 1.294818e-02 9.999161e-01 -3.339330e-04 -1.077006e-01 -2.033221e-02 5.971792e-04 9.997931e-01 9.605338e+00
9.997094e-01 -1.198074e-02 2.091657e-02 1.421064e-01 1.207198e-02 9.999181e-01 -4.241358e-03 -1.106969e-01 -2.086404e-02 4.492630e-03 9.997722e-01 1.043193e+01
9.997366e-01 -9.986196e-03 2.066308e-02 1.548460e-01 9.912415e-03 9.999441e-01 3.670049e-03 -1.144983e-01 -2.069858e-02 -3.464261e-03 9.997798e-01 1.125560e+01
9.996679e-01 -1.353375e-02 2.192909e-02 1.733839e-01 1.325234e-02 9.998286e-01 1.292736e-02 -1.232916e-01 -2.210028e-02 -1.263245e-02 9.996759e-01 1.210042e+01
9.995692e-01 -1.686544e-02 2.401891e-02 1.928697e-01 1.653163e-02 9.997649e-01 1.402932e-02 -1.310824e-01 -2.424988e-02 -1.362620e-02 9.996131e-01 1.292509e+01
9.994462e-01 -1.981856e-02 2.672971e-02 2.210983e-01 1.969189e-02 9.997936e-01 4.993690e-03 -1.346385e-01 -2.682316e-02 -4.464566e-03 9.996302e-01 1.375690e+01
9.993994e-01 -1.839423e-02 2.936861e-02 2.362091e-01 1.847631e-02 9.998261e-01 -2.526085e-03 -1.299143e-01 -2.931704e-02 3.067191e-03 9.995655e-01 1.457715e+01
9.993379e-01 -1.858559e-02 3.127683e-02 2.628885e-01 1.877881e-02 9.998063e-01 -5.895306e-03 -1.443048e-01 -3.116120e-02 6.478744e-03 9.994934e-01 1.540127e+01
9.991579e-01 -2.248821e-02 3.431762e-02 2.937757e-01 2.264837e-02 9.997343e-01 -4.285235e-03 -1.565187e-01 -3.421214e-02 5.058865e-03 9.994018e-01 1.624826e+01
9.990651e-01 -2.208742e-02 3.716191e-02 3.209508e-01 2.217122e-02 9.997525e-01 -1.844273e-03 -1.688661e-01 -3.711198e-02 2.666473e-03 9.993076e-01 1.707047e+01
9.990221e-01 -1.875032e-02 4.004114e-02 3.442969e-01 1.862340e-02 9.998203e-01 3.540535e-03 -1.796595e-01 -4.010033e-02 -2.791371e-03 9.991918e-01 1.789754e+01
9.989295e-01 -1.768510e-02 4.274518e-02 3.692339e-01 1.719120e-02 9.997815e-01 1.189451e-02 -1.887827e-01 -4.294619e-02 -1.114693e-02 9.990152e-01 1.872147e+01
9.988356e-01 -1.781433e-02 4.483471e-02 4.042881e-01 1.703582e-02 9.996984e-01 1.768667e-02 -1.884295e-01 -4.513627e-02 -1.690228e-02 9.988378e-01 1.954133e+01
9.987032e-01 -1.860244e-02 4.739136e-02 4.402943e-01 1.783975e-02 9.997053e-01 1.646574e-02 -1.900567e-01 -4.768370e-02 -1.559893e-02 9.987407e-01 2.035191e+01
9.985943e-01 -1.775260e-02 4.994283e-02 4.745444e-01 1.724817e-02 9.997960e-01 1.051296e-02 -1.965259e-01 -5.011928e-02 -9.636762e-03 9.986967e-01 2.114812e+01
9.985275e-01 -1.661600e-02 5.163996e-02 5.113540e-01 1.656378e-02 9.998618e-01 1.439066e-03 -1.973562e-01 -5.165674e-02 -5.815938e-04 9.986647e-01 2.193683e+01
9.984502e-01 -1.477664e-02 5.365572e-02 5.476704e-01 1.484014e-02 9.998896e-01 -7.852016e-04 -1.989219e-01 -5.363819e-02 1.580243e-03 9.985592e-01 2.273226e+01
9.983196e-01 -1.332556e-02 5.639540e-02 5.890226e-01 1.315127e-02 9.999075e-01 3.460631e-03 -2.057842e-01 -5.643630e-02 -2.713144e-03 9.984025e-01 2.353700e+01
9.981835e-01 -1.044761e-02 5.933447e-02 6.255742e-01 9.814618e-03 9.998919e-01 1.094958e-02 -2.164399e-01 -5.944245e-02 -1.034735e-02 9.981781e-01 2.433513e+01
9.979963e-01 -5.788036e-03 6.300675e-02 6.635961e-01 4.872387e-03 9.998804e-01 1.467652e-02 -2.270092e-01 -6.308416e-02 -1.434012e-02 9.979052e-01 2.512646e+01
9.977325e-01 -1.217972e-03 6.729366e-02 7.019517e-01 3.560406e-04 9.999178e-01 1.281901e-02 -2.341328e-01 -6.730373e-02 -1.276598e-02 9.976509e-01 2.590532e+01
9.974471e-01 6.761092e-04 7.140668e-02 7.451252e-01 -1.172880e-03 9.999754e-01 6.915230e-03 -2.383268e-01 -7.140025e-02 -6.981327e-03 9.974233e-01 2.668236e+01
9.970813e-01 -2.481479e-03 7.630691e-02 8.051878e-01 2.687982e-03 9.999930e-01 -2.603624e-03 -2.478145e-01 -7.629992e-02 2.801136e-03 9.970810e-01 2.745930e+01
9.966291e-01 -4.215424e-03 8.193094e-02 8.685304e-01 4.831459e-03 9.999615e-01 -7.322163e-03 -2.490329e-01 -8.189692e-02 7.693326e-03 9.966111e-01 2.822559e+01
9.960587e-01 -6.560846e-03 8.845319e-02 9.413591e-01 6.804212e-03 9.999738e-01 -2.450116e-03 -2.552940e-01 -8.843480e-02 3.042314e-03 9.960773e-01 2.900373e+01
9.953648e-01 -1.040558e-02 9.560645e-02 1.020662e+00 9.576458e-03 9.999125e-01 9.127025e-03 -2.627424e-01 -9.569305e-02 -8.169149e-03 9.953774e-01 2.977910e+01
9.945447e-01 -1.360769e-02 1.034196e-01 1.107558e+00 1.206531e-02 9.998067e-01 1.552479e-02 -2.747224e-01 -1.036108e-01 -1.419231e-02 9.945167e-01 3.054516e+01
9.934997e-01 -1.803191e-02 1.123971e-01 1.198173e+00 1.667581e-02 9.997765e-01 1.299374e-02 -2.773652e-01 -1.126062e-01 -1.103496e-02 9.935784e-01 3.129501e+01
9.924714e-01 -1.846142e-02 1.210771e-01 1.289073e+00 1.794490e-02 9.998246e-01 5.355170e-03 -2.802156e-01 -1.211548e-01 -3.142136e-03 9.926287e-01 3.203270e+01
9.913557e-01 -2.048084e-02 1.295934e-01 1.390871e+00 2.058806e-02 9.997879e-01 5.124478e-04 -2.848726e-01 -1.295764e-01 2.160059e-03 9.915671e-01 3.276201e+01
9.902290e-01 -2.409481e-02 1.373534e-01 1.498393e+00 2.424239e-02 9.997059e-01 5.985230e-04 -2.940984e-01 -1.373275e-01 2.737101e-03 9.905219e-01 3.349096e+01
9.890207e-01 -3.093831e-02 1.445025e-01 1.616616e+00 3.073424e-02 9.995209e-01 3.644851e-03 -2.979933e-01 -1.445460e-01 8.363422e-04 9.894977e-01 3.422290e+01
9.880786e-01 -3.499411e-02 1.499200e-01 1.732045e+00 3.441411e-02 9.993868e-01 6.462139e-03 -3.051469e-01 -1.500542e-01 -1.225738e-03 9.886770e-01 3.493783e+01
9.872211e-01 -4.109311e-02 1.539669e-01 1.857287e+00 4.028359e-02 9.991532e-01 8.375176e-03 -3.151643e-01 -1.541807e-01 -2.065810e-03 9.880405e-01 3.564679e+01
9.868605e-01 -4.226518e-02 1.559490e-01 1.967023e+00 4.177724e-02 9.991064e-01 6.406665e-03 -3.241124e-01 -1.560804e-01 1.926331e-04 9.877443e-01 3.633756e+01
9.867859e-01 -4.455058e-02 1.557844e-01 2.078995e+00 4.434253e-02 9.990048e-01 4.812167e-03 -3.326385e-01 -1.558438e-01 2.159297e-03 9.877794e-01 3.702020e+01
9.868386e-01 -4.707919e-02 1.547031e-01 2.184874e+00 4.714313e-02 9.988828e-01 3.257426e-03 -3.445843e-01 -1.546836e-01 4.078632e-03 9.879556e-01 3.770071e+01
9.873299e-01 -4.727522e-02 1.514751e-01 2.286320e+00 4.728045e-02 9.988753e-01 3.569208e-03 -3.538536e-01 -1.514734e-01 3.637823e-03 9.884546e-01 3.836953e+01
9.877709e-01 -4.913234e-02 1.479682e-01 2.383809e+00 4.884730e-02 9.987908e-01 5.561910e-03 -3.598219e-01 -1.480625e-01 1.733953e-03 9.889765e-01 3.903647e+01
9.887278e-01 -4.683265e-02 1.422114e-01 2.473229e+00 4.656525e-02 9.989017e-01 5.209571e-03 -3.626858e-01 -1.422992e-01 1.471263e-03 9.898226e-01 3.969743e+01
9.895340e-01 -4.864731e-02 1.358524e-01 2.559753e+00 4.844772e-02 9.988143e-01 4.776994e-03 -3.646187e-01 -1.359237e-01 1.854742e-03 9.907176e-01 4.035503e+01
9.904731e-01 -4.889963e-02 1.287318e-01 2.636216e+00 4.857866e-02 9.988035e-01 5.633969e-03 -3.726301e-01 -1.288533e-01 6.733231e-04 9.916634e-01 4.101205e+01
9.911296e-01 -5.563914e-02 1.206910e-01 2.719549e+00 5.514767e-02 9.984507e-01 7.411138e-03 -3.761203e-01 -1.209164e-01 -6.895697e-04 9.926625e-01 4.166044e+01
9.918882e-01 -5.896829e-02 1.126082e-01 2.793871e+00 5.799686e-02 9.982460e-01 1.188604e-02 -3.751285e-01 -1.131116e-01 -5.258694e-03 9.935684e-01 4.231576e+01
9.925812e-01 -6.157548e-02 1.048385e-01 2.862258e+00 6.014206e-02 9.980487e-01 1.678257e-02 -3.801132e-01 -1.056673e-01 -1.035286e-02 9.943476e-01 4.297540e+01
9.933889e-01 -6.228465e-02 9.643176e-02 2.922016e+00 6.074405e-02 9.979757e-01 1.883295e-02 -3.855540e-01 -9.740956e-02 -1.285078e-02 9.951614e-01 4.363005e+01
9.939858e-01 -6.486326e-02 8.823270e-02 2.980625e+00 6.366690e-02 9.978379e-01 1.630953e-02 -3.860653e-01 -8.909983e-02 -1.059393e-02 9.959664e-01 4.427501e+01
9.946498e-01 -6.520830e-02 8.012267e-02 3.029020e+00 6.451470e-02 9.978537e-01 1.121799e-02 -3.835006e-01 -8.068221e-02 -5.988881e-03 9.967219e-01 4.491457e+01
9.953303e-01 -6.523879e-02 7.114449e-02 3.073315e+00 6.505158e-02 9.978696e-01 4.947607e-03 -3.802746e-01 -7.131570e-02 -2.964416e-04 9.974537e-01 4.555181e+01
9.961060e-01 -6.306891e-02 6.160415e-02 3.102795e+00 6.312562e-02 9.980051e-01 1.027140e-03 -3.856046e-01 -6.154604e-02 2.865660e-03 9.981001e-01 4.618783e+01
9.968349e-01 -6.031598e-02 5.178931e-02 3.122291e+00 6.054640e-02 9.981612e-01 -2.890472e-03 -3.877549e-01 -5.151974e-02 6.016980e-03 9.986539e-01 4.682761e+01
9.974422e-01 -5.773988e-02 4.213274e-02 3.139388e+00 5.800952e-02 9.983025e-01 -5.204464e-03 -3.925623e-01 -4.176071e-02 7.635253e-03 9.990985e-01 4.747386e+01
9.979921e-01 -5.430866e-02 3.259259e-02 3.149999e+00 5.449952e-02 9.985013e-01 -4.995954e-03 -4.072657e-01 -3.227242e-02 6.762203e-03 9.994562e-01 4.812764e+01
9.984748e-01 -4.998190e-02 2.345027e-02 3.150472e+00 5.010801e-02 9.987322e-01 -4.820908e-03 -4.185949e-01 -2.317959e-02 5.988602e-03 9.997134e-01 4.878650e+01
9.987944e-01 -4.662317e-02 1.536291e-02 3.145502e+00 4.670895e-02 9.988946e-01 -5.272477e-03 -4.284398e-01 -1.510011e-02 5.983706e-03 9.998681e-01 4.944645e+01
9.989389e-01 -4.544608e-02 7.468267e-03 3.143553e+00 4.548650e-02 9.989507e-01 -5.334491e-03 -4.408677e-01 -7.217999e-03 5.668536e-03 9.999579e-01 5.011361e+01
9.991112e-01 -4.214920e-02 4.068908e-04 3.129967e+00 4.215060e-02 9.991012e-01 -4.487613e-03 -4.514080e-01 -2.173758e-04 4.500775e-03 9.999898e-01 5.078302e+01
9.991587e-01 -4.070619e-02 -4.992697e-03 3.115957e+00 4.068363e-02 9.991618e-01 -4.539883e-03 -4.638181e-01 5.173314e-03 4.332943e-03 9.999772e-01 5.145866e+01
9.991408e-01 -3.997490e-02 -1.094212e-02 3.100926e+00 3.993364e-02 9.991945e-01 -3.963372e-03 -4.761909e-01 1.109174e-02 3.523007e-03 9.999323e-01 5.213280e+01
9.989912e-01 -4.188708e-02 -1.618645e-02 3.089627e+00 4.183802e-02 9.991188e-01 -3.357787e-03 -4.846310e-01 1.631283e-02 2.677191e-03 9.998634e-01 5.281637e+01
9.989702e-01 -4.067004e-02 -2.011335e-02 3.071677e+00 4.066870e-02 9.991726e-01 -4.757596e-04 -4.962949e-01 2.011606e-02 -3.427142e-04 9.997976e-01 5.350075e+01
9.989046e-01 -4.022534e-02 -2.390633e-02 3.051751e+00 4.026560e-02 9.991883e-01 1.204948e-03 -5.056567e-01 2.383846e-02 -2.166230e-03 9.997135e-01 5.418581e+01
9.987347e-01 -4.226115e-02 -2.725925e-02 3.028710e+00 4.233230e-02 9.991015e-01 2.037822e-03 -5.148565e-01 2.714864e-02 -3.189191e-03 9.996263e-01 5.487383e+01
9.985141e-01 -4.547498e-02 -3.002631e-02 3.008433e+00 4.550753e-02 9.989639e-01 4.010450e-04 -5.230444e-01 2.997696e-02 -1.766872e-03 9.995490e-01 5.556740e+01
9.983171e-01 -4.793816e-02 -3.263166e-02 2.985927e+00 4.794845e-02 9.988497e-01 -4.676682e-04 -5.292022e-01 3.261654e-02 -1.097756e-03 9.994673e-01 5.626073e+01
9.982520e-01 -4.721176e-02 -3.555224e-02 2.956341e+00 4.718006e-02 9.988849e-01 -1.730691e-03 -5.338508e-01 3.559430e-02 5.030906e-05 9.993663e-01 5.695413e+01
9.981722e-01 -4.706677e-02 -3.790796e-02 2.927188e+00 4.709640e-02 9.988903e-01 -1.114097e-04 -5.460537e-01 3.787114e-02 -1.674123e-03 9.992812e-01 5.764875e+01
9.980641e-01 -4.762912e-02 -3.999416e-02 2.894458e+00 4.769582e-02 9.988617e-01 7.147828e-04 -5.533450e-01 3.991459e-02 -2.620953e-03 9.991997e-01 5.834215e+01
9.979665e-01 -4.841533e-02 -4.145880e-02 2.863165e+00 4.850099e-02 9.988226e-01 1.062153e-03 -5.603174e-01 4.135856e-02 -3.070786e-03 9.991396e-01 5.903407e+01
9.980110e-01 -4.672257e-02 -4.232038e-02 2.830388e+00 4.680405e-02 9.989037e-01 9.358915e-04 -5.714847e-01 4.223025e-02 -2.914795e-03 9.991037e-01 5.972054e+01
9.980919e-01 -4.502890e-02 -4.224806e-02 2.797170e+00 4.507166e-02 9.989838e-01 5.964252e-05 -5.821149e-01 4.220244e-02 -1.963719e-03 9.991072e-01 6.040836e+01
9.981758e-01 -4.388902e-02 -4.145938e-02 2.766341e+00 4.385824e-02 9.990364e-01 -1.652167e-03 -5.925600e-01 4.149195e-02 -1.691823e-04 9.991388e-01 6.109354e+01
9.982732e-01 -4.383567e-02 -3.910328e-02 2.737846e+00 4.369908e-02 9.990353e-01 -4.341376e-03 -6.006478e-01 3.925587e-02 2.625102e-03 9.992257e-01 6.177590e+01
9.984758e-01 -4.194081e-02 -3.587476e-02 2.709715e+00 4.172926e-02 9.991070e-01 -6.625891e-03 -6.138878e-01 3.612062e-02 5.118764e-03 9.993343e-01 6.244992e+01
9.986962e-01 -4.015785e-02 -3.151667e-02 2.681057e+00 3.993251e-02 9.991723e-01 -7.747271e-03 -6.293421e-01 3.180170e-02 6.478630e-03 9.994732e-01 6.312271e+01
9.988195e-01 -4.010105e-02 -2.741314e-02 2.664158e+00 3.991931e-02 9.991774e-01 -7.145262e-03 -6.434001e-01 2.767712e-02 6.042514e-03 9.995987e-01 6.379456e+01
9.988724e-01 -4.147935e-02 -2.309707e-02 2.651416e+00 4.135651e-02 9.991278e-01 -5.771466e-03 -6.568709e-01 2.331632e-02 4.809744e-03 9.997166e-01 6.446600e+01
9.990203e-01 -4.052114e-02 -1.779160e-02 2.632825e+00 4.047056e-02 9.991756e-01 -3.194140e-03 -6.698286e-01 1.790637e-02 2.470974e-03 9.998366e-01 6.512624e+01
9.991124e-01 -4.031305e-02 -1.221753e-02 2.625442e+00 4.029920e-02 9.991867e-01 -1.377912e-03 -6.843722e-01 1.226315e-02 8.843324e-04 9.999244e-01 6.578765e+01
9.992013e-01 -3.947901e-02 -6.170164e-03 2.621557e+00 3.947249e-02 9.992200e-01 -1.174053e-03 -6.971585e-01 6.211701e-03 9.295638e-04 9.999803e-01 6.643790e+01
9.992405e-01 -3.895019e-02 1.135091e-03 2.619256e+00 3.895130e-02 9.992406e-01 -9.710571e-04 -7.104532e-01 -1.096406e-03 1.014533e-03 9.999989e-01 6.707257e+01
9.991770e-01 -3.969654e-02 8.340093e-03 2.626851e+00 3.970286e-02 9.992114e-01 -5.935498e-04 -7.236353e-01 -8.309953e-03 9.241868e-04 9.999650e-01 6.769929e+01
9.990516e-01 -4.095981e-02 1.477307e-02 2.639945e+00 4.097488e-02 9.991599e-01 -7.187410e-04 -7.324361e-01 -1.473122e-02 1.323384e-03 9.998906e-01 6.831104e+01
9.988465e-01 -4.323987e-02 2.087822e-02 2.658868e+00 4.325921e-02 9.990638e-01 -4.754526e-04 -7.461711e-01 -2.083812e-02 1.378080e-03 9.997819e-01 6.890818e+01
9.986188e-01 -4.493900e-02 2.722222e-02 2.679031e+00 4.496754e-02 9.989884e-01 -4.370231e-04 -7.598275e-01 -2.717504e-02 1.660536e-03 9.996293e-01 6.948801e+01
9.984103e-01 -4.523407e-02 3.362545e-02 2.699934e+00 4.532041e-02 9.989709e-01 -1.809486e-03 -7.686586e-01 -3.350899e-02 3.330529e-03 9.994329e-01 7.006816e+01
9.981883e-01 -4.552192e-02 3.934231e-02 2.723367e+00 4.566496e-02 9.989530e-01 -2.744238e-03 -7.798975e-01 -3.917620e-02 4.535831e-03 9.992220e-01 7.064176e+01
9.979713e-01 -4.648385e-02 4.350247e-02 2.751795e+00 4.663516e-02 9.989089e-01 -2.469297e-03 -7.886210e-01 -4.334022e-02 4.493032e-03 9.990503e-01 7.121023e+01
9.977881e-01 -4.775278e-02 4.624532e-02 2.778583e+00 4.785004e-02 9.988540e-01 -9.975886e-04 -7.984494e-01 -4.614469e-02 3.208222e-03 9.989296e-01 7.177475e+01
9.976071e-01 -5.002465e-02 4.772490e-02 2.810270e+00 5.005151e-02 9.987464e-01 6.328629e-04 -8.060567e-01 -4.769673e-02 1.757355e-03 9.988603e-01 7.234189e+01
9.974955e-01 -5.152263e-02 4.845739e-02 2.834852e+00 5.153468e-02 9.986707e-01 1.001560e-03 -8.164226e-01 -4.844458e-02 1.498184e-03 9.988247e-01 7.289543e+01
9.973835e-01 -5.395257e-02 4.811811e-02 2.865339e+00 5.402846e-02 9.985394e-01 -2.769722e-04 -8.263933e-01 -4.803288e-02 2.875995e-03 9.988416e-01 7.345289e+01
9.974468e-01 -5.400199e-02 4.672992e-02 2.889774e+00 5.413222e-02 9.985326e-01 -1.524899e-03 -8.370172e-01 -4.657900e-02 4.050600e-03 9.989064e-01 7.400453e+01
9.976222e-01 -5.177000e-02 4.549537e-02 2.911528e+00 5.183718e-02 9.986555e-01 -2.972394e-04 -8.451608e-01 -4.541881e-02 2.654884e-03 9.989645e-01 7.456425e+01
9.977321e-01 -5.102873e-02 4.389406e-02 2.931120e+00 5.106705e-02 9.986952e-01 2.485489e-04 -8.519311e-01 -4.384947e-02 1.993555e-03 9.990362e-01 7.511507e+01
9.977099e-01 -5.365855e-02 4.117929e-02 2.956497e+00 5.369706e-02 9.985573e-01 1.710917e-04 -8.584502e-01 -4.112906e-02 2.040507e-03 9.991518e-01 7.566008e+01
9.975423e-01 -5.869956e-02 3.825932e-02 2.988260e+00 5.870564e-02 9.982749e-01 9.655832e-04 -8.693515e-01 -3.825000e-02 1.282828e-03 9.992674e-01 7.620782e+01
9.975202e-01 -6.066809e-02 3.567761e-02 3.008183e+00 6.065209e-02 9.981578e-01 1.531434e-03 -8.727916e-01 -3.570479e-02 6.362855e-04 9.993622e-01 7.675714e+01
9.976944e-01 -6.008832e-02 3.154764e-02 3.018820e+00 6.011693e-02 9.981913e-01 4.172428e-05 -8.757700e-01 -3.149309e-02 1.854919e-03 9.995022e-01 7.728945e+01
9.978841e-01 -5.999561e-02 2.505808e-02 3.027254e+00 6.000765e-02 9.981979e-01 2.716343e-04 -8.827719e-01 -2.502922e-02 1.232617e-03 9.996860e-01 7.781766e+01
9.979271e-01 -6.190231e-02 1.759680e-02 3.030474e+00 6.187312e-02 9.980816e-01 2.198520e-03 -8.910438e-01 -1.769913e-02 -1.105194e-03 9.998427e-01 7.833198e+01
9.978395e-01 -6.518888e-02 8.175224e-03 3.032061e+00 6.516546e-02 9.978697e-01 3.099321e-03 -8.989443e-01 -8.359850e-03 -2.559883e-03 9.999618e-01 7.884435e+01
9.976953e-01 -6.776612e-02 -3.435764e-03 3.029051e+00 6.777324e-02 9.976987e-01 2.001745e-03 -9.088616e-01 3.292207e-03 -2.229985e-03 9.999921e-01 7.935366e+01
9.975246e-01 -6.856496e-02 -1.560241e-02 3.014547e+00 6.859225e-02 9.976440e-01 1.219686e-03 -9.153766e-01 1.548202e-02 -2.286871e-03 9.998775e-01 7.985931e+01
9.974444e-01 -6.632461e-02 -2.656518e-02 2.989178e+00 6.637955e-02 9.977937e-01 1.190551e-03 -9.241111e-01 2.642760e-02 -2.950893e-03 9.996464e-01 8.036415e+01
9.973100e-01 -6.350764e-02 -3.659896e-02 2.958808e+00 6.357505e-02 9.979768e-01 6.797721e-04 -9.331380e-01 3.648175e-02 -3.004724e-03 9.993298e-01 8.086967e+01
9.971228e-01 -6.145312e-02 -4.438074e-02 2.929423e+00 6.151305e-02 9.981063e-01 -1.533067e-05 -9.430033e-01 4.429764e-02 -2.714708e-03 9.990147e-01 8.136647e+01
9.969898e-01 -6.048440e-02 -4.850693e-02 2.896480e+00 6.053517e-02 9.981660e-01 -4.229364e-04 -9.496031e-01 4.844355e-02 -2.514712e-03 9.988228e-01 8.186149e+01
9.968639e-01 -6.052746e-02 -5.097922e-02 2.866105e+00 6.056438e-02 9.981640e-01 -8.215496e-04 -9.580517e-01 5.093535e-02 -2.268552e-03 9.986994e-01 8.235252e+01
9.966877e-01 -6.139231e-02 -5.333422e-02 2.839126e+00 6.140017e-02 9.981121e-01 -1.492636e-03 -9.656913e-01 5.332517e-02 -1.787038e-03 9.985756e-01 8.284498e+01
9.965486e-01 -6.230163e-02 -5.485826e-02 2.808950e+00 6.225439e-02 9.980570e-01 -2.571302e-03 -9.694969e-01 5.491186e-02 -8.527402e-04 9.984908e-01 8.333750e+01
9.965076e-01 -6.232848e-02 -5.556689e-02 2.780132e+00 6.222581e-02 9.980557e-01 -3.577628e-03 -9.805970e-01 5.568184e-02 1.074389e-04 9.984486e-01 8.382608e+01
9.965980e-01 -6.136971e-02 -5.501166e-02 2.749662e+00 6.122337e-02 9.981146e-01 -4.343128e-03 -9.916765e-01 5.517448e-02 9.603535e-04 9.984763e-01 8.432903e+01
9.966795e-01 -6.124234e-02 -5.365956e-02 2.719074e+00 6.109969e-02 9.981224e-01 -4.296469e-03 -9.997984e-01 5.382194e-02 1.003620e-03 9.985500e-01 8.484583e+01
9.967325e-01 -6.186214e-02 -5.193618e-02 2.692573e+00 6.174138e-02 9.980845e-01 -3.927907e-03 -1.006857e+00 5.207968e-02 7.084606e-04 9.986427e-01 8.536444e+01
9.968476e-01 -6.229910e-02 -4.912846e-02 2.664890e+00 6.219728e-02 9.980574e-01 -3.599900e-03 -1.014007e+00 4.925729e-02 5.328952e-04 9.987860e-01 8.589637e+01
9.969867e-01 -6.247241e-02 -4.598683e-02 2.638285e+00 6.239873e-02 9.980467e-01 -3.037229e-03 -1.021343e+00 4.608675e-02 1.585571e-04 9.989374e-01 8.643755e+01
9.971323e-01 -6.252934e-02 -4.262987e-02 2.613200e+00 6.247971e-02 9.980431e-01 -2.497053e-03 -1.029767e+00 4.270259e-02 -1.736094e-04 9.990878e-01 8.698577e+01
9.972810e-01 -6.270512e-02 -3.871400e-02 2.590200e+00 6.268837e-02 9.980318e-01 -1.647652e-03 -1.034025e+00 3.874112e-02 -7.837454e-04 9.992490e-01 8.754114e+01
9.974928e-01 -6.213129e-02 -3.388029e-02 2.570732e+00 6.214206e-02 9.980670e-01 -7.361108e-04 -1.043005e+00 3.386054e-02 -1.371126e-03 9.994256e-01 8.811180e+01
9.976560e-01 -6.239103e-02 -2.810622e-02 2.555938e+00 6.240787e-02 9.980507e-01 -2.785216e-04 -1.050070e+00 2.806881e-02 -1.476181e-03 9.996049e-01 8.868618e+01
9.978546e-01 -6.177146e-02 -2.169244e-02 2.543339e+00 6.181938e-02 9.980862e-01 1.544677e-03 -1.059019e+00 2.155551e-02 -2.882377e-03 9.997635e-01 8.926845e+01
9.979920e-01 -6.163208e-02 -1.460856e-02 2.533976e+00 6.168959e-02 9.980892e-01 3.518629e-03 -1.067230e+00 1.436378e-02 -4.412759e-03 9.998871e-01 8.985848e+01
9.981602e-01 -6.018285e-02 -7.358282e-03 2.532255e+00 6.021835e-02 9.981742e-01 4.700508e-03 -1.073243e+00 7.061957e-03 -5.134964e-03 9.999619e-01 9.044871e+01
9.981762e-01 -6.036780e-02 1.626363e-04 2.537177e+00 6.036563e-02 9.981570e-01 6.204401e-03 -1.078111e+00 -5.368826e-04 -6.183267e-03 9.999807e-01 9.103753e+01
9.980986e-01 -6.101768e-02 8.720483e-03 2.543822e+00 6.095178e-02 9.981115e-01 7.633745e-03 -1.081595e+00 -9.169808e-03 -7.087701e-03 9.999328e-01 9.162726e+01
9.979473e-01 -6.132079e-02 1.846589e-02 2.557896e+00 6.116370e-02 9.980876e-01 8.955191e-03 -1.085499e+00 -1.897971e-02 -7.807366e-03 9.997894e-01 9.221071e+01
9.977452e-01 -6.075144e-02 2.852810e-02 2.580342e+00 6.046167e-02 9.981109e-01 1.091311e-02 -1.088842e+00 -2.913719e-02 -9.163642e-03 9.995334e-01 9.278676e+01
9.974069e-01 -6.028251e-02 3.931236e-02 2.606550e+00 5.978566e-02 9.981173e-01 1.369496e-02 -1.091889e+00 -4.006391e-02 -1.130914e-02 9.991331e-01 9.336150e+01
9.968624e-01 -6.024711e-02 5.133774e-02 2.638176e+00 5.945286e-02 9.980887e-01 1.686177e-02 -1.093985e+00 -5.225549e-02 -1.375669e-02 9.985390e-01 9.391894e+01
9.960490e-01 -6.042914e-02 6.507503e-02 2.679768e+00 5.934670e-02 9.980671e-01 1.844209e-02 -1.093893e+00 -6.606369e-02 -1.450724e-02 9.977099e-01 9.446990e+01
9.948792e-01 -6.022193e-02 8.117018e-02 2.729730e+00 5.887871e-02 9.980873e-01 1.884353e-02 -1.093912e+00 -8.214972e-02 -1.396784e-02 9.965221e-01 9.501014e+01
9.931194e-01 -6.007829e-02 1.005205e-01 2.794888e+00 5.837579e-02 9.980984e-01 1.979607e-02 -1.094276e+00 -1.015187e-01 -1.379190e-02 9.947380e-01 9.554995e+01
9.906116e-01 -6.116745e-02 1.222587e-01 2.871802e+00 5.900314e-02 9.980316e-01 2.124882e-02 -1.088888e+00 -1.233178e-01 -1.383568e-02 9.922708e-01 9.608686e+01
9.875910e-01 -6.414036e-02 1.433528e-01 2.963383e+00 6.153475e-02 9.978504e-01 2.254096e-02 -1.083018e+00 -1.444904e-01 -1.344007e-02 9.894149e-01 9.662212e+01
9.841348e-01 -6.821895e-02 1.637831e-01 3.068904e+00 6.505038e-02 9.975778e-01 2.463853e-02 -1.075269e+00 -1.650672e-01 -1.359348e-02 9.861886e-01 9.714840e+01
9.801732e-01 -7.278993e-02 1.842884e-01 3.186346e+00 6.893857e-02 9.972492e-01 2.722892e-02 -1.067289e+00 -1.857634e-01 -1.398448e-02 9.824950e-01 9.767710e+01
9.758459e-01 -7.697756e-02 2.044484e-01 3.315612e+00 7.245350e-02 9.969344e-01 2.953375e-02 -1.061366e+00 -2.060951e-01 -1.400738e-02 9.784317e-01 9.820100e+01
9.713761e-01 -8.230366e-02 2.228331e-01 3.452868e+00 7.728895e-02 9.965221e-01 3.114784e-02 -1.050832e+00 -2.246216e-01 -1.303374e-02 9.743589e-01 9.871824e+01
9.674166e-01 -8.869875e-02 2.371447e-01 3.593973e+00 8.332919e-02 9.959890e-01 3.259162e-02 -1.041781e+00 -2.390843e-01 -1.176860e-02 9.709275e-01 9.922311e+01
9.644820e-01 -9.689884e-02 2.457337e-01 3.739978e+00 9.139071e-02 9.952431e-01 3.374872e-02 -1.030919e+00 -2.478350e-01 -1.009226e-02 9.687497e-01 9.972827e+01
9.633849e-01 -1.056355e-01 2.464359e-01 3.883532e+00 1.002016e-01 9.943680e-01 3.452381e-02 -1.021069e+00 -2.486950e-01 -8.566447e-03 9.685440e-01 1.002260e+02
9.640883e-01 -1.116885e-01 2.409551e-01 4.013360e+00 1.064892e-01 9.937139e-01 3.453516e-02 -1.005524e+00 -2.432976e-01 -7.635823e-03 9.699216e-01 1.007233e+02
9.663880e-01 -1.146585e-01 2.301038e-01 4.129208e+00 1.098960e-01 9.933800e-01 3.345118e-02 -9.949287e-01 -2.324159e-01 -7.039325e-03 9.725910e-01 1.012159e+02
9.700050e-01 -1.155889e-01 2.138446e-01 4.228667e+00 1.113845e-01 9.932733e-01 3.164841e-02 -9.848241e-01 -2.160644e-01 -6.880148e-03 9.763549e-01 1.017059e+02
9.743218e-01 -1.167323e-01 1.925372e-01 4.314055e+00 1.131171e-01 9.931376e-01 2.970237e-02 -9.793356e-01 -1.946832e-01 -7.160421e-03 9.808400e-01 1.021893e+02
9.786936e-01 -1.175778e-01 1.683279e-01 4.382694e+00 1.145543e-01 9.930336e-01 2.759592e-02 -9.797193e-01 -1.704000e-01 -7.725267e-03 9.853447e-01 1.026668e+02
9.827138e-01 -1.177534e-01 1.428555e-01 4.433009e+00 1.153864e-01 9.930118e-01 2.477118e-02 -9.734744e-01 -1.447741e-01 -7.859395e-03 9.894335e-01 1.031370e+02
9.862411e-01 -1.181920e-01 1.155819e-01 4.470538e+00 1.163204e-01 9.929493e-01 2.282987e-02 -9.704665e-01 -1.174653e-01 -9.071219e-03 9.930356e-01 1.036020e+02
9.892698e-01 -1.189056e-01 8.489196e-02 4.489016e+00 1.175088e-01 9.928437e-01 2.128320e-02 -9.731237e-01 -8.681514e-02 -1.107928e-02 9.961628e-01 1.040596e+02
9.916335e-01 -1.188893e-01 5.028289e-02 4.490905e+00 1.181378e-01 9.928399e-01 1.767392e-02 -9.802859e-01 -5.202410e-02 -1.158574e-02 9.985786e-01 1.045167e+02
9.930580e-01 -1.168571e-01 1.342550e-02 4.468143e+00 1.166875e-01 9.930863e-01 1.279162e-02 -9.828096e-01 -1.482747e-02 -1.113623e-02 9.998281e-01 1.049698e+02
9.933061e-01 -1.131131e-01 -2.341728e-02 4.424249e+00 1.133400e-01 9.935191e-01 8.595417e-03 -9.896230e-01 2.229326e-02 -1.119199e-02 9.996888e-01 1.054167e+02
9.924277e-01 -1.081109e-01 -5.830346e-02 4.367909e+00 1.086073e-01 9.940700e-01 5.404747e-03 -9.969024e-01 5.737341e-02 -1.169600e-02 9.982843e-01 1.058591e+02
9.908427e-01 -1.014057e-01 -8.914953e-02 4.297043e+00 1.020076e-01 9.947812e-01 2.210566e-03 -1.004566e+00 8.846011e-02 -1.128426e-02 9.960158e-01 1.062930e+02
9.887714e-01 -9.526539e-02 -1.151332e-01 4.218139e+00 9.588650e-02 9.953923e-01 -1.442213e-04 -1.013482e+00 1.146164e-01 -1.089712e-02 9.933501e-01 1.067220e+02
9.864342e-01 -8.964573e-02 -1.375184e-01 4.131172e+00 9.031274e-02 9.959125e-01 -1.394202e-03 -1.023161e+00 1.370813e-01 -1.104437e-02 9.904982e-01 1.071575e+02
9.839771e-01 -8.466167e-02 -1.569123e-01 4.039725e+00 8.531575e-02 9.963506e-01 -2.574467e-03 -1.031846e+00 1.565576e-01 -1.085387e-02 9.876092e-01 1.075844e+02
9.817130e-01 -8.101915e-02 -1.722659e-01 3.948862e+00 8.148712e-02 9.966648e-01 -4.365241e-03 -1.037663e+00 1.720450e-01 -9.752036e-03 9.850408e-01 1.080136e+02
9.800408e-01 -7.819574e-02 -1.827717e-01 3.854724e+00 7.807232e-02 9.969165e-01 -7.881817e-03 -1.044707e+00 1.828245e-01 -6.544909e-03 9.831238e-01 1.084437e+02
9.794648e-01 -7.384711e-02 -1.876040e-01 3.749828e+00 7.305607e-02 9.972657e-01 -1.113694e-02 -1.053488e+00 1.879135e-01 -2.797368e-03 9.821816e-01 1.088934e+02
9.796045e-01 -6.922610e-02 -1.886338e-01 3.647559e+00 6.804614e-02 9.976009e-01 -1.273216e-02 -1.060511e+00 1.890627e-01 -3.633186e-04 9.819650e-01 1.093586e+02
9.804816e-01 -6.416174e-02 -1.858468e-01 3.547324e+00 6.303078e-02 9.979395e-01 -1.199383e-02 -1.070349e+00 1.862334e-01 4.566358e-05 9.825055e-01 1.098449e+02
9.818776e-01 -6.145003e-02 -1.792773e-01 3.450692e+00 6.033948e-02 9.981100e-01 -1.164620e-02 -1.080105e+00 1.796542e-01 6.176407e-04 9.837296e-01 1.103490e+02
9.838668e-01 -5.896335e-02 -1.689065e-01 3.360999e+00 5.794174e-02 9.982596e-01 -1.097521e-02 -1.088930e+00 1.692597e-01 1.011408e-03 9.855710e-01 1.108729e+02
9.861303e-01 -5.657766e-02 -1.560323e-01 3.278625e+00 5.544500e-02 9.983943e-01 -1.160541e-02 -1.096670e+00 1.564384e-01 2.793229e-03 9.876838e-01 1.114151e+02
9.886167e-01 -5.217190e-02 -1.411210e-01 3.197400e+00 5.108836e-02 9.986303e-01 -1.129271e-02 -1.105226e+00 1.415168e-01 3.954527e-03 9.899279e-01 1.119753e+02
9.908405e-01 -5.065269e-02 -1.251772e-01 3.123408e+00 4.992820e-02 9.987130e-01 -8.920253e-03 -1.112998e+00 1.254679e-01 2.588678e-03 9.920943e-01 1.125589e+02
9.926587e-01 -5.214593e-02 -1.091308e-01 3.064114e+00 5.162189e-02 9.986376e-01 -7.623655e-03 -1.122337e+00 1.093797e-01 1.934147e-03 9.939982e-01 1.131643e+02
9.942303e-01 -5.383941e-02 -9.277642e-02 3.014857e+00 5.340686e-02 9.985473e-01 -7.140577e-03 -1.131370e+00 9.302609e-02 2.144480e-03 9.956614e-01 1.137883e+02
9.954074e-01 -5.667306e-02 -7.715033e-02 2.973322e+00 5.622665e-02 9.983864e-01 -7.947934e-03 -1.135115e+00 7.747628e-02 3.573528e-03 9.969878e-01 1.144315e+02
9.964846e-01 -5.578368e-02 -6.250289e-02 2.935245e+00 5.531337e-02 9.984264e-01 -9.231076e-03 -1.142234e+00 6.291947e-02 5.741380e-03 9.980021e-01 1.150934e+02
9.972358e-01 -5.607290e-02 -4.875056e-02 2.909176e+00 5.563959e-02 9.983988e-01 -1.020147e-02 -1.154522e+00 4.924453e-02 7.460808e-03 9.987589e-01 1.157801e+02
9.976955e-01 -5.802381e-02 -3.516889e-02 2.889108e+00 5.768365e-02 9.982785e-01 -1.061175e-02 -1.156689e+00 3.572408e-02 8.558629e-03 9.993250e-01 1.164984e+02
9.979316e-01 -6.047951e-02 -2.178941e-02 2.878733e+00 6.027576e-02 9.981328e-01 -9.889829e-03 -1.169165e+00 2.234686e-02 8.555999e-03 9.997137e-01 1.172335e+02
9.979752e-01 -6.283228e-02 -9.880040e-03 2.880374e+00 6.275075e-02 9.979942e-01 -8.356209e-03 -1.182276e+00 1.038526e-02 7.719310e-03 9.999163e-01 1.179830e+02
9.979624e-01 -6.380417e-02 -5.136325e-06 2.884569e+00 6.380275e-02 9.979409e-01 -6.574926e-03 -1.195949e+00 4.246334e-04 6.561201e-03 9.999784e-01 1.187613e+02
9.978814e-01 -6.461308e-02 7.600358e-03 2.892124e+00 6.464793e-02 9.978983e-01 -4.433393e-03 -1.202113e+00 -7.297929e-03 4.915348e-03 9.999613e-01 1.195508e+02
9.976458e-01 -6.740952e-02 1.259842e-02 2.901245e+00 6.745399e-02 9.977174e-01 -3.138715e-03 -1.211036e+00 -1.235809e-02 3.981140e-03 9.999157e-01 1.203448e+02
9.974204e-01 -7.009944e-02 1.544572e-02 2.920135e+00 7.013969e-02 9.975350e-01 -2.078919e-03 -1.221525e+00 -1.526191e-02 3.156914e-03 9.998785e-01 1.211415e+02
9.973405e-01 -7.082760e-02 1.718538e-02 2.936799e+00 7.085525e-02 9.974861e-01 -1.004900e-03 -1.236043e+00 -1.707100e-02 2.219902e-03 9.998518e-01 1.219470e+02
9.973154e-01 -7.086806e-02 1.843060e-02 2.946757e+00 7.087639e-02 9.974851e-01 2.015716e-04 -1.246226e+00 -1.839853e-02 1.105264e-03 9.998301e-01 1.227418e+02
9.973030e-01 -7.090592e-02 1.894955e-02 2.959221e+00 7.087781e-02 9.974827e-01 2.152186e-03 -1.263110e+00 -1.905445e-02 -8.032785e-04 9.998181e-01 1.235453e+02
9.973099e-01 -7.061526e-02 1.965704e-02 2.971662e+00 7.054169e-02 9.974991e-01 4.411734e-03 -1.268907e+00 -1.991941e-02 -3.013226e-03 9.997970e-01 1.243425e+02
9.972685e-01 -7.105887e-02 2.015555e-02 2.985564e+00 7.090659e-02 9.974495e-01 8.172637e-03 -1.275295e+00 -2.068488e-02 -6.721152e-03 9.997635e-01 1.251456e+02
9.972021e-01 -7.192959e-02 2.035136e-02 2.997012e+00 7.169192e-02 9.973525e-01 1.217724e-02 -1.281258e+00 -2.117339e-02 -1.068414e-02 9.997187e-01 1.259475e+02
9.971460e-01 -7.297466e-02 1.935596e-02 3.011434e+00 7.270196e-02 9.972492e-01 1.443774e-02 -1.285385e+00 -2.035631e-02 -1.298931e-02 9.997084e-01 1.267395e+02
9.970839e-01 -7.414288e-02 1.807141e-02 3.027247e+00 7.389175e-02 9.971653e-01 1.419039e-02 -1.287217e+00 -1.907230e-02 -1.281368e-02 9.997360e-01 1.275376e+02
9.970455e-01 -7.489353e-02 1.706531e-02 3.036627e+00 7.469092e-02 9.971319e-01 1.221691e-02 -1.290324e+00 -1.793133e-02 -1.090619e-02 9.997797e-01 1.283308e+02
9.969950e-01 -7.575284e-02 1.619859e-02 3.047592e+00 7.559659e-02 9.970878e-01 1.005092e-02 -1.289072e+00 -1.691280e-02 -8.796157e-03 9.998183e-01 1.291296e+02
9.969689e-01 -7.629684e-02 1.522442e-02 3.059770e+00 7.615812e-02 9.970506e-01 9.493310e-03 -1.294348e+00 -1.590383e-02 -8.305071e-03 9.998390e-01 1.299204e+02
9.969968e-01 -7.600521e-02 1.484946e-02 3.069018e+00 7.587198e-02 9.970738e-01 9.339151e-03 -1.294102e+00 -1.551583e-02 -8.184447e-03 9.998461e-01 1.307127e+02
9.971006e-01 -7.460220e-02 1.499505e-02 3.076062e+00 7.445632e-02 9.971735e-01 1.006286e-02 -1.299547e+00 -1.570337e-02 -8.917206e-03 9.998369e-01 1.315042e+02
9.970720e-01 -7.460320e-02 1.678785e-02 3.085173e+00 7.443799e-02 9.971729e-01 1.026038e-02 -1.302647e+00 -1.750585e-02 -8.980687e-03 9.998064e-01 1.323002e+02
9.970810e-01 -7.384713e-02 1.939258e-02 3.095998e+00 7.365543e-02 9.972293e-01 1.042138e-02 -1.305782e+00 -2.010844e-02 -8.962591e-03 9.997576e-01 1.330926e+02
9.972046e-01 -7.105559e-02 2.310864e-02 3.108568e+00 7.080823e-02 9.974253e-01 1.135300e-02 -1.307875e+00 -2.385584e-02 -9.684983e-03 9.996685e-01 1.338868e+02
9.971656e-01 -6.952680e-02 2.875431e-02 3.128103e+00 6.918192e-02 9.975217e-01 1.282125e-02 -1.312252e+00 -2.957447e-02 -1.079563e-02 9.995043e-01 1.346755e+02
9.969579e-01 -6.941972e-02 3.543893e-02 3.154601e+00 6.893825e-02 9.975136e-01 1.463316e-02 -1.314963e+00 -3.636665e-02 -1.214555e-02 9.992647e-01 1.354499e+02
9.967001e-01 -6.797237e-02 4.436998e-02 3.185807e+00 6.731522e-02 9.976012e-01 1.614216e-02 -1.315022e+00 -4.536077e-02 -1.310212e-02 9.988847e-01 1.362288e+02
9.963595e-01 -6.500995e-02 5.514957e-02 3.222332e+00 6.412816e-02 9.977862e-01 1.761260e-02 -1.313699e+00 -5.617248e-02 -1.401184e-02 9.983228e-01 1.370062e+02
9.956597e-01 -6.429832e-02 6.728696e-02 3.273355e+00 6.313367e-02 9.978185e-01 1.929655e-02 -1.315748e+00 -6.838091e-02 -1.496472e-02 9.975470e-01 1.377804e+02
9.945401e-01 -6.499607e-02 8.164248e-02 3.335254e+00 6.352890e-02 9.977706e-01 2.044431e-02 -1.309897e+00 -8.278926e-02 -1.514603e-02 9.964520e-01 1.385485e+02
9.931271e-01 -6.490160e-02 9.739772e-02 3.413097e+00 6.312384e-02 9.977799e-01 2.122750e-02 -1.307142e+00 -9.855918e-02 -1.493349e-02 9.950191e-01 1.393168e+02
9.912437e-01 -6.569060e-02 1.145453e-01 3.504063e+00 6.353549e-02 9.977289e-01 2.236893e-02 -1.303148e+00 -1.157546e-01 -1.489537e-02 9.931662e-01 1.400769e+02
9.889517e-01 -6.678554e-02 1.323412e-01 3.608750e+00 6.424670e-02 9.976604e-01 2.336695e-02 -1.295685e+00 -1.335922e-01 -1.460629e-02 9.909287e-01 1.408368e+02
9.862436e-01 -7.061025e-02 1.494585e-01 3.733297e+00 6.773005e-02 9.974082e-01 2.428043e-02 -1.290434e+00 -1.507856e-01 -1.382358e-02 9.884698e-01 1.415868e+02
9.833053e-01 -7.557245e-02 1.655280e-01 3.867876e+00 7.216047e-02 9.970399e-01 2.653917e-02 -1.283474e+00 -1.670437e-01 -1.415152e-02 9.858479e-01 1.423351e+02
9.805272e-01 -8.151778e-02 1.786655e-01 4.011495e+00 7.764440e-02 9.965715e-01 2.857773e-02 -1.275625e+00 -1.803825e-01 -1.414887e-02 9.834948e-01 1.430801e+02
9.784130e-01 -8.856637e-02 1.867190e-01 4.167308e+00 8.444210e-02 9.959784e-01 2.994307e-02 -1.261398e+00 -1.886200e-01 -1.352975e-02 9.819569e-01 1.438168e+02
9.772819e-01 -9.536755e-02 1.892755e-01 4.323863e+00 9.122777e-02 9.953633e-01 3.048530e-02 -1.253118e+00 -1.913052e-01 -1.252555e-02 9.814507e-01 1.445504e+02
9.769747e-01 -1.017043e-01 1.875547e-01 4.471968e+00 9.771173e-02 9.947493e-01 3.043570e-02 -1.245931e+00 -1.896653e-01 -1.140862e-02 9.817825e-01 1.452817e+02
9.774978e-01 -1.071380e-01 1.817129e-01 4.616510e+00 1.033822e-01 9.941878e-01 3.004422e-02 -1.231397e+00 -1.838756e-01 -1.058228e-02 9.828926e-01 1.460137e+02
9.787049e-01 -1.119924e-01 1.720305e-01 4.751901e+00 1.086300e-01 9.936630e-01 2.886671e-02 -1.220316e+00 -1.741732e-01 -9.564311e-03 9.846686e-01 1.467396e+02
9.803392e-01 -1.155640e-01 1.599376e-01 4.876550e+00 1.126782e-01 9.932639e-01 2.702725e-02 -1.206947e+00 -1.619836e-01 -8.474392e-03 9.867571e-01 1.474762e+02
9.818572e-01 -1.186022e-01 1.479524e-01 4.982721e+00 1.160717e-01 9.929095e-01 2.565271e-02 -1.201451e+00 -1.499458e-01 -8.014213e-03 9.886617e-01 1.481964e+02
9.832722e-01 -1.195823e-01 1.373891e-01 5.078059e+00 1.172652e-01 9.927893e-01 2.486657e-02 -1.197644e+00 -1.393720e-01 -8.339643e-03 9.902050e-01 1.489158e+02
9.844389e-01 -1.199119e-01 1.284573e-01 5.166350e+00 1.176266e-01 9.927366e-01 2.525934e-02 -1.191175e+00 -1.305532e-01 -9.756278e-03 9.913933e-01 1.496383e+02
9.852471e-01 -1.216226e-01 1.203996e-01 5.248482e+00 1.193629e-01 9.925146e-01 2.583258e-02 -1.187747e+00 -1.226402e-01 -1.108023e-02 9.923893e-01 1.503516e+02
9.860014e-01 -1.233702e-01 1.121655e-01 5.330198e+00 1.212718e-01 9.922951e-01 2.536841e-02 -1.187544e+00 -1.144310e-01 -1.141078e-02 9.933657e-01 1.510704e+02
9.867918e-01 -1.239349e-01 1.043175e-01 5.399014e+00 1.219898e-01 9.922203e-01 2.484860e-02 -1.180165e+00 -1.065856e-01 -1.179472e-02 9.942336e-01 1.517739e+02
9.876202e-01 -1.234752e-01 9.674850e-02 5.462033e+00 1.216790e-01 9.922726e-01 2.427412e-02 -1.168775e+00 -9.899815e-02 -1.220135e-02 9.950128e-01 1.524785e+02
9.882061e-01 -1.251377e-01 8.825617e-02 5.524727e+00 1.234659e-01 9.920543e-01 2.417640e-02 -1.163598e+00 -9.058030e-02 -1.299465e-02 9.958044e-01 1.531773e+02
9.888204e-01 -1.254837e-01 8.054865e-02 5.581212e+00 1.239454e-01 9.920026e-01 2.384180e-02 -1.158543e+00 -8.289623e-02 -1.359163e-02 9.964655e-01 1.538737e+02
9.896253e-01 -1.236867e-01 7.309820e-02 5.625064e+00 1.223966e-01 9.922398e-01 2.188978e-02 -1.159997e+00 -7.523842e-02 -1.271571e-02 9.970845e-01 1.545509e+02
9.900960e-01 -1.240542e-01 6.572996e-02 5.662561e+00 1.229963e-01 9.922072e-01 1.991960e-02 -1.157319e+00 -6.768885e-02 -1.163778e-02 9.976386e-01 1.552181e+02
9.902951e-01 -1.260338e-01 5.857466e-02 5.700637e+00 1.252036e-01 9.919741e-01 1.764853e-02 -1.154507e+00 -6.032886e-02 -1.014350e-02 9.981270e-01 1.558735e+02
9.905363e-01 -1.269871e-01 5.207790e-02 5.734565e+00 1.262044e-01 9.918397e-01 1.806584e-02 -1.156097e+00 -5.394706e-02 -1.132240e-02 9.984796e-01 1.565182e+02
9.909093e-01 -1.260390e-01 4.704112e-02 5.758640e+00 1.253093e-01 9.919515e-01 1.816292e-02 -1.160203e+00 -4.895175e-02 -1.210312e-02 9.987278e-01 1.571487e+02
9.913061e-01 -1.244732e-01 4.264423e-02 5.780739e+00 1.238328e-01 9.921513e-01 1.735534e-02 -1.161153e+00 -4.446981e-02 -1.192370e-02 9.989396e-01 1.577573e+02
9.912442e-01 -1.260910e-01 3.919291e-02 5.808726e+00 1.255276e-01 9.919525e-01 1.652677e-02 -1.169116e+00 -4.096138e-02 -1.146227e-02 9.990950e-01 1.583537e+02
9.912773e-01 -1.263888e-01 3.735278e-02 5.831043e+00 1.258703e-01 9.919188e-01 1.592957e-02 -1.168373e+00 -3.906424e-02 -1.108902e-02 9.991752e-01 1.589248e+02
9.912804e-01 -1.266310e-01 3.643747e-02 5.852367e+00 1.261736e-01 9.919007e-01 1.460033e-02 -1.176901e+00 -3.799121e-02 -9.875579e-03 9.992293e-01 1.594846e+02
9.914114e-01 -1.255471e-01 3.662393e-02 5.868727e+00 1.251184e-01 9.920461e-01 1.377962e-02 -1.180087e+00 -3.806262e-02 -9.078948e-03 9.992341e-01 1.600235e+02
9.916605e-01 -1.230742e-01 3.823920e-02 5.887423e+00 1.226380e-01 9.923588e-01 1.356080e-02 -1.180433e+00 -3.961599e-02 -8.758130e-03 9.991766e-01 1.605526e+02
9.915699e-01 -1.226321e-01 4.183798e-02 5.911177e+00 1.221474e-01 9.924138e-01 1.396079e-02 -1.185510e+00 -4.323263e-02 -8.732704e-03 9.990269e-01 1.610565e+02
9.915949e-01 -1.205180e-01 4.706280e-02 5.938255e+00 1.199757e-01 9.926754e-01 1.419190e-02 -1.190991e+00 -4.842847e-02 -8.426222e-03 9.987911e-01 1.615507e+02
9.913536e-01 -1.194040e-01 5.441289e-02 5.970576e+00 1.189363e-01 9.928322e-01 1.176453e-02 -1.197686e+00 -5.542760e-02 -5.191143e-03 9.984492e-01 1.620319e+02
9.911286e-01 -1.164319e-01 6.409085e-02 6.004716e+00 1.160754e-01 9.931971e-01 9.270439e-03 -1.204363e+00 -6.473422e-02 -1.748828e-03 9.979010e-01 1.624992e+02
