1.000000e+00 0.000000e+00 0.000000e+00 0.000000e+00 0.000000e+00 1.000000e+00 0.000000e+00 0.000000e+00 0.000000e+00 0.000000e+00 1.000000e+00 0.000000e+00
9.999705e-01 -7.688543e-04 7.639913e-03 7.972823e-03 7.717964e-04 9.999996e-01 -3.821545e-04 -2.317540e-03 -7.639616e-03 3.880397e-04 9.999707e-01 6.069070e-01
9.999019e-01 -2.061645e-03 1.385150e-02 1.950376e-02 2.071358e-03 9.999976e-01 -6.869285e-04 -1.060597e-03 -1.385005e-02 7.155526e-04 9.999038e-01 1.223335e+00
9.998319e-01 -3.129565e-03 1.806366e-02 3.236229e-02 3.141440e-03 9.999949e-01 -6.290751e-04 -3.945538e-03 -1.806160e-02 6.857153e-04 9.998366e-01 1.860234e+00
9.997768e-01 -3.654875e-03 2.080619e-02 4.716055e-02 3.665358e-03 9.999932e-01 -4.657561e-04 -3.475910e-03 -2.080434e-02 5.419143e-04 9.997834e-01 2.517332e+00
9.997443e-01 -3.432009e-03 2.235157e-02 6.257665e-02 3.420664e-03 9.999940e-01 5.457917e-04 -9.625499e-03 -2.235331e-02 -4.691949e-04 9.997500e-01 3.184167e+00
9.997126e-01 -3.543187e-03 2.370818e-02 7.944930e-02 3.523493e-03 9.999934e-01 8.724016e-04 -1.093348e-02 -2.371111e-02 -7.886153e-04 9.997185e-01 3.865142e+00
9.996832e-01 -2.151193e-03 2.507741e-02 9.082983e-02 2.128922e-03 9.999973e-01 9.147563e-04 -1.205483e-02 -2.507931e-02 -8.610786e-04 9.996851e-01 4.567716e+00
9.996574e-01 -2.296579e-03 2.607224e-02 1.074444e-01 2.266237e-03 9.999967e-01 1.193263e-03 -1.742495e-02 -2.607489e-02 -1.133768e-03 9.996593e-01 5.287773e+00
9.996338e-01 -4.469907e-03 2.668782e-02 1.269579e-01 4.441586e-03 9.999895e-01 1.120366e-03 -2.006007e-02 -2.669254e-02 -1.001419e-03 9.996432e-01 6.022398e+00
9.996280e-01 -5.858538e-03 2.663781e-02 1.475210e-01 5.808768e-03 9.999812e-01 1.945392e-03 -2.178405e-02 -2.664871e-02 -1.789935e-03 9.996433e-01 6.768545e+00
9.996277e-01 -6.719914e-03 2.644257e-02 1.686533e-01 6.659006e-03 9.999750e-01 2.390777e-03 -2.523825e-02 -2.645797e-02 -2.213806e-03 9.996475e-01 7.527777e+00
9.996598e-01 -6.657221e-03 2.521644e-02 1.851603e-01 6.586293e-03 9.999741e-01 2.894792e-03 -2.624267e-02 -2.523505e-02 -2.727725e-03 9.996778e-01 8.312811e+00
9.996948e-01 -6.355005e-03 2.387416e-02 2.003678e-01 6.278741e-03 9.999749e-01 3.268020e-03 -2.766914e-02 -2.389433e-02 -3.117123e-03 9.997096e-01 9.122134e+00
9.997253e-01 -6.118376e-03 2.262336e-02 2.155546e-01 6.046755e-03 9.999765e-01 3.232877e-03 -3.133679e-02 -2.264260e-02 -3.095192e-03 9.997388e-01 9.941135e+00
9.997532e-01 -5.596331e-03 2.149926e-02 2.308827e-01 5.534028e-03 9.999803e-01 2.956346e-03 -3.719542e-02 -2.151538e-02 -2.836639e-03 9.997645e-01 1.078618e+01
9.997861e-01 -2.310088e-03 2.055396e-02 2.398410e-01 2.304983e-03 9.999973e-01 2.720353e-04 -4.474589e-02 -2.055453e-02 -2.246006e-04 9.997887e-01 1.163028e+01
9.998085e-01 1.166450e-03 1.953674e-02 2.466368e-01 -1.144706e-03 9.999987e-01 -1.124159e-03 -4.878959e-02 -1.953802e-02 1.101580e-03 9.998085e-01 1.248379e+01
9.998278e-01 3.000488e-03 1.831349e-02 2.571019e-01 -2.977186e-03 9.999947e-01 -1.299554e-03 -5.416443e-02 -1.831730e-02 1.244807e-03 9.998314e-01 1.335584e+01
9.998383e-01 5.260172e-03 1.719344e-02 2.628245e-01 -5.275274e-03 9.999857e-01 8.331246e-04 -6.301307e-02 -1.718881e-02 -9.236900e-04 9.998518e-01 1.421822e+01
9.998342e-01 8.304291e-03 1.620801e-02 2.675880e-01 -8.328918e-03 9.999643e-01 1.452488e-03 -7.616633e-02 -1.619537e-02 -1.587243e-03 9.998676e-01 1.507730e+01
9.998467e-01 9.440841e-03 1.474395e-02 2.732584e-01 -9.462737e-03 9.999542e-01 1.416059e-03 -8.628197e-02 -1.472990e-02 -1.555360e-03 9.998903e-01 1.594643e+01
9.998501e-01 1.136783e-02 1.306303e-02 2.783302e-01 -1.138205e-02 9.999347e-01 1.015102e-03 -9.363495e-02 -1.305064e-02 -1.163634e-03 9.999142e-01 1.680835e+01
9.998678e-01 1.124755e-02 1.174486e-02 2.838806e-01 -1.125492e-02 9.999365e-01 5.610694e-04 -1.048697e-01 -1.173781e-02 -6.931827e-04 9.999309e-01 1.765908e+01
9.998759e-01 1.187868e-02 1.034893e-02 2.882302e-01 -1.188397e-02 9.999293e-01 4.499469e-04 -1.172158e-01 -1.034285e-02 -5.728774e-04 9.999463e-01 1.852494e+01
9.999155e-01 9.041338e-03 9.337069e-03 2.948841e-01 -9.056031e-03 9.999578e-01 1.532512e-03 -1.265617e-01 -9.322819e-03 -1.616939e-03 9.999552e-01 1.938346e+01
9.999587e-01 5.040578e-03 7.564612e-03 3.046242e-01 -5.068984e-03 9.999802e-01 3.740646e-03 -1.338415e-01 -7.545607e-03 -3.778836e-03 9.999644e-01 2.023369e+01
9.999723e-01 4.587966e-03 5.868418e-03 3.062056e-01 -4.618850e-03 9.999755e-01 5.260107e-03 -1.429091e-01 -5.844141e-03 -5.287067e-03 9.999689e-01 2.108223e+01
9.999900e-01 1.826580e-03 4.087288e-03 3.119573e-01 -1.850816e-03 9.999807e-01 5.933662e-03 -1.493515e-01 -4.076371e-03 -5.941167e-03 9.999740e-01 2.192938e+01
9.999953e-01 -1.061900e-03 2.866246e-03 3.196777e-01 1.040317e-03 9.999712e-01 7.521283e-03 -1.511490e-01 -2.874150e-03 -7.518266e-03 9.999676e-01 2.279327e+01
9.999952e-01 -2.564966e-03 1.749184e-03 3.222298e-01 2.547743e-03 9.999489e-01 9.778894e-03 -1.551335e-01 -1.774177e-03 -9.774391e-03 9.999507e-01 2.363874e+01
9.999963e-01 -2.553768e-03 9.412003e-04 3.185423e-01 2.542303e-03 9.999249e-01 1.198815e-02 -1.644715e-01 -9.717446e-04 -1.198572e-02 9.999277e-01 2.448251e+01
9.999906e-01 -4.324210e-03 -2.476213e-04 3.197437e-01 4.326991e-03 9.999110e-01 1.261808e-02 -1.695390e-01 1.930360e-04 -1.261903e-02 9.999204e-01 2.533438e+01
9.999590e-01 -8.920827e-03 -1.550783e-03 3.194950e-01 8.940747e-03 9.998709e-01 1.335126e-02 -1.697284e-01 1.431478e-03 -1.336458e-02 9.999097e-01 2.616839e+01
9.998863e-01 -1.476200e-02 -3.070784e-03 3.246429e-01 1.480852e-02 9.997667e-01 1.572453e-02 -1.709176e-01 2.837942e-03 -1.576822e-02 9.998716e-01 2.700790e+01
9.998202e-01 -1.838110e-02 -4.653448e-03 3.242590e-01 1.845706e-02 9.996878e-01 1.684387e-02 -1.739531e-01 4.342386e-03 -1.692673e-02 9.998473e-01 2.784056e+01
9.997356e-01 -2.194683e-02 -6.859929e-03 3.232010e-01 2.205884e-02 9.996171e-01 1.670308e-02 -1.806762e-01 6.490723e-03 -1.684999e-02 9.998370e-01 2.865943e+01
9.995953e-01 -2.692845e-02 -9.172828e-03 3.219442e-01 2.705905e-02 9.995298e-01 1.442454e-02 -1.771050e-01 8.780085e-03 -1.466691e-02 9.998539e-01 2.947615e+01
9.995354e-01 -2.834310e-02 -1.121073e-02 3.123558e-01 2.848419e-02 9.995144e-01 1.263273e-02 -1.761243e-01 1.084723e-02 -1.294619e-02 9.998574e-01 3.029385e+01
9.995052e-01 -2.847199e-02 -1.336689e-02 2.991662e-01 2.863877e-02 9.995122e-01 1.245607e-02 -1.809946e-01 1.300572e-02 -1.283272e-02 9.998331e-01 3.110275e+01
9.995070e-01 -2.719525e-02 -1.569059e-02 2.837310e-01 2.739976e-02 9.995404e-01 1.296970e-02 -1.880550e-01 1.533067e-02 -1.339322e-02 9.997928e-01 3.191628e+01
9.994622e-01 -2.731271e-02 -1.814914e-02 2.723332e-01 2.755343e-02 9.995339e-01 1.314819e-02 -1.898036e-01 1.778157e-02 -1.364119e-02 9.997488e-01 3.273480e+01
9.994176e-01 -2.741878e-02 -2.031364e-02 2.545895e-01 2.768854e-02 9.995305e-01 1.311955e-02 -1.923236e-01 1.994438e-02 -1.367436e-02 9.997076e-01 3.354261e+01
9.994002e-01 -2.670286e-02 -2.204777e-02 2.324898e-01 2.697424e-02 9.995628e-01 1.210440e-02 -1.963126e-01 2.171491e-02 -1.269186e-02 9.996836e-01 3.434932e+01
9.993592e-01 -2.649515e-02 -2.406610e-02 2.093354e-01 2.675056e-02 9.995885e-01 1.035372e-02 -2.023582e-01 2.378188e-02 -1.099086e-02 9.996568e-01 3.514746e+01
9.993282e-01 -2.610668e-02 -2.572263e-02 1.864706e-01 2.630817e-02 9.996255e-01 7.526213e-03 -2.095173e-01 2.551651e-02 -8.197872e-03 9.996408e-01 3.594627e+01
9.993121e-01 -2.562958e-02 -2.680543e-02 1.598432e-01 2.575747e-02 9.996584e-01 4.436633e-03 -2.161535e-01 2.668257e-02 -5.124021e-03 9.996308e-01 3.673321e+01
9.993021e-01 -2.531038e-02 -2.747093e-02 1.360181e-01 2.538946e-02 9.996744e-01 2.533787e-03 -2.239523e-01 2.739785e-02 -3.229491e-03 9.996194e-01 3.752358e+01
9.992778e-01 -2.656230e-02 -2.717355e-02 1.148388e-01 2.659602e-02 9.996459e-01 8.802024e-04 -2.333728e-01 2.714054e-02 -1.602275e-03 9.996303e-01 3.830910e+01
9.992776e-01 -2.720123e-02 -2.653923e-02 9.430755e-02 2.722166e-02 9.996293e-01 4.090278e-04 -2.420675e-01 2.651826e-02 -1.131174e-03 9.996477e-01 3.909489e+01
9.992757e-01 -2.829923e-02 -2.544239e-02 7.511428e-02 2.830914e-02 9.995992e-01 2.937297e-05 -2.501655e-01 2.543137e-02 -7.496040e-04 9.996763e-01 3.987564e+01
9.992764e-01 -2.920910e-02 -2.436320e-02 5.557596e-02 2.921915e-02 9.995730e-01 5.662534e-05 -2.580587e-01 2.435115e-02 -7.684565e-04 9.997032e-01 4.065844e+01
9.992789e-01 -2.983578e-02 -2.348413e-02 3.685651e-02 2.986125e-02 9.995538e-01 7.344013e-04 -2.707749e-01 2.345174e-02 -1.435137e-03 9.997239e-01 4.143699e+01
9.993129e-01 -2.973065e-02 -2.213263e-02 1.702662e-02 2.976299e-02 9.995563e-01 1.133361e-03 -2.775028e-01 2.208912e-02 -1.791316e-03 9.997544e-01 4.221641e+01
9.993284e-01 -3.010374e-02 -2.089499e-02 -3.656485e-03 3.013290e-02 9.995453e-01 1.082340e-03 -2.868921e-01 2.085291e-02 -1.711240e-03 9.997811e-01 4.300460e+01
9.993595e-01 -2.987333e-02 -1.970153e-02 -2.208460e-02 2.989953e-02 9.995524e-01 1.036524e-03 -2.946363e-01 1.966175e-02 -1.624926e-03 9.998054e-01 4.378678e+01
9.993842e-01 -2.986514e-02 -1.841829e-02 -3.797530e-02 2.989108e-02 9.995525e-01 1.134363e-03 -2.984645e-01 1.837617e-02 -1.684207e-03 9.998297e-01 4.459005e+01
9.993936e-01 -3.029082e-02 -1.716980e-02 -5.641222e-02 3.034233e-02 9.995358e-01 2.747392e-03 -3.064436e-01 1.707861e-02 -3.266697e-03 9.998488e-01 4.537635e+01
9.993881e-01 -3.109648e-02 -1.601102e-02 -6.876483e-02 3.116965e-02 9.995047e-01 4.341338e-03 -3.111301e-01 1.586809e-02 -4.837740e-03 9.998624e-01 4.617391e+01
9.993688e-01 -3.223755e-02 -1.492773e-02 -7.886676e-02 3.233032e-02 9.994591e-01 6.015707e-03 -3.221531e-01 1.472573e-02 -6.494528e-03 9.998705e-01 4.696175e+01
9.994094e-01 -3.157463e-02 -1.355840e-02 -9.226169e-02 3.165418e-02 9.994827e-01 5.693495e-03 -3.307890e-01 1.337161e-02 -6.119313e-03 9.998919e-01 4.774513e+01
9.994665e-01 -3.029962e-02 -1.219429e-02 -1.027348e-01 3.035025e-02 9.995314e-01 3.988218e-03 -3.385158e-01 1.206773e-02 -4.356190e-03 9.999177e-01 4.854526e+01
9.995101e-01 -2.941483e-02 -1.069601e-02 -1.123564e-01 2.944293e-02 9.995634e-01 2.478948e-03 -3.403599e-01 1.061842e-02 -2.792655e-03 9.999397e-01 4.935093e+01
9.995444e-01 -2.881587e-02 -8.981507e-03 -1.237012e-01 2.883736e-02 9.995815e-01 2.272042e-03 -3.462484e-01 8.912278e-03 -2.530010e-03 9.999571e-01 5.016133e+01
9.995842e-01 -2.782306e-02 -7.575513e-03 -1.326041e-01 2.785053e-02 9.996058e-01 3.544531e-03 -3.516253e-01 7.473907e-03 -3.754039e-03 9.999650e-01 5.097524e+01
9.996290e-01 -2.658122e-02 -5.939663e-03 -1.408184e-01 2.661034e-02 9.996340e-01 4.878990e-03 -3.583617e-01 5.807800e-03 -5.035237e-03 9.999705e-01 5.179797e+01
9.996335e-01 -2.672248e-02 -4.335294e-03 -1.467808e-01 2.674806e-02 9.996245e-01 5.952620e-03 -3.674859e-01 4.174598e-03 -6.066399e-03 9.999729e-01 5.262463e+01
9.997012e-01 -2.431663e-02 -2.510218e-03 -1.542407e-01 2.433049e-02 9.996880e-01 5.643996e-03 -3.702625e-01 2.372192e-03 -5.703384e-03 9.999809e-01 5.346298e+01
9.997569e-01 -2.203301e-02 -8.461021e-04 -1.615776e-01 2.203763e-02 9.997397e-01 5.901044e-03 -3.731350e-01 7.158641e-04 -5.918256e-03 9.999822e-01 5.429965e+01
9.997572e-01 -2.203604e-02 1.091434e-04 -1.639283e-01 2.203460e-02 9.997291e-01 7.499609e-03 -3.817864e-01 -2.743755e-04 -7.495383e-03 9.999719e-01 5.514270e+01
9.996874e-01 -2.497026e-02 1.224781e-03 -1.620582e-01 2.495800e-02 9.996465e-01 9.167872e-03 -3.842598e-01 -1.453273e-03 -9.134438e-03 9.999572e-01 5.599572e+01
9.995249e-01 -3.076014e-02 1.938947e-03 -1.524747e-01 3.074407e-02 9.994966e-01 7.835695e-03 -3.858672e-01 -2.178998e-03 -7.772362e-03 9.999674e-01 5.685904e+01
9.994761e-01 -3.232107e-02 1.701549e-03 -1.522766e-01 3.231763e-02 9.994756e-01 2.013414e-03 -3.967983e-01 -1.765733e-03 -1.957369e-03 9.999965e-01 5.770252e+01
9.994785e-01 -3.225784e-02 1.451208e-03 -1.596327e-01 3.226697e-02 9.994563e-01 -6.782826e-03 -4.074648e-01 -1.231620e-03 6.826115e-03 9.999759e-01 5.856594e+01
9.993688e-01 -3.552446e-02 3.715658e-05 -1.565454e-01 3.552200e-02 9.992864e-01 -1.284341e-02 -4.229532e-01 4.191250e-04 1.283662e-02 9.999175e-01 5.941000e+01
9.992178e-01 -3.952838e-02 -1.094442e-03 -1.450429e-01 3.951411e-02 9.991594e-01 -1.091457e-02 -4.358022e-01 1.524957e-03 1.086278e-02 9.999398e-01 6.028199e+01
9.994097e-01 -3.432533e-02 -1.417364e-03 -1.507855e-01 3.432126e-02 9.994069e-01 -2.801252e-03 -4.500795e-01 1.512678e-03 2.750953e-03 9.999951e-01 6.116768e+01
9.995571e-01 -2.969979e-02 -1.895645e-03 -1.646295e-01 2.971007e-02 9.995426e-01 5.646944e-03 -4.577933e-01 1.727065e-03 -5.700762e-03 9.999823e-01 6.202755e+01
9.996142e-01 -2.762746e-02 -2.845691e-03 -1.729536e-01 2.765854e-02 9.995509e-01 1.153128e-02 -4.637767e-01 2.525833e-03 -1.160554e-02 9.999295e-01 6.290800e+01
9.996008e-01 -2.803105e-02 -3.548151e-03 -1.778932e-01 2.807875e-02 9.995049e-01 1.419677e-02 -4.667911e-01 3.148444e-03 -1.429073e-02 9.998929e-01 6.378028e+01
9.995122e-01 -3.090437e-02 -4.499525e-03 -1.782985e-01 3.095901e-02 9.994409e-01 1.262684e-02 -4.667501e-01 4.106784e-03 -1.275999e-02 9.999102e-01 6.465393e+01
9.993654e-01 -3.518477e-02 -5.546757e-03 -1.741189e-01 3.523451e-02 9.993373e-01 9.141438e-03 -4.718386e-01 5.221441e-03 -9.331074e-03 9.999428e-01 6.553171e+01
9.992871e-01 -3.712559e-02 -6.855225e-03 -1.767179e-01 3.716560e-02 9.992923e-01 5.804783e-03 -4.794586e-01 6.634867e-03 -6.055423e-03 9.999597e-01 6.640501e+01
9.992255e-01 -3.845918e-02 -8.319015e-03 -1.841395e-01 3.849842e-02 9.992480e-01 4.609134e-03 -4.851333e-01 8.135496e-03 -4.925834e-03 9.999548e-01 6.725968e+01
9.991704e-01 -3.952356e-02 -9.820146e-03 -1.943975e-01 3.957137e-02 9.992056e-01 4.722968e-03 -4.875597e-01 9.625677e-03 -5.107647e-03 9.999406e-01 6.812000e+01
9.991534e-01 -3.956957e-02 -1.126192e-02 -2.044588e-01 3.963844e-02 9.991963e-01 5.959196e-03 -4.931694e-01 1.101707e-02 -6.400556e-03 9.999188e-01 6.897860e+01
9.991476e-01 -3.930202e-02 -1.262737e-02 -2.177077e-01 3.939181e-02 9.991997e-01 6.942461e-03 -5.083320e-01 1.234441e-02 -7.433959e-03 9.998962e-01 6.982468e+01
9.991345e-01 -3.920183e-02 -1.390647e-02 -2.292186e-01 3.931248e-02 9.991967e-01 7.774699e-03 -5.113892e-01 1.359052e-02 -8.314668e-03 9.998731e-01 7.067182e+01
9.991367e-01 -3.868910e-02 -1.513547e-02 -2.425917e-01 3.880997e-02 9.992164e-01 7.775368e-03 -5.175733e-01 1.482279e-02 -8.356062e-03 9.998552e-01 7.152460e+01
9.991249e-01 -3.854519e-02 -1.623634e-02 -2.580939e-01 3.866768e-02 9.992255e-01 7.298928e-03 -5.242691e-01 1.594242e-02 -7.920363e-03 9.998415e-01 7.236454e+01
9.991760e-01 -3.682726e-02 -1.705939e-02 -2.748299e-01 3.693577e-02 9.992991e-01 6.090102e-03 -5.245560e-01 1.682315e-02 -6.715186e-03 9.998359e-01 7.322897e+01
9.992098e-01 -3.570475e-02 -1.746305e-02 -2.949505e-01 3.581901e-02 9.993386e-01 6.273981e-03 -5.322011e-01 1.722749e-02 -6.894532e-03 9.998278e-01 7.407531e+01
9.992494e-01 -3.436949e-02 -1.787187e-02 -3.121174e-01 3.450687e-02 9.993768e-01 7.435936e-03 -5.361087e-01 1.760516e-02 -8.047057e-03 9.998126e-01 7.494941e+01
9.993090e-01 -3.265872e-02 -1.774453e-02 -3.326658e-01 3.280073e-02 9.994317e-01 7.771694e-03 -5.400151e-01 1.748063e-02 -8.348357e-03 9.998123e-01 7.582017e+01
9.993892e-01 -3.044561e-02 -1.715278e-02 -3.536695e-01 3.056856e-02 9.995085e-01 6.951551e-03 -5.467945e-01 1.693271e-02 -7.471642e-03 9.998287e-01 7.669454e+01
9.994107e-01 -3.018097e-02 -1.635385e-02 -3.706960e-01 3.025555e-02 9.995328e-01 4.332446e-03 -5.484145e-01 1.621546e-02 -4.824687e-03 9.998569e-01 7.757228e+01
9.994244e-01 -2.999184e-02 -1.585364e-02 -3.851614e-01 3.003256e-02 9.995462e-01 2.336847e-03 -5.547201e-01 1.577636e-02 -2.811627e-03 9.998716e-01 7.845390e+01
9.994214e-01 -3.046942e-02 -1.511694e-02 -4.021607e-01 3.049431e-02 9.995339e-01 1.418468e-03 -5.608934e-01 1.506667e-02 -1.878628e-03 9.998847e-01 7.934448e+01
9.993707e-01 -3.210542e-02 -1.508195e-02 -4.073391e-01 3.212596e-02 9.994832e-01 1.121443e-03 -5.752964e-01 1.503815e-02 -1.605259e-03 9.998856e-01 8.023003e+01
9.993197e-01 -3.370351e-02 -1.497328e-02 -4.197162e-01 3.371927e-02 9.994310e-01 8.014524e-04 -5.831708e-01 1.493775e-02 -1.305795e-03 9.998876e-01 8.112308e+01
9.993018e-01 -3.425833e-02 -1.490982e-02 -4.388743e-01 3.425626e-02 9.994130e-01 -3.943126e-04 -5.890508e-01 1.491458e-02 -1.167174e-04 9.998888e-01 8.203006e+01
9.992652e-01 -3.529131e-02 -1.495600e-02 -4.566156e-01 3.527961e-02 9.993769e-01 -1.045207e-03 -6.085601e-01 1.498357e-02 5.167974e-04 9.998876e-01 8.293585e+01
9.992696e-01 -3.507509e-02 -1.516431e-02 -4.731362e-01 3.504890e-02 9.993836e-01 -1.989884e-03 -6.185457e-01 1.522476e-02 1.456938e-03 9.998830e-01 8.385428e+01
9.992891e-01 -3.454763e-02 -1.508833e-02 -4.958802e-01 3.452683e-02 9.994024e-01 -1.636904e-03 -6.330565e-01 1.513586e-02 1.114789e-03 9.998848e-01 8.477419e+01
9.992588e-01 -3.515185e-02 -1.568758e-02 -5.115470e-01 3.515453e-02 9.993819e-01 -1.051337e-04 -6.423307e-01 1.568157e-02 -4.464336e-04 9.998769e-01 8.570089e+01
9.992784e-01 -3.435413e-02 -1.620074e-02 -5.330012e-01 3.439125e-02 9.994064e-01 2.018236e-03 -6.523307e-01 1.612179e-02 -2.573943e-03 9.998667e-01 8.663509e+01
9.992736e-01 -3.433858e-02 -1.652767e-02 -5.515763e-01 3.440730e-02 9.994003e-01 3.891582e-03 -6.640724e-01 1.638413e-02 -4.457427e-03 9.998558e-01 8.757563e+01
9.992808e-01 -3.387390e-02 -1.704208e-02 -5.671392e-01 3.396291e-02 9.994108e-01 4.960961e-03 -6.763590e-01 1.686399e-02 -5.536192e-03 9.998425e-01 8.852212e+01
9.992967e-01 -3.338753e-02 -1.706751e-02 -5.878463e-01 3.347460e-02 9.994278e-01 4.841969e-03 -6.787894e-01 1.689608e-02 -5.409891e-03 9.998426e-01 8.947029e+01
9.992965e-01 -3.340712e-02 -1.704580e-02 -6.084139e-01 3.349313e-02 9.994275e-01 4.785195e-03 -6.847911e-01 1.687618e-02 -5.352745e-03 9.998433e-01 9.044110e+01
9.993029e-01 -3.311769e-02 -1.723455e-02 -6.282007e-01 3.318747e-02 9.994420e-01 3.778807e-03 -6.904260e-01 1.709978e-02 -4.348143e-03 9.998443e-01 9.141366e+01
9.992693e-01 -3.413507e-02 -1.719220e-02 -6.424310e-01 3.417557e-02 9.994137e-01 2.067599e-03 -6.975096e-01 1.711154e-02 -2.653642e-03 9.998501e-01 9.238456e+01
9.992370e-01 -3.510069e-02 -1.712695e-02 -6.619343e-01 3.511973e-02 9.993828e-01 8.123034e-04 -6.980677e-01 1.708786e-02 -1.413177e-03 9.998530e-01 9.336083e+01
9.992531e-01 -3.476712e-02 -1.686534e-02 -6.815904e-01 3.476999e-02 9.993953e-01 -1.228815e-04 -7.065292e-01 1.685942e-02 -4.636181e-04 9.998578e-01 9.435745e+01
9.992758e-01 -3.423403e-02 -1.661154e-02 -7.045218e-01 3.423953e-02 9.994137e-01 4.672659e-05 -7.223263e-01 1.660020e-02 -6.154641e-04 9.998620e-01 9.535815e+01
9.993585e-01 -3.209023e-02 -1.590182e-02 -7.300458e-01 3.211595e-02 9.994832e-01 1.365201e-03 -7.294433e-01 1.584979e-02 -1.875027e-03 9.998726e-01 9.636241e+01
9.994576e-01 -2.903108e-02 -1.554396e-02 -7.497107e-01 2.908547e-02 9.995715e-01 3.284703e-03 -7.306725e-01 1.544195e-02 -3.735025e-03 9.998738e-01 9.737237e+01
9.996094e-01 -2.374236e-02 -1.474381e-02 -7.780289e-01 2.379234e-02 9.997117e-01 3.223407e-03 -7.359977e-01 1.466303e-02 -3.572938e-03 9.998861e-01 9.838111e+01
9.997052e-01 -1.970956e-02 -1.418238e-02 -7.997142e-01 1.976348e-02 9.997979e-01 3.672471e-03 -7.397358e-01 1.410713e-02 -3.951681e-03 9.998927e-01 9.940264e+01
9.996602e-01 -2.248426e-02 -1.318959e-02 -8.146175e-01 2.256590e-02 9.997269e-01 6.074177e-03 -7.416148e-01 1.304941e-02 -6.369748e-03 9.998946e-01 1.004417e+02
9.996898e-01 -2.112670e-02 -1.318774e-02 -8.275895e-01 2.126206e-02 9.997218e-01 1.020958e-02 -7.441311e-01 1.296838e-02 -1.048682e-02 9.998609e-01 1.014804e+02
9.996509e-01 -2.278392e-02 -1.337624e-02 -8.423978e-01 2.296968e-02 9.996395e-01 1.390137e-02 -7.348324e-01 1.305469e-02 -1.420376e-02 9.998139e-01 1.025281e+02
9.995605e-01 -2.656287e-02 -1.316348e-02 -8.548583e-01 2.680543e-02 9.994675e-01 1.860618e-02 -7.270407e-01 1.266224e-02 -1.895086e-02 9.997402e-01 1.035818e+02
9.995273e-01 -2.781456e-02 -1.309615e-02 -8.727221e-01 2.809111e-02 9.993756e-01 2.142941e-02 -7.235701e-01 1.249192e-02 -2.178716e-02 9.996846e-01 1.046188e+02
9.994501e-01 -3.037909e-02 -1.329284e-02 -8.882424e-01 3.064441e-02 9.993255e-01 2.023356e-02 -7.124871e-01 1.266920e-02 -2.062978e-02 9.997069e-01 1.056681e+02
9.993798e-01 -3.230384e-02 -1.401895e-02 -8.990113e-01 3.256775e-02 9.992885e-01 1.902370e-02 -7.033119e-01 1.339444e-02 -1.946847e-02 9.997207e-01 1.067290e+02
9.992688e-01 -3.524885e-02 -1.481432e-02 -9.144297e-01 3.552900e-02 9.991862e-01 1.909349e-02 -6.979308e-01 1.412924e-02 -1.960587e-02 9.997079e-01 1.077750e+02
9.991418e-01 -3.815172e-02 -1.612579e-02 -9.276763e-01 3.847172e-02 9.990591e-01 2.002313e-02 -6.898226e-01 1.534670e-02 -2.062634e-02 9.996695e-01 1.088326e+02
9.990015e-01 -4.117895e-02 -1.732728e-02 -9.416798e-01 4.153370e-02 9.989240e-01 2.063703e-02 -6.795351e-01 1.645883e-02 -2.133609e-02 9.996369e-01 1.099086e+02
9.988333e-01 -4.474677e-02 -1.816000e-02 -9.641191e-01 4.516344e-02 9.987097e-01 2.322238e-02 -6.718750e-01 1.709744e-02 -2.401545e-02 9.995654e-01 1.109673e+02
9.986788e-01 -4.773286e-02 -1.903310e-02 -9.859410e-01 4.820831e-02 9.985154e-01 2.535691e-02 -6.616326e-01 1.779448e-02 -2.624096e-02 9.994973e-01 1.120286e+02
9.984576e-01 -5.195985e-02 -1.955981e-02 -1.004183e+00 5.242650e-02 9.983327e-01 2.415266e-02 -6.520151e-01 1.827223e-02 -2.514086e-02 9.995169e-01 1.130911e+02
9.983794e-01 -5.334934e-02 -1.981113e-02 -1.027781e+00 5.376557e-02 9.983305e-01 2.110739e-02 -6.442348e-01 1.865199e-02 -2.213833e-02 9.995809e-01 1.141557e+02
9.983546e-01 -5.404654e-02 -1.916116e-02 -1.050146e+00 5.440614e-02 9.983425e-01 1.877026e-02 -6.370904e-01 1.811493e-02 -1.978186e-02 9.996402e-01 1.152152e+02
9.984021e-01 -5.357666e-02 -1.796524e-02 -1.073256e+00 5.391168e-02 9.983703e-01 1.871348e-02 -6.381639e-01 1.693336e-02 -1.965211e-02 9.996635e-01 1.162747e+02
9.984940e-01 -5.242646e-02 -1.615919e-02 -1.097209e+00 5.272043e-02 9.984409e-01 1.833723e-02 -6.378958e-01 1.517264e-02 -1.916154e-02 9.997013e-01 1.173255e+02
9.985798e-01 -5.123769e-02 -1.459787e-02 -1.116925e+00 5.150506e-02 9.985001e-01 1.856947e-02 -6.365965e-01 1.362452e-02 -1.929496e-02 9.997210e-01 1.183766e+02
9.985838e-01 -5.150598e-02 -1.332762e-02 -1.134266e+00 5.177762e-02 9.984397e-01 2.090942e-02 -6.348915e-01 1.222987e-02 -2.156988e-02 9.996925e-01 1.194195e+02
9.985962e-01 -5.155669e-02 -1.214567e-02 -1.145566e+00 5.183400e-02 9.983734e-01 2.374601e-02 -6.274927e-01 1.090165e-02 -2.434223e-02 9.996442e-01 1.204695e+02
9.985840e-01 -5.209208e-02 -1.079220e-02 -1.157314e+00 5.233732e-02 9.983447e-01 2.384710e-02 -6.127233e-01 9.532088e-03 -2.437816e-02 9.996574e-01 1.215070e+02
9.986311e-01 -5.144519e-02 -9.453880e-03 -1.173103e+00 5.163524e-02 9.984431e-01 2.109815e-02 -6.034179e-01 8.353763e-03 -2.155742e-02 9.997327e-01 1.225463e+02
9.986568e-01 -5.112809e-02 -8.395652e-03 -1.184661e+00 5.127697e-02 9.985113e-01 1.859572e-02 -5.981362e-01 7.432390e-03 -1.900124e-02 9.997918e-01 1.235734e+02
9.986431e-01 -5.148527e-02 -7.828464e-03 -1.193297e+00 5.161146e-02 9.985246e-01 1.687693e-02 -5.925049e-01 6.948001e-03 -1.725806e-02 9.998269e-01 1.246086e+02
9.985642e-01 -5.301406e-02 -7.684783e-03 -1.201571e+00 5.313945e-02 9.984398e-01 1.715044e-02 -5.832987e-01 6.763579e-03 -1.753418e-02 9.998234e-01 1.256400e+02
9.984714e-01 -5.470310e-02 -7.905542e-03 -1.213763e+00 5.484112e-02 9.983247e-01 1.844743e-02 -5.818244e-01 6.883165e-03 -1.885278e-02 9.997986e-01 1.266585e+02
9.983772e-01 -5.636869e-02 -8.096129e-03 -1.226012e+00 5.651415e-02 9.982205e-01 1.902814e-02 -5.782814e-01 7.009130e-03 -1.945481e-02 9.997862e-01 1.276993e+02
9.982313e-01 -5.882335e-02 -8.610574e-03 -1.230046e+00 5.897183e-02 9.980947e-01 1.814571e-02 -5.703370e-01 7.526777e-03 -1.862139e-02 9.997983e-01 1.287331e+02
9.981093e-01 -6.082051e-02 -8.869235e-03 -1.239367e+00 6.096312e-02 9.979985e-01 1.680967e-02 -5.693389e-01 7.829110e-03 -1.731859e-02 9.998194e-01 1.297454e+02
9.981293e-01 -6.044368e-02 -9.190599e-03 -1.249795e+00 6.059156e-02 9.980218e-01 1.676729e-02 -5.670365e-01 8.158942e-03 -1.729280e-02 9.998172e-01 1.307635e+02
9.981904e-01 -5.936898e-02 -9.552733e-03 -1.264805e+00 5.953617e-02 9.980586e-01 1.828931e-02 -5.661943e-01 8.448370e-03 -1.882494e-02 9.997871e-01 1.317790e+02
9.983012e-01 -5.740812e-02 -9.949165e-03 -1.279521e+00 5.760158e-02 9.981314e-01 2.039151e-02 -5.633682e-01 8.759936e-03 -2.092995e-02 9.997426e-01 1.327824e+02
9.983960e-01 -5.567149e-02 -1.030385e-02 -1.293757e+00 5.589176e-02 9.981835e-01 2.249118e-02 -5.589134e-01 9.033012e-03 -2.303100e-02 9.996939e-01 1.338024e+02
9.984646e-01 -5.441028e-02 -1.038978e-02 -1.307096e+00 5.464293e-02 9.982270e-01 2.360211e-02 -5.515434e-01 9.087161e-03 -2.413360e-02 9.996674e-01 1.348256e+02
9.986177e-01 -5.149754e-02 -1.051704e-02 -1.322827e+00 5.173030e-02 9.983914e-01 2.320950e-02 -5.400998e-01 9.304894e-03 -2.372147e-02 9.996753e-01 1.358245e+02
9.986538e-01 -5.078480e-02 -1.055983e-02 -1.338791e+00 5.101162e-02 9.984457e-01 2.245149e-02 -5.342306e-01 9.403226e-03 -2.295994e-02 9.996922e-01 1.368175e+02
9.988938e-01 -4.570988e-02 -1.103337e-02 -1.363584e+00 4.593172e-02 9.987287e-01 2.076871e-02 -5.336862e-01 1.007001e-02 -2.125251e-02 9.997234e-01 1.377965e+02
9.989301e-01 -4.492752e-02 -1.095883e-02 -1.376742e+00 4.511759e-02 9.988238e-01 1.776152e-02 -5.313701e-01 1.014795e-02 -1.823695e-02 9.997822e-01 1.387821e+02
9.990284e-01 -4.268358e-02 -1.096969e-02 -1.395653e+00 4.284412e-02 9.989715e-01 1.484255e-02 -5.266495e-01 1.032487e-02 -1.529812e-02 9.998297e-01 1.397576e+02
9.991080e-01 -4.073979e-02 -1.111243e-02 -1.416219e+00 4.091895e-02 9.990278e-01 1.640264e-02 -5.241834e-01 1.043339e-02 -1.684272e-02 9.998037e-01 1.407307e+02
9.990170e-01 -4.265814e-02 -1.205315e-02 -1.427115e+00 4.291014e-02 9.988479e-01 2.148597e-02 -5.237884e-01 1.112271e-02 -2.198205e-02 9.996965e-01 1.417057e+02
9.989448e-01 -4.409042e-02 -1.286058e-02 -1.438437e+00 4.439220e-02 9.987208e-01 2.420783e-02 -5.160185e-01 1.177679e-02 -2.475319e-02 9.996242e-01 1.426757e+02
9.988454e-01 -4.622426e-02 -1.308048e-02 -1.446677e+00 4.651727e-02 9.986513e-01 2.306123e-02 -5.139960e-01 1.199685e-02 -2.364307e-02 9.996485e-01 1.436205e+02
9.987383e-01 -4.836768e-02 -1.350605e-02 -1.460007e+00 4.865132e-02 9.985838e-01 2.152726e-02 -5.055821e-01 1.244570e-02 -2.215718e-02 9.996770e-01 1.445669e+02
9.987042e-01 -4.893160e-02 -1.398841e-02 -1.475231e+00 4.922261e-02 9.985612e-01 2.127680e-02 -5.021359e-01 1.292717e-02 -2.193777e-02 9.996758e-01 1.454866e+02
9.986350e-01 -5.025958e-02 -1.421335e-02 -1.488785e+00 5.055219e-02 9.984998e-01 2.103663e-02 -5.021702e-01 1.313474e-02 -2.172643e-02 9.996777e-01 1.464072e+02
9.986116e-01 -5.062655e-02 -1.455741e-02 -1.504698e+00 5.090655e-02 9.985120e-01 1.955410e-02 -4.964603e-01 1.354579e-02 -2.026802e-02 9.997028e-01 1.473262e+02
9.985903e-01 -5.093379e-02 -1.493819e-02 -1.517752e+00 5.121640e-02 9.985032e-01 1.918893e-02 -4.912129e-01 1.393847e-02 -1.992696e-02 9.997043e-01 1.482300e+02
9.986096e-01 -5.045323e-02 -1.527245e-02 -1.534961e+00 5.076672e-02 9.984921e-01 2.088624e-02 -4.883100e-01 1.419564e-02 -2.163253e-02 9.996652e-01 1.491333e+02
9.985821e-01 -5.096345e-02 -1.538124e-02 -1.548694e+00 5.131587e-02 9.984069e-01 2.346029e-02 -4.842156e-01 1.416112e-02 -2.421632e-02 9.996064e-01 1.500196e+02
9.985317e-01 -5.185302e-02 -1.567316e-02 -1.562621e+00 5.223426e-02 9.983224e-01 2.498102e-02 -4.810541e-01 1.435153e-02 -2.576302e-02 9.995651e-01 1.509003e+02
9.984710e-01 -5.298282e-02 -1.576182e-02 -1.574584e+00 5.338646e-02 9.982250e-01 2.639635e-02 -4.735462e-01 1.433529e-02 -2.719746e-02 9.995273e-01 1.517516e+02
9.984563e-01 -5.313408e-02 -1.618015e-02 -1.585976e+00 5.356046e-02 9.981949e-01 2.716971e-02 -4.677016e-01 1.470731e-02 -2.799439e-02 9.994999e-01 1.525829e+02
9.984320e-01 -5.345581e-02 -1.661176e-02 -1.598201e+00 5.388735e-02 9.981895e-01 2.671701e-02 -4.643737e-01 1.515351e-02 -2.757028e-02 9.995050e-01 1.534041e+02
9.982680e-01 -5.628083e-02 -1.713281e-02 -1.608076e+00 5.669093e-02 9.980918e-01 2.447372e-02 -4.593334e-01 1.572271e-02 -2.540260e-02 9.995537e-01 1.541972e+02
9.982803e-01 -5.562641e-02 -1.849767e-02 -1.621152e+00 5.604485e-02 9.981649e-01 2.292905e-02 -4.515555e-01 1.718827e-02 -2.392631e-02 9.995660e-01 1.549774e+02
9.981518e-01 -5.754632e-02 -1.953182e-02 -1.635472e+00 5.795988e-02 9.980914e-01 2.131245e-02 -4.480058e-01 1.826809e-02 -2.240513e-02 9.995821e-01 1.557348e+02
9.982775e-01 -5.461928e-02 -2.141800e-02 -1.658279e+00 5.505799e-02 9.982736e-01 2.045796e-02 -4.518687e-01 2.026363e-02 -2.160195e-02 9.995613e-01 1.564614e+02
9.982636e-01 -5.396960e-02 -2.360345e-02 -1.677522e+00 5.438579e-02 9.983691e-01 1.736072e-02 -4.559569e-01 2.262800e-02 -1.861426e-02 9.995706e-01 1.571665e+02
9.982807e-01 -5.290630e-02 -2.522888e-02 -1.697661e+00 5.326252e-02 9.984871e-01 1.366287e-02 -4.564404e-01 2.446786e-02 -1.498314e-02 9.995883e-01 1.578435e+02
9.981369e-01 -5.483755e-02 -2.675074e-02 -1.715837e+00 5.513907e-02 9.984217e-01 1.066666e-02 -4.624420e-01 2.612358e-02 -1.212180e-02 9.995852e-01 1.584915e+02
9.982338e-01 -5.236588e-02 -2.805573e-02 -1.738732e+00 5.264264e-02 9.985709e-01 9.218377e-03 -4.686000e-01 2.753291e-02 -1.067902e-02 9.995639e-01 1.591191e+02
9.983349e-01 -5.004633e-02 -2.868493e-02 -1.763585e+00 5.029246e-02 9.987031e-01 7.923806e-03 -4.759321e-01 2.825117e-02 -9.353248e-03 9.995571e-01 1.597250e+02
9.983706e-01 -4.879428e-02 -2.958636e-02 -1.785788e+00 4.908891e-02 9.987510e-01 9.314517e-03 -4.805470e-01 2.909492e-02 -1.075170e-02 9.995188e-01 1.603197e+02
9.982945e-01 -5.026966e-02 -2.968184e-02 -1.799826e+00 5.064103e-02 9.986461e-01 1.189486e-02 -4.868137e-01 2.904370e-02 -1.337769e-02 9.994886e-01 1.608992e+02
9.983139e-01 -5.113018e-02 -2.747914e-02 -1.813496e+00 5.145559e-02 9.986117e-01 1.126796e-02 -4.921250e-01 2.686486e-02 -1.266292e-02 9.995589e-01 1.614578e+02
9.983842e-01 -5.167149e-02 -2.364512e-02 -1.819183e+00 5.192690e-02 9.985976e-01 1.031795e-02 -4.977669e-01 2.307881e-02 -1.152910e-02 9.996672e-01 1.619911e+02
9.985483e-01 -5.045608e-02 -1.885584e-02 -1.827637e+00 5.063236e-02 9.986769e-01 8.991212e-03 -5.076399e-01 1.837723e-02 -9.932874e-03 9.997818e-01 1.625140e+02
9.986776e-01 -4.994356e-02 -1.219244e-02 -1.832401e+00 5.001429e-02 9.987330e-01 5.565952e-03 -5.045522e-01 1.189901e-02 -6.168388e-03 9.999102e-01 1.630202e+02
9.988033e-01 -4.875334e-02 -3.882188e-03 -1.833645e+00 4.876091e-02 9.988087e-01 1.879381e-03 -5.076793e-01 3.785937e-03 -2.066431e-03 9.999907e-01 1.635080e+02
9.988564e-01 -4.749481e-02 5.493049e-03 -1.828167e+00 4.749063e-02 9.988713e-01 8.889854e-04 -5.183220e-01 -5.529071e-03 -6.271004e-04 9.999845e-01 1.639732e+02
9.987449e-01 -4.766887e-02 1.537155e-02 -1.817533e+00 4.764569e-02 9.988625e-01 1.871001e-03 -5.252878e-01 -1.544325e-02 -1.136265e-03 9.998801e-01 1.644262e+02
9.985282e-01 -4.749426e-02 2.618554e-02 -1.800208e+00 4.742162e-02 9.988692e-01 3.388395e-03 -5.315657e-01 -2.631686e-02 -2.141648e-03 9.996514e-01 1.648588e+02
9.981581e-01 -4.706567e-02 3.827926e-02 -1.777172e+00 4.699517e-02 9.988914e-01 2.739957e-03 -5.401763e-01 -3.836578e-02 -9.359700e-04 9.992633e-01 1.652751e+02
9.976843e-01 -4.549614e-02 5.055799e-02 -1.747839e+00 4.545650e-02 9.989644e-01 1.934125e-03 -5.480137e-01 -5.059363e-02 3.685433e-04 9.987193e-01 1.656727e+02
9.969418e-01 -4.443886e-02 6.428206e-02 -1.714826e+00 4.439392e-02 9.990118e-01 2.128045e-03 -5.532491e-01 -6.431311e-02 7.321957e-04 9.979295e-01 1.660593e+02
9.958884e-01 -4.402807e-02 7.916913e-02 -1.675470e+00 4.383921e-02 9.990301e-01 4.122822e-03 -5.598767e-01 -7.927386e-02 -6.351581e-04 9.968527e-01 1.664305e+02
9.945426e-01 -4.399165e-02 9.460276e-02 -1.633106e+00 4.362519e-02 9.990303e-01 5.939324e-03 -5.666847e-01 -9.477230e-02 -1.779848e-03 9.954974e-01 1.667807e+02
9.929066e-01 -4.348841e-02 1.106583e-01 -1.585495e+00 4.307456e-02 9.990531e-01 6.128916e-03 -5.745713e-01 -1.108200e-01 -1.318885e-03 9.938396e-01 1.671175e+02
9.908764e-01 -4.359531e-02 1.275281e-01 -1.528913e+00 4.331481e-02 9.990491e-01 4.973295e-03 -5.806613e-01 -1.276236e-01 5.959343e-04 9.918225e-01 1.674529e+02
9.884181e-01 -4.311737e-02 1.455013e-01 -1.469088e+00 4.297073e-02 9.990677e-01 4.152047e-03 -5.854688e-01 -1.455447e-01 2.148340e-03 9.893493e-01 1.677787e+02
9.854206e-01 -4.246807e-02 1.647502e-01 -1.401583e+00 4.226374e-02 9.990952e-01 4.747088e-03 -5.884228e-01 -1.648028e-01 2.285083e-03 9.863239e-01 1.680988e+02
9.818061e-01 -4.131242e-02 1.853376e-01 -1.326030e+00 4.074272e-02 9.991460e-01 6.883031e-03 -5.938827e-01 -1.854636e-01 7.933542e-04 9.826508e-01 1.684177e+02
9.773844e-01 -4.151953e-02 2.073545e-01 -1.243299e+00 4.049081e-02 9.991375e-01 9.204664e-03 -5.899989e-01 -2.075578e-01 -6.005434e-04 9.782226e-01 1.687307e+02
9.719674e-01 -4.297981e-02 2.311538e-01 -1.153071e+00 4.143884e-02 9.990746e-01 1.151976e-02 -5.895389e-01 -2.314350e-01 -1.618088e-03 9.728490e-01 1.690403e+02
9.659024e-01 -4.166019e-02 2.555328e-01 -1.055178e+00 3.993969e-02 9.991310e-01 1.192077e-02 -5.895747e-01 -2.558074e-01 -1.308403e-03 9.667269e-01 1.693377e+02
9.589111e-01 -3.962907e-02 2.809253e-01 -9.529265e-01 3.783444e-02 9.992142e-01 1.181120e-02 -5.909324e-01 -2.811727e-01 -6.972339e-04 9.596569e-01 1.696327e+02
9.508677e-01 -3.589052e-02 3.075101e-01 -8.464698e-01 3.392184e-02 9.993555e-01 1.174660e-02 -5.889770e-01 -3.077335e-01 -7.381505e-04 9.514723e-01 1.699198e+02
9.414752e-01 -3.433764e-02 3.353287e-01 -7.245796e-01 3.244835e-02 9.994102e-01 1.123694e-02 -5.887200e-01 -3.355167e-01 3.015564e-04 9.420342e-01 1.702043e+02
9.305687e-01 -3.463725e-02 3.644752e-01 -5.878630e-01 3.268098e-02 9.993993e-01 1.153590e-02 -5.898207e-01 -3.646558e-01 1.176460e-03 9.311416e-01 1.704938e+02
9.184360e-01 -3.707209e-02 3.938286e-01 -4.349363e-01 3.555356e-02 9.993055e-01 1.115378e-02 -5.871412e-01 -3.939686e-01 3.757978e-03 9.191162e-01 1.707763e+02
9.047798e-01 -3.874858e-02 4.241132e-01 -2.708214e-01 3.792517e-02 9.992266e-01 1.038564e-02 -5.850869e-01 -4.241876e-01 6.687845e-03 9.055496e-01 1.710622e+02
8.898258e-01 -3.801189e-02 4.547143e-01 -9.633941e-02 3.735078e-02 9.992477e-01 1.044085e-02 -5.855182e-01 -4.547691e-01 7.693393e-03 8.905762e-01 1.713499e+02
8.737957e-01 -3.671065e-02 4.849056e-01 9.469104e-02 3.669321e-02 9.992811e-01 9.531526e-03 -5.789224e-01 -4.849069e-01 9.464137e-03 8.745146e-01 1.716445e+02
8.560244e-01 -3.555758e-02 5.157111e-01 2.922855e-01 3.591705e-02 9.993117e-01 9.282794e-03 -5.759436e-01 -5.156861e-01 1.057652e-02 8.567123e-01 1.719300e+02
8.369472e-01 -3.469407e-02 5.461829e-01 5.106236e-01 3.456148e-02 9.993472e-01 1.051898e-02 -5.755641e-01 -5.461913e-01 1.007306e-02 8.375999e-01 1.722209e+02
8.168311e-01 -3.417248e-02 5.758638e-01 7.418313e-01 3.316675e-02 9.993746e-01 1.225894e-02 -5.779304e-01 -5.759226e-01 9.086049e-03 8.174537e-01 1.725083e+02
7.958131e-01 -3.397026e-02 6.045888e-01 9.887646e-01 3.280459e-02 9.993776e-01 1.297211e-02 -5.758039e-01 -6.046531e-01 9.509912e-03 7.964321e-01 1.727936e+02
7.735301e-01 -3.471573e-02 6.328081e-01 1.256504e+00 3.410127e-02 9.993320e-01 1.313855e-02 -5.722763e-01 -6.328415e-01 1.141649e-02 7.741972e-01 1.730761e+02
7.498428e-01 -3.554405e-02 6.606606e-01 1.535026e+00 3.591071e-02 9.992704e-01 1.300325e-02 -5.709984e-01 -6.606408e-01 1.397440e-02 7.505721e-01 1.733518e+02
7.251205e-01 -3.578437e-02 6.876916e-01 1.833291e+00 3.784711e-02 9.992104e-01 1.208740e-02 -5.620853e-01 -6.875811e-01 1.726232e-02 7.259023e-01 1.736279e+02
6.997784e-01 -3.709335e-02 7.133963e-01 2.150929e+00 3.955791e-02 9.991308e-01 1.314745e-02 -5.605844e-01 -7.132639e-01 1.902017e-02 7.006375e-01 1.739025e+02
6.735268e-01 -3.802952e-02 7.381839e-01 2.491150e+00 3.910234e-02 9.991104e-01 1.579446e-02 -5.555681e-01 -7.381278e-01 1.822673e-02 6.744146e-01 1.741808e+02
6.463329e-01 -3.844892e-02 7.620862e-01 2.843381e+00 3.650699e-02 9.991442e-01 1.944707e-02 -5.515999e-01 -7.621817e-01 1.525219e-02 6.471834e-01 1.744532e+02
6.181999e-01 -3.888005e-02 7.850588e-01 3.218860e+00 3.443280e-02 9.991567e-01 2.236891e-02 -5.454789e-01 -7.852664e-01 1.320331e-02 6.190173e-01 1.747261e+02
5.898576e-01 -4.121973e-02 8.064546e-01 3.618761e+00 3.386007e-02 9.990805e-01 2.629933e-02 -5.444648e-01 -8.067971e-01 1.179374e-02 5.907109e-01 1.749957e+02
5.614443e-01 -4.173323e-02 8.264615e-01 4.042992e+00 3.202900e-02 9.990751e-01 2.869114e-02 -5.397496e-01 -8.268944e-01 1.036226e-02 5.622617e-01 1.752612e+02
5.323548e-01 -4.099664e-02 8.455280e-01 4.485646e+00 2.998930e-02 9.991130e-01 2.956180e-02 -5.255786e-01 -8.459899e-01 9.619428e-03 5.331121e-01 1.755241e+02
5.036599e-01 -3.579726e-02 8.631601e-01 4.944043e+00 2.350719e-02 9.993391e-01 2.772831e-02 -5.097427e-01 -8.635822e-01 6.324829e-03 5.041685e-01 1.757831e+02
4.758597e-01 -3.253934e-02 8.789191e-01 5.421524e+00 1.901526e-02 9.994624e-01 2.670696e-02 -4.981156e-01 -8.793156e-01 4.004113e-03 4.762226e-01 1.760292e+02
4.479492e-01 -3.224139e-02 8.934775e-01 5.925979e+00 1.719216e-02 9.994754e-01 2.744698e-02 -4.859585e-01 -8.938937e-01 3.065955e-03 4.482685e-01 1.762637e+02
4.189852e-01 -3.263096e-02 9.074065e-01 6.454593e+00 1.361436e-02 9.994675e-01 2.965525e-02 -4.742733e-01 -9.078910e-01 -7.134964e-05 4.192064e-01 1.764940e+02
3.901174e-01 -3.222778e-02 9.202009e-01 7.000599e+00 8.952557e-03 9.994728e-01 3.120866e-02 -4.596937e-01 -9.207216e-01 -3.936891e-03 3.902003e-01 1.767185e+02
3.620234e-01 -3.139411e-02 9.316402e-01 7.563171e+00 1.046130e-03 9.994458e-01 3.327249e-02 -4.455091e-01 -9.321684e-01 -1.107080e-02 3.618556e-01 1.769360e+02
3.335593e-01 -3.292324e-02 9.421541e-01 8.152586e+00 -3.240773e-03 9.993440e-01 3.606908e-02 -4.308658e-01 -9.427236e-01 -1.508449e-02 3.332338e-01 1.771418e+02
3.059878e-01 -3.273951e-02 9.514723e-01 8.762868e+00 -7.418400e-03 9.992962e-01 3.677081e-02 -4.148324e-01 -9.520065e-01 -1.830982e-02 3.055296e-01 1.773273e+02
2.787499e-01 -3.203698e-02 9.598292e-01 9.394512e+00 -1.105862e-02 9.992701e-01 3.656503e-02 -3.934273e-01 -9.603001e-01 -2.080689e-02 2.781921e-01 1.775006e+02
2.525863e-01 -2.921312e-02 9.671333e-01 1.003056e+01 -1.366152e-02 9.993368e-01 3.375384e-02 -3.743217e-01 -9.674779e-01 -2.173827e-02 2.520197e-01 1.776582e+02
2.291835e-01 -2.563197e-02 9.730457e-01 1.068603e+01 -1.492093e-02 9.994433e-01 2.984169e-02 -3.564983e-01 -9.732689e-01 -2.135797e-02 2.286734e-01 1.778035e+02
2.086671e-01 -2.372422e-02 9.776989e-01 1.136332e+01 -1.388018e-02 9.995332e-01 2.721644e-02 -3.394909e-01 -9.778882e-01 -1.924981e-02 2.082404e-01 1.779369e+02
1.906274e-01 -2.341468e-02 9.813832e-01 1.206260e+01 -1.261591e-02 9.995745e-01 2.629926e-02 -3.191089e-01 -9.815814e-01 -1.739440e-02 1.902509e-01 1.780641e+02
1.752300e-01 -2.520277e-02 9.842049e-01 1.278082e+01 -1.139027e-02 9.995535e-01 2.762375e-02 -3.012759e-01 -9.844616e-01 -1.605087e-02 1.748647e-01 1.781853e+02
1.610994e-01 -2.834099e-02 9.865312e-01 1.351630e+01 -1.087089e-02 9.994760e-01 3.048807e-02 -2.818011e-01 -9.868783e-01 -1.563608e-02 1.607069e-01 1.783016e+02
1.472322e-01 -3.295025e-02 9.885530e-01 1.425751e+01 -8.220380e-03 9.993697e-01 3.453511e-02 -2.639706e-01 -9.890678e-01 -1.321096e-02 1.468685e-01 1.784050e+02
1.355078e-01 -3.589830e-02 9.901257e-01 1.501739e+01 -8.659624e-03 9.992623e-01 3.741471e-02 -2.418115e-01 -9.907384e-01 -1.364410e-02 1.350970e-01 1.785034e+02
1.246750e-01 -3.510330e-02 9.915765e-01 1.577983e+01 -1.146388e-02 9.992563e-01 3.681658e-02 -2.217665e-01 -9.921314e-01 -1.595742e-02 1.241799e-01 1.786013e+02
1.146366e-01 -3.116914e-02 9.929184e-01 1.655797e+01 -1.365634e-02 9.993638e-01 3.294815e-02 -2.050900e-01 -9.933136e-01 -1.733670e-02 1.141380e-01 1.786943e+02
1.048941e-01 -2.732641e-02 9.941079e-01 1.735590e+01 -1.414368e-02 9.994803e-01 2.896647e-02 -1.776066e-01 -9.943828e-01 -1.709876e-02 1.044531e-01 1.787828e+02
9.378894e-02 -2.540303e-02 9.952680e-01 1.815928e+01 -1.573919e-02 9.995117e-01 2.699452e-02 -1.560601e-01 -9.954677e-01 -1.819650e-02 9.334332e-02 1.788618e+02
8.257236e-02 -2.729430e-02 9.962112e-01 1.898660e+01 -1.986577e-02 9.993812e-01 2.902776e-02 -1.399778e-01 -9.963871e-01 -2.218739e-02 8.197904e-02 1.789360e+02
