1.000000e+00 0.000000e+00 0.000000e+00 0.000000e+00 0.000000e+00 1.000000e+00 0.000000e+00 0.000000e+00 0.000000e+00 0.000000e+00 1.000000e+00 0.000000e+00
9.999929e-01 -4.349658e-04 -3.748944e-03 -4.272899e-03 4.385385e-04 9.999995e-01 9.522145e-04 -2.217482e-02 3.748528e-03 -9.538517e-04 9.999925e-01 1.943314e+00
9.999741e-01 -1.290495e-03 -7.086790e-03 -1.106334e-04 1.295443e-03 9.999989e-01 6.936454e-04 -5.059881e-02 7.085887e-03 -7.028079e-04 9.999746e-01 3.931866e+00
9.999472e-01 -1.110222e-04 -1.027128e-02 1.931040e-02 1.104429e-04 1.000000e+00 -5.696753e-05 -6.596127e-02 1.027128e-02 5.583013e-05 9.999472e-01 5.912459e+00
9.999208e-01 2.048636e-03 -1.241815e-02 -4.125577e-03 -2.054759e-03 9.999978e-01 -4.802815e-04 -8.493282e-02 1.241714e-02 5.057598e-04 9.999228e-01 7.843097e+00
9.998880e-01 3.918763e-03 -1.444480e-02 -3.274312e-02 -3.910583e-03 9.999922e-01 5.944936e-04 -1.045623e-01 1.444701e-02 -5.379395e-04 9.998955e-01 9.752831e+00
9.998534e-01 5.330537e-03 -1.627024e-02 -7.214252e-02 -5.336812e-03 9.999857e-01 -3.422537e-04 -1.233898e-01 1.626819e-02 4.290348e-04 9.998676e-01 1.167656e+01
9.998072e-01 5.866380e-03 -1.873757e-02 -9.980483e-02 -5.892875e-03 9.999817e-01 -1.359087e-03 -1.513220e-01 1.872926e-02 1.469243e-03 9.998235e-01 1.365123e+01
9.997549e-01 4.984536e-03 -2.157086e-02 -1.249436e-01 -5.016236e-03 9.999864e-01 -1.415739e-03 -1.722198e-01 2.156351e-02 1.523596e-03 9.997663e-01 1.559534e+01
9.997081e-01 2.662461e-03 -2.401218e-02 -1.775866e-01 -2.682886e-03 9.999961e-01 -8.184436e-04 -2.040389e-01 2.400990e-02 8.826266e-04 9.997113e-01 1.753316e+01
9.996363e-01 3.534201e-04 -2.696499e-02 -2.217359e-01 -3.744486e-04 9.999996e-01 -7.748007e-04 -2.208480e-01 2.696471e-02 7.846159e-04 9.996361e-01 1.948135e+01
9.995359e-01 -1.470802e-03 -3.042693e-02 -2.667927e-01 1.439633e-03 9.999984e-01 -1.046277e-03 -2.390039e-01 3.042842e-02 1.001988e-03 9.995364e-01 2.142002e+01
9.994186e-01 -2.215332e-03 -3.402302e-02 -3.345491e-01 2.218354e-03 9.999975e-01 5.108198e-05 -2.615562e-01 3.402282e-02 -1.265274e-04 9.994210e-01 2.334509e+01
9.992886e-01 -6.881766e-04 -3.770816e-02 -3.935501e-01 6.793983e-04 9.999997e-01 -2.456097e-04 -2.691904e-01 3.770832e-02 2.198161e-04 9.992888e-01 2.533919e+01
9.991706e-01 1.911497e-04 -4.071956e-02 -4.754169e-01 -2.657097e-04 9.999983e-01 -1.825658e-03 -2.851948e-01 4.071914e-02 1.834963e-03 9.991689e-01 2.724732e+01
9.990252e-01 1.520553e-03 -4.411840e-02 -5.545599e-01 -1.722384e-03 9.999882e-01 -4.537106e-03 -3.050017e-01 4.411098e-02 4.608672e-03 9.990160e-01 2.917999e+01
9.988781e-01 2.185102e-03 -4.730546e-02 -6.354979e-01 -2.525863e-03 9.999713e-01 -7.144835e-03 -3.392643e-01 4.728849e-02 7.256306e-03 9.988549e-01 3.109054e+01
9.987254e-01 2.204921e-03 -5.042567e-02 -7.304659e-01 -2.511145e-03 9.999788e-01 -6.010246e-03 -3.920583e-01 5.041135e-02 6.129211e-03 9.987097e-01 3.302991e+01
9.985590e-01 3.751064e-03 -5.353421e-02 -8.283155e-01 -3.884974e-03 9.999896e-01 -2.397543e-03 -4.125495e-01 5.352466e-02 2.602067e-03 9.985631e-01 3.496465e+01
9.984378e-01 3.278400e-03 -5.577763e-02 -9.460715e-01 -3.187450e-03 9.999934e-01 1.719476e-03 -4.388049e-01 5.578290e-02 -1.539001e-03 9.984417e-01 3.687878e+01
9.982853e-01 2.810314e-03 -5.846878e-02 -1.061356e+00 -2.564968e-03 9.999876e-01 4.270809e-03 -4.531288e-01 5.848006e-02 -4.113516e-03 9.982801e-01 3.878475e+01
9.981036e-01 2.618517e-03 -6.150013e-02 -1.182986e+00 -2.384402e-03 9.999896e-01 3.879822e-03 -4.657200e-01 6.150966e-02 -3.725824e-03 9.980995e-01 4.074773e+01
9.978978e-01 3.351080e-03 -6.472055e-02 -1.307889e+00 -3.387472e-03 9.999942e-01 -4.525732e-04 -4.948750e-01 6.471865e-02 6.708609e-04 9.979033e-01 4.268620e+01
9.976685e-01 2.588135e-03 -6.819745e-02 -1.444384e+00 -3.011120e-03 9.999769e-01 -6.100298e-03 -5.266308e-01 6.818008e-02 6.291425e-03 9.976532e-01 4.461410e+01
9.973889e-01 6.646806e-05 -7.221820e-02 -1.589078e+00 -7.465633e-04 9.999556e-01 -9.390275e-03 -5.712192e-01 7.221438e-02 9.419671e-03 9.973447e-01 4.652247e+01
9.970427e-01 -5.110110e-03 -7.667914e-02 -1.740036e+00 4.317402e-03 9.999356e-01 -1.050019e-02 -6.069251e-01 7.672786e-02 1.013809e-02 9.970005e-01 4.843878e+01
9.965945e-01 -1.088514e-02 -8.173633e-02 -1.870213e+00 1.019235e-02 9.999086e-01 -8.888327e-03 -6.328134e-01 8.182561e-02 8.024972e-03 9.966144e-01 5.040090e+01
9.961872e-01 -1.317763e-02 -8.624028e-02 -2.019721e+00 1.265587e-02 9.998982e-01 -6.594044e-03 -6.700932e-01 8.631840e-02 5.477457e-03 9.962525e-01 5.237182e+01
9.958690e-01 -1.421571e-02 -8.968178e-02 -2.199944e+00 1.361237e-02 9.998804e-01 -7.335663e-03 -7.042517e-01 8.977534e-02 6.084578e-03 9.959435e-01 5.434908e+01
9.956167e-01 -1.083518e-02 -9.289760e-02 -2.392758e+00 1.027638e-02 9.999261e-01 -6.491457e-03 -7.350665e-01 9.296107e-02 5.508352e-03 9.956545e-01 5.624748e+01
9.954347e-01 -8.176077e-03 -9.509432e-02 -2.598184e+00 7.926996e-03 9.999641e-01 -2.996780e-03 -7.788297e-01 9.511540e-02 2.229287e-03 9.954638e-01 5.809628e+01
9.952871e-01 -5.510367e-03 -9.681566e-02 -2.808771e+00 5.464394e-03 9.999848e-01 -7.399898e-04 -8.269741e-01 9.681826e-02 2.074634e-04 9.953021e-01 6.001638e+01
9.950488e-01 -2.287598e-03 -9.936116e-02 -3.001803e+00 2.196941e-03 9.999971e-01 -1.021808e-03 -8.485715e-01 9.936320e-02 7.984585e-04 9.950509e-01 6.192633e+01
9.947916e-01 5.444225e-04 -1.019284e-01 -3.183188e+00 -8.616651e-04 9.999949e-01 -3.068404e-03 -8.654858e-01 1.019262e-01 3.140251e-03 9.947870e-01 6.388299e+01
9.945674e-01 3.579257e-03 -1.040329e-01 -3.389584e+00 -4.126247e-03 9.999788e-01 -5.043113e-03 -8.925354e-01 1.040126e-01 5.444981e-03 9.945611e-01 6.578508e+01
9.943585e-01 4.465151e-03 -1.059776e-01 -3.602940e+00 -4.938364e-03 9.999790e-01 -4.203218e-03 -9.221359e-01 1.059566e-01 4.702861e-03 9.943596e-01 6.772134e+01
9.941468e-01 2.192819e-03 -1.080158e-01 -3.814678e+00 -2.447900e-03 9.999945e-01 -2.228986e-03 -9.482561e-01 1.080103e-01 2.480351e-03 9.941467e-01 6.966093e+01
9.939274e-01 -1.294825e-03 -1.100299e-01 -4.078691e+00 1.260716e-03 9.999991e-01 -3.795630e-04 -9.961124e-01 1.100303e-01 2.385416e-04 9.939282e-01 7.166899e+01
9.935678e-01 -4.568055e-03 -1.131464e-01 -4.279412e+00 4.532483e-03 9.999896e-01 -5.716324e-04 -1.001398e+00 1.131479e-01 5.512123e-05 9.935782e-01 7.358058e+01
9.932886e-01 -6.216327e-03 -1.154948e-01 -4.519320e+00 5.994580e-03 9.999795e-01 -2.267214e-03 -1.012482e+00 1.155065e-01 1.559655e-03 9.933055e-01 7.551932e+01
9.930001e-01 -5.795320e-03 -1.179711e-01 -4.736098e+00 5.360335e-03 9.999776e-01 -4.004180e-03 -1.038831e+00 1.179917e-01 3.343787e-03 9.930090e-01 7.743255e+01
9.928056e-01 -4.905392e-03 -1.196370e-01 -4.974744e+00 4.400145e-03 9.999803e-01 -4.486964e-03 -1.072953e+00 1.196566e-01 3.928262e-03 9.928076e-01 7.934885e+01
9.926000e-01 -3.653291e-03 -1.213750e-01 -5.245665e+00 3.105224e-03 9.999841e-01 -4.704325e-03 -1.138580e+00 1.213902e-01 4.292616e-03 9.925956e-01 8.130291e+01
9.923443e-01 -5.016018e-03 -1.234001e-01 -5.497966e+00 4.335641e-03 9.999739e-01 -5.781503e-03 -1.168692e+00 1.234259e-01 5.202223e-03 9.923402e-01 8.326189e+01
9.920285e-01 -5.256641e-03 -1.259039e-01 -5.748052e+00 4.228363e-03 9.999555e-01 -8.433018e-03 -1.195653e+00 1.259427e-01 7.833427e-03 9.920066e-01 8.516170e+01
9.917941e-01 -5.061021e-03 -1.277455e-01 -6.025827e+00 3.993153e-03 9.999549e-01 -8.614058e-03 -1.267627e+00 1.277833e-01 8.033265e-03 9.917696e-01 8.698669e+01
9.915262e-01 -3.901997e-03 -1.298481e-01 -6.293374e+00 3.085443e-03 9.999742e-01 -6.489111e-03 -1.317591e+00 1.298701e-01 6.033485e-03 9.915127e-01 8.890100e+01
9.912800e-01 -3.121822e-03 -1.317353e-01 -6.581872e+00 2.495179e-03 9.999848e-01 -4.921638e-03 -1.356594e+00 1.317487e-01 4.550018e-03 9.912727e-01 9.083994e+01
9.909827e-01 -2.549480e-03 -1.339658e-01 -6.852448e+00 2.100663e-03 9.999917e-01 -3.491476e-03 -1.401050e+00 1.339736e-01 3.178576e-03 9.909798e-01 9.277146e+01
9.906248e-01 -1.907872e-03 -1.365973e-01 -7.121855e+00 1.397837e-03 9.999917e-01 -3.829687e-03 -1.434517e+00 1.366035e-01 3.602842e-03 9.906193e-01 9.470329e+01
9.901865e-01 -2.811940e-03 -1.397240e-01 -7.374201e+00 2.265661e-03 9.999892e-01 -4.068611e-03 -1.458398e+00 1.397339e-01 3.712116e-03 9.901821e-01 9.669048e+01
9.896690e-01 -4.978398e-03 -1.432845e-01 -7.643037e+00 4.439320e-03 9.999818e-01 -4.081746e-03 -1.470651e+00 1.433022e-01 3.403492e-03 9.896731e-01 9.868106e+01
9.892303e-01 -7.028653e-03 -1.461989e-01 -7.931454e+00 6.524148e-03 9.999710e-01 -3.930016e-03 -1.490575e+00 1.462222e-01 2.933868e-03 9.892474e-01 1.006207e+02
9.887886e-01 -8.157971e-03 -1.490994e-01 -8.230410e+00 7.861679e-03 9.999658e-01 -2.576493e-03 -1.531039e+00 1.491154e-01 1.375434e-03 9.888189e-01 1.025554e+02
9.882920e-01 -1.091511e-02 -1.521831e-01 -8.541851e+00 1.082644e-02 9.999404e-01 -1.411289e-03 -1.559782e+00 1.521895e-01 -2.528358e-04 9.883513e-01 1.045413e+02
9.877058e-01 -1.274556e-02 -1.558038e-01 -8.837810e+00 1.250947e-02 9.999186e-01 -2.495774e-03 -1.587063e+00 1.558229e-01 5.160689e-04 9.877849e-01 1.065126e+02
9.871536e-01 -1.265083e-02 -1.592722e-01 -9.152878e+00 1.211139e-02 9.999172e-01 -4.357157e-03 -1.624937e+00 1.593141e-01 2.372176e-03 9.872251e-01 1.084615e+02
9.867031e-01 -1.112934e-02 -1.621517e-01 -9.474129e+00 1.033353e-02 9.999301e-01 -5.750407e-03 -1.668699e+00 1.622044e-01 3.998345e-03 9.867491e-01 1.103425e+02
9.861650e-01 -9.777416e-03 -1.654780e-01 -9.798128e+00 9.348969e-03 9.999506e-01 -3.367865e-03 -1.698844e+00 1.655028e-01 1.774222e-03 9.862077e-01 1.123388e+02
9.855709e-01 -1.099326e-02 -1.689056e-01 -1.012913e+01 1.121041e-02 9.999371e-01 3.320376e-04 -1.720158e+00 1.688913e-01 -2.220748e-03 9.856322e-01 1.143102e+02
9.849262e-01 -1.510938e-02 -1.723142e-01 -1.045471e+01 1.551632e-02 9.998791e-01 1.014874e-03 -1.746827e+00 1.722780e-01 -3.673258e-03 9.850415e-01 1.162475e+02
9.843464e-01 -1.678537e-02 -1.754433e-01 -1.078346e+01 1.668263e-02 9.998587e-01 -2.060578e-03 -1.770816e+00 1.754531e-01 -8.985334e-04 9.844874e-01 1.182111e+02
9.838341e-01 -1.958236e-02 -1.780084e-01 -1.113614e+01 1.935326e-02 9.998081e-01 -3.023459e-03 -1.796675e+00 1.780334e-01 -4.704598e-04 9.840243e-01 1.201432e+02
9.832000e-01 -2.222755e-02 -1.811734e-01 -1.148917e+01 2.182957e-02 9.997529e-01 -4.190606e-03 -1.836801e+00 1.812217e-01 1.652679e-04 9.834422e-01 1.220880e+02
9.827144e-01 -2.326072e-02 -1.836607e-01 -1.185882e+01 2.239618e-02 9.997262e-01 -6.780414e-03 -1.861987e+00 1.837681e-01 2.549912e-03 9.829663e-01 1.240266e+02
9.822432e-01 -1.720328e-02 -1.868215e-01 -1.223875e+01 1.605222e-02 9.998417e-01 -7.672409e-03 -1.903274e+00 1.869240e-01 4.537270e-03 9.823639e-01 1.259771e+02
9.820053e-01 -5.948044e-03 -1.887598e-01 -1.262843e+01 5.369931e-03 9.999792e-01 -3.573956e-03 -1.924750e+00 1.887771e-01 2.496017e-03 9.820168e-01 1.279552e+02
9.816979e-01 2.973672e-03 -1.904218e-01 -1.301546e+01 -2.776562e-03 9.999953e-01 1.301916e-03 -1.941006e+00 1.904248e-01 -7.493705e-04 9.817015e-01 1.298777e+02
9.812970e-01 1.820847e-03 -1.924912e-01 -1.340396e+01 -1.663689e-03 9.999981e-01 9.780779e-04 -1.948062e+00 1.924927e-01 -6.395394e-04 9.812982e-01 1.318661e+02
9.807821e-01 -4.758030e-03 -1.950483e-01 -1.379393e+01 4.855881e-03 9.999882e-01 2.352066e-05 -1.971617e+00 1.950458e-01 -9.701998e-04 9.807936e-01 1.338427e+02
9.803160e-01 -1.073944e-02 -1.971427e-01 -1.417757e+01 1.051556e-02 9.999423e-01 -2.182437e-03 -1.991877e+00 1.971548e-01 6.641157e-05 9.803724e-01 1.358605e+02
9.802366e-01 -1.205895e-02 -1.974608e-01 -1.458738e+01 1.125731e-02 9.999232e-01 -5.181746e-03 -2.003258e+00 1.975082e-01 2.856459e-03 9.802971e-01 1.377833e+02
9.802410e-01 -1.006213e-02 -1.975510e-01 -1.499170e+01 9.144488e-03 9.999427e-01 -5.556779e-03 -2.039203e+00 1.975956e-01 3.640479e-03 9.802769e-01 1.397458e+02
9.802439e-01 -6.364456e-03 -1.976902e-01 -1.539957e+01 5.634643e-03 9.999751e-01 -4.253995e-03 -2.064073e+00 1.977123e-01 3.056039e-03 9.802553e-01 1.416973e+02
9.802106e-01 -5.506944e-03 -1.978809e-01 -1.580187e+01 5.107726e-03 9.999838e-01 -2.527825e-03 -2.091602e+00 1.978916e-01 1.467079e-03 9.802228e-01 1.436772e+02
9.799885e-01 -7.736975e-03 -1.989037e-01 -1.620095e+01 7.041157e-03 9.999664e-01 -4.205362e-03 -2.098064e+00 1.989296e-01 2.720694e-03 9.800100e-01 1.456010e+02
9.794980e-01 -8.286908e-03 -2.012834e-01 -1.658938e+01 7.214416e-03 9.999556e-01 -6.061275e-03 -2.128895e+00 2.013247e-01 4.484864e-03 9.795143e-01 1.475224e+02
9.791808e-01 -4.907389e-03 -2.029310e-01 -1.700944e+01 4.273601e-03 9.999845e-01 -3.561236e-03 -2.154732e+00 2.029453e-01 2.619848e-03 9.791866e-01 1.494557e+02
9.788617e-01 -2.255105e-03 -2.045106e-01 -1.744234e+01 1.718976e-03 9.999946e-01 -2.799138e-03 -2.184962e+00 2.045158e-01 2.388420e-03 9.788603e-01 1.514316e+02
9.785311e-01 -9.194779e-04 -2.060971e-01 -1.786169e+01 -3.161957e-04 9.999822e-01 -5.962573e-03 -2.212077e+00 2.060989e-01 5.899730e-03 9.785134e-01 1.534232e+02
9.782740e-01 -1.540014e-03 -2.073106e-01 -1.828658e+01 -1.466998e-04 9.999670e-01 -8.120551e-03 -2.248615e+00 2.073163e-01 7.974537e-03 9.782415e-01 1.553686e+02
9.778560e-01 -3.744243e-03 -2.092454e-01 -1.869487e+01 2.007368e-03 9.999618e-01 -8.512408e-03 -2.282606e+00 2.092693e-01 7.903876e-03 9.778261e-01 1.572869e+02
9.774534e-01 -5.250274e-03 -2.110862e-01 -1.911526e+01 3.739469e-03 9.999645e-01 -7.555826e-03 -2.315252e+00 2.111184e-01 6.596117e-03 9.774382e-01 1.592590e+02
9.770536e-01 -7.453824e-03 -2.128629e-01 -1.954302e+01 6.244532e-03 9.999603e-01 -6.352847e-03 -2.344170e+00 2.129018e-01 4.877843e-03 9.770614e-01 1.612023e+02
9.767088e-01 -7.097346e-03 -2.144517e-01 -1.997678e+01 5.810545e-03 9.999611e-01 -6.630209e-03 -2.376961e+00 2.144904e-01 5.229702e-03 9.767121e-01 1.631674e+02
9.762602e-01 -7.397800e-03 -2.164749e-01 -2.040210e+01 6.351592e-03 9.999645e-01 -5.528270e-03 -2.421508e+00 2.165081e-01 4.022070e-03 9.762725e-01 1.651163e+02
9.759142e-01 -7.309305e-03 -2.180322e-01 -2.084248e+01 6.169706e-03 9.999635e-01 -5.907083e-03 -2.453660e+00 2.180675e-01 4.419611e-03 9.759237e-01 1.670889e+02
9.755384e-01 -5.767181e-03 -2.197535e-01 -2.128645e+01 4.520114e-03 9.999707e-01 -6.177230e-03 -2.482993e+00 2.197827e-01 5.032814e-03 9.755359e-01 1.690360e+02
9.751655e-01 -4.256605e-03 -2.214365e-01 -2.172837e+01 2.857526e-03 9.999739e-01 -6.638171e-03 -2.511481e+00 2.214589e-01 5.840555e-03 9.751522e-01 1.709755e+02
9.747586e-01 -4.783102e-03 -2.232100e-01 -2.218211e+01 3.337682e-03 9.999710e-01 -6.852420e-03 -2.534856e+00 2.232363e-01 5.934451e-03 9.747463e-01 1.729392e+02
9.743695e-01 -5.876690e-03 -2.248767e-01 -2.264606e+01 4.411158e-03 9.999656e-01 -7.018916e-03 -2.571441e+00 2.249102e-01 5.847051e-03 9.743619e-01 1.749088e+02
9.739096e-01 -7.909994e-03 -2.267983e-01 -2.310675e+01 6.081387e-03 9.999431e-01 -8.760302e-03 -2.610958e+00 2.268547e-01 7.152494e-03 9.739023e-01 1.768848e+02
9.735224e-01 -8.937128e-03 -2.284167e-01 -2.357630e+01 6.981918e-03 9.999318e-01 -9.366495e-03 -2.649252e+00 2.284849e-01 7.523706e-03 9.735184e-01 1.788127e+02
9.731011e-01 -8.942489e-03 -2.302051e-01 -2.403727e+01 7.166411e-03 9.999378e-01 -8.550158e-03 -2.691143e+00 2.302672e-01 6.670424e-03 9.731046e-01 1.807768e+02
9.728074e-01 -8.385470e-03 -2.314636e-01 -2.450304e+01 6.513807e-03 9.999396e-01 -8.849273e-03 -2.735776e+00 2.315238e-01 7.100930e-03 9.728033e-01 1.827190e+02
9.724495e-01 -8.711874e-03 -2.329507e-01 -2.498140e+01 6.701568e-03 9.999332e-01 -9.419828e-03 -2.769739e+00 2.330172e-01 7.599173e-03 9.724429e-01 1.846768e+02
9.719617e-01 -1.042964e-02 -2.349078e-01 -2.545734e+01 8.302219e-03 9.999151e-01 -1.004359e-02 -2.816412e+00 2.349926e-01 7.811732e-03 9.719658e-01 1.866595e+02
9.715455e-01 -1.202190e-02 -2.365476e-01 -2.592720e+01 1.015873e-02 9.999070e-01 -9.093774e-03 -2.861047e+00 2.366349e-01 6.431993e-03 9.715773e-01 1.885920e+02
9.711432e-01 -1.127262e-02 -2.382306e-01 -2.641151e+01 9.622805e-03 9.999210e-01 -8.087162e-03 -2.897294e+00 2.383030e-01 5.561345e-03 9.711749e-01 1.905323e+02
9.707297e-01 -9.570505e-03 -2.399839e-01 -2.688825e+01 8.096245e-03 9.999418e-01 -7.128323e-03 -2.937928e+00 2.400382e-01 4.976705e-03 9.707507e-01 1.924593e+02
9.704269e-01 -8.765969e-03 -2.412361e-01 -2.738793e+01 6.850685e-03 9.999380e-01 -8.777033e-03 -2.963560e+00 2.412981e-01 6.864837e-03 9.704268e-01 1.943956e+02
9.699503e-01 -9.596809e-03 -2.431138e-01 -2.787336e+01 7.584232e-03 9.999288e-01 -9.212955e-03 -3.012618e+00 2.431849e-01 7.092277e-03 9.699540e-01 1.963408e+02
9.695868e-01 -1.009737e-02 -2.445393e-01 -2.836476e+01 8.247953e-03 9.999291e-01 -8.585734e-03 -3.059013e+00 2.446087e-01 6.307666e-03 9.696014e-01 1.983005e+02
9.695192e-01 -8.897584e-03 -2.448536e-01 -2.885602e+01 7.226606e-03 9.999441e-01 -7.721977e-03 -3.107539e+00 2.449086e-01 5.717145e-03 9.695293e-01 2.001915e+02
9.694854e-01 -8.590442e-03 -2.449986e-01 -2.935713e+01 6.540311e-03 9.999365e-01 -9.180299e-03 -3.147472e+00 2.450619e-01 7.297798e-03 9.694800e-01 2.021310e+02
9.694043e-01 -7.532925e-03 -2.453541e-01 -2.985015e+01 5.034667e-03 9.999289e-01 -1.080790e-02 -3.179327e+00 2.454181e-01 9.241944e-03 9.693733e-01 2.040700e+02
9.692698e-01 -7.740696e-03 -2.458782e-01 -3.034189e+01 5.148181e-03 9.999242e-01 -1.118494e-02 -3.220154e+00 2.459462e-01 9.575395e-03 9.692362e-01 2.060038e+02
9.691187e-01 -8.178461e-03 -2.464589e-01 -3.082809e+01 5.572102e-03 9.999210e-01 -1.127079e-02 -3.264750e+00 2.465316e-01 9.549439e-03 9.690877e-01 2.079297e+02
9.688574e-01 -9.503928e-03 -2.474369e-01 -3.131512e+01 7.063560e-03 9.999173e-01 -1.074844e-02 -3.314464e+00 2.475186e-01 8.665916e-03 9.688444e-01 2.098589e+02
9.686468e-01 -9.155814e-03 -2.482730e-01 -3.180780e+01 6.561629e-03 9.999149e-01 -1.127442e-02 -3.369305e+00 2.483551e-01 9.291856e-03 9.686245e-01 2.117631e+02
9.685079e-01 -8.586884e-03 -2.488346e-01 -3.232379e+01 6.104257e-03 9.999236e-01 -1.074693e-02 -3.413625e+00 2.489078e-01 8.889533e-03 9.684864e-01 2.137205e+02
9.682846e-01 -8.924038e-03 -2.496905e-01 -3.281788e+01 6.693559e-03 9.999298e-01 -9.780670e-03 -3.466920e+00 2.497603e-01 7.799154e-03 9.682763e-01 2.156056e+02
9.678975e-01 -1.034745e-02 -2.511323e-01 -3.332213e+01 7.680015e-03 9.999032e-01 -1.159940e-02 -3.506895e+00 2.512280e-01 9.298329e-03 9.678833e-01 2.175548e+02
9.674867e-01 -1.094623e-02 -2.526849e-01 -3.381980e+01 7.853844e-03 9.998815e-01 -1.324356e-02 -3.539316e+00 2.527999e-01 1.082842e-02 9.674580e-01 2.194564e+02
9.673134e-01 -1.164351e-02 -2.533163e-01 -3.432761e+01 8.076146e-03 9.998531e-01 -1.511800e-02 -3.594106e+00 2.534551e-01 1.257802e-02 9.672654e-01 2.213692e+02
9.672664e-01 -1.142007e-02 -2.535059e-01 -3.483306e+01 8.140725e-03 9.998691e-01 -1.398123e-02 -3.656241e+00 2.536324e-01 1.145986e-02 9.672328e-01 2.232791e+02
9.671162e-01 -1.132887e-02 -2.540825e-01 -3.533754e+01 8.300118e-03 9.998812e-01 -1.298926e-02 -3.706579e+00 2.541995e-01 1.045321e-02 9.670953e-01 2.252011e+02
9.669359e-01 -1.152849e-02 -2.547590e-01 -3.585046e+01 8.813657e-03 9.998916e-01 -1.179546e-02 -3.761190e+00 2.548674e-01 9.160095e-03 9.669326e-01 2.271797e+02
9.668822e-01 -1.142002e-02 -2.549674e-01 -3.635685e+01 8.630972e-03 9.998901e-01 -1.205499e-02 -3.802663e+00 2.550770e-01 9.455136e-03 9.668745e-01 2.290829e+02
9.667406e-01 -1.245580e-02 -2.554556e-01 -3.687203e+01 9.572680e-03 9.998757e-01 -1.252647e-02 -3.847083e+00 2.555799e-01 9.664456e-03 9.667396e-01 2.310395e+02
9.665335e-01 -1.473028e-02 -2.561173e-01 -3.738611e+01 1.143536e-02 9.998316e-01 -1.434946e-02 -3.890242e+00 2.562856e-01 1.094044e-02 9.665392e-01 2.329317e+02
9.663817e-01 -1.635053e-02 -2.565914e-01 -3.790718e+01 1.305035e-02 9.998088e-01 -1.455930e-02 -3.937527e+00 2.567804e-01 1.072123e-02 9.664103e-01 2.348508e+02
9.660549e-01 -1.676321e-02 -2.577923e-01 -3.842226e+01 1.379302e-02 9.998161e-01 -1.332589e-02 -3.989519e+00 2.579683e-01 9.317809e-03 9.661084e-01 2.367840e+02
9.657959e-01 -1.733899e-02 -2.587229e-01 -3.894594e+01 1.460282e-02 9.998153e-01 -1.249383e-02 -4.042032e+00 2.588918e-01 8.288409e-03 9.658708e-01 2.387225e+02
9.653692e-01 -1.890123e-02 -2.602018e-01 -3.947612e+01 1.612934e-02 9.997882e-01 -1.278416e-02 -4.095413e+00 2.603883e-01 8.144554e-03 9.654696e-01 2.406996e+02
9.647611e-01 -2.099958e-02 -2.622879e-01 -4.000292e+01 1.776688e-02 9.997342e-01 -1.469073e-02 -4.136606e+00 2.625267e-01 9.513003e-03 9.648778e-01 2.426458e+02
9.642792e-01 -2.220789e-02 -2.639553e-01 -4.054349e+01 1.865434e-02 9.996986e-01 -1.596182e-02 -4.177362e+00 2.642302e-01 1.046774e-02 9.644028e-01 2.445987e+02
9.637784e-01 -2.280419e-02 -2.657278e-01 -4.107440e+01 1.927493e-02 9.996881e-01 -1.588210e-02 -4.232317e+00 2.660071e-01 1.018494e-02 9.639173e-01 2.465455e+02
9.635456e-01 -2.185852e-02 -2.666497e-01 -4.162245e+01 1.819155e-02 9.997030e-01 -1.621471e-02 -4.285784e+00 2.669249e-01 1.077284e-02 9.636571e-01 2.485103e+02
9.633197e-01 -2.177406e-02 -2.674716e-01 -4.217172e+01 1.762929e-02 9.996846e-01 -1.788805e-02 -4.332086e+00 2.677767e-01 1.251658e-02 9.633997e-01 2.504688e+02
9.628141e-01 -2.270090e-02 -2.692095e-01 -4.270712e+01 1.842469e-02 9.996609e-01 -1.840075e-02 -4.380428e+00 2.695359e-01 1.275640e-02 9.629058e-01 2.524041e+02
9.625675e-01 -2.284468e-02 -2.700777e-01 -4.328512e+01 1.889098e-02 9.996731e-01 -1.722975e-02 -4.421430e+00 2.703830e-01 1.148276e-02 9.626844e-01 2.543652e+02
9.621925e-01 -2.274423e-02 -2.714189e-01 -4.382547e+01 1.899400e-02 9.996845e-01 -1.643645e-02 -4.476053e+00 2.717071e-01 1.065970e-02 9.623210e-01 2.562841e+02
9.620827e-01 -2.313318e-02 -2.717752e-01 -4.440117e+01 1.931358e-02 9.996736e-01 -1.672105e-02 -4.520818e+00 2.720734e-01 1.083808e-02 9.622155e-01 2.582356e+02
9.618970e-01 -2.585544e-02 -2.721869e-01 -4.497252e+01 2.156113e-02 9.995916e-01 -1.875658e-02 -4.569992e+00 2.725607e-01 1.217324e-02 9.620616e-01 2.601533e+02
9.616264e-01 -2.688843e-02 -2.730416e-01 -4.552214e+01 2.244197e-02 9.995600e-01 -1.939560e-02 -4.632823e+00 2.734430e-01 1.252373e-02 9.618067e-01 2.620952e+02
9.614495e-01 -2.783442e-02 -2.735693e-01 -4.608225e+01 2.345961e-02 9.995394e-01 -1.925056e-02 -4.692428e+00 2.739791e-01 1.209061e-02 9.616596e-01 2.640498e+02
9.616342e-01 -2.770447e-02 -2.729326e-01 -4.665447e+01 2.406961e-02 9.995715e-01 -1.665777e-02 -4.764230e+00 2.732771e-01 9.449298e-03 9.618889e-01 2.660109e+02
9.617218e-01 -2.842022e-02 -2.725500e-01 -4.720751e+01 2.517084e-02 9.995644e-01 -1.541184e-02 -4.824221e+00 2.728692e-01 7.961587e-03 9.620182e-01 2.679479e+02
9.618391e-01 -2.989951e-02 -2.719773e-01 -4.777386e+01 2.702534e-02 9.995323e-01 -1.430816e-02 -4.884326e+00 2.722779e-01 6.411864e-03 9.621973e-01 2.699129e+02
9.618957e-01 -3.269441e-02 -2.714547e-01 -4.833937e+01 3.014792e-02 9.994536e-01 -1.354695e-02 -4.945434e+00 2.717493e-01 4.846961e-03 9.623559e-01 2.718565e+02
9.617295e-01 -3.382012e-02 -2.719055e-01 -4.886245e+01 3.132363e-02 9.994179e-01 -1.351783e-02 -4.998702e+00 2.722044e-01 4.483424e-03 9.622290e-01 2.737913e+02
9.615852e-01 -3.222394e-02 -2.726086e-01 -4.942511e+01 2.928422e-02 9.994609e-01 -1.484653e-02 -5.050450e+00 2.729400e-01 6.293074e-03 9.620105e-01 2.757589e+02
9.614876e-01 -3.245066e-02 -2.729257e-01 -4.998670e+01 2.901704e-02 9.994409e-01 -1.660891e-02 -5.108065e+00 2.733121e-01 8.049761e-03 9.618917e-01 2.776919e+02
9.610852e-01 -3.262344e-02 -2.743190e-01 -5.053714e+01 2.911822e-02 9.994341e-01 -1.684130e-02 -5.161022e+00 2.747132e-01 8.198246e-03 9.614913e-01 2.796163e+02
9.607033e-01 -3.203268e-02 -2.757229e-01 -5.109742e+01 2.843166e-02 9.994503e-01 -1.704856e-02 -5.217686e+00 2.761175e-01 8.539351e-03 9.610860e-01 2.815563e+02
9.604387e-01 -3.186568e-02 -2.766624e-01 -5.166656e+01 2.820139e-02 9.994540e-01 -1.721442e-02 -5.282867e+00 2.770599e-01 8.731136e-03 9.608130e-01 2.835160e+02
9.601362e-01 -3.139168e-02 -2.777643e-01 -5.222349e+01 2.797538e-02 9.994764e-01 -1.625502e-02 -5.344071e+00 2.781292e-01 7.836474e-03 9.605117e-01 2.854570e+02
9.600810e-01 -2.903410e-02 -2.782111e-01 -5.278740e+01 2.580744e-02 9.995505e-01 -1.525395e-02 -5.404806e+00 2.785290e-01 7.465108e-03 9.603988e-01 2.873737e+02
9.600782e-01 -2.791696e-02 -2.783351e-01 -5.334751e+01 2.451010e-02 9.995761e-01 -1.571310e-02 -5.472065e+00 2.786558e-01 8.263782e-03 9.603555e-01 2.893045e+02
9.600528e-01 -2.857079e-02 -2.783566e-01 -5.390477e+01 2.466673e-02 9.995422e-01 -1.751832e-02 -5.533138e+00 2.787297e-01 9.952359e-03 9.603180e-01 2.912495e+02
9.598628e-01 -2.930735e-02 -2.789347e-01 -5.446590e+01 2.533334e-02 9.995198e-01 -1.784197e-02 -5.583404e+00 2.793237e-01 1.005950e-02 9.601443e-01 2.931827e+02
9.598016e-01 -2.915714e-02 -2.791607e-01 -5.503229e+01 2.544048e-02 9.995330e-01 -1.692826e-02 -5.637010e+00 2.795239e-01 9.145790e-03 9.600952e-01 2.951241e+02
9.598739e-01 -2.857717e-02 -2.789721e-01 -5.560434e+01 2.477616e-02 9.995460e-01 -1.714225e-02 -5.692547e+00 2.793354e-01 9.542542e-03 9.601462e-01 2.970829e+02
9.599174e-01 -2.841667e-02 -2.788387e-01 -5.617134e+01 2.443367e-02 9.995439e-01 -1.775005e-02 -5.753364e+00 2.792159e-01 1.022553e-02 9.601739e-01 2.990347e+02
9.598569e-01 -3.044742e-02 -2.788328e-01 -5.674230e+01 2.603707e-02 9.994706e-01 -1.950788e-02 -5.812921e+00 2.792792e-01 1.146478e-02 9.601415e-01 3.009713e+02
9.597383e-01 -3.220295e-02 -2.790437e-01 -5.730150e+01 2.780219e-02 9.994190e-01 -1.971522e-02 -5.865877e+00 2.795165e-01 1.116343e-02 9.600760e-01 3.029170e+02
9.596855e-01 -3.238220e-02 -2.792045e-01 -5.786840e+01 2.788214e-02 9.994096e-01 -2.007489e-02 -5.927326e+00 2.796897e-01 1.148076e-02 9.600218e-01 3.048581e+02
9.596851e-01 -3.324592e-02 -2.791044e-01 -5.843895e+01 2.833269e-02 9.993647e-01 -2.162037e-02 -5.998920e+00 2.796459e-01 1.284096e-02 9.600173e-01 3.068132e+02
9.597501e-01 -3.277787e-02 -2.789361e-01 -5.901826e+01 2.883138e-02 9.994179e-01 -1.824028e-02 -6.059309e+00 2.793716e-01 9.463993e-03 9.601364e-01 3.088112e+02
9.598201e-01 -3.330430e-02 -2.786328e-01 -5.959077e+01 2.966776e-02 9.994108e-01 -1.725914e-02 -6.113826e+00 2.790434e-01 8.299262e-03 9.602426e-01 3.107487e+02
9.598179e-01 -3.353661e-02 -2.786125e-01 -6.016213e+01 2.937385e-02 9.993859e-01 -1.910350e-02 -6.163575e+00 2.790821e-01 1.015196e-02 9.602136e-01 3.126754e+02
9.597503e-01 -3.256619e-02 -2.789601e-01 -6.070696e+01 2.824583e-02 9.994109e-01 -1.949402e-02 -6.210728e+00 2.794306e-01 1.082993e-02 9.601048e-01 3.146134e+02
9.599475e-01 -3.113626e-02 -2.784444e-01 -6.130763e+01 2.710412e-02 9.994647e-01 -1.831985e-02 -6.257265e+00 2.788657e-01 1.003911e-02 9.602776e-01 3.165953e+02
9.598961e-01 -3.124219e-02 -2.786099e-01 -6.187433e+01 2.668505e-02 9.994411e-01 -2.013516e-02 -6.328994e+00 2.790832e-01 1.189294e-02 9.601933e-01 3.184998e+02
9.599186e-01 -3.005787e-02 -2.786624e-01 -6.245170e+01 2.437250e-02 9.994185e-01 -2.384527e-02 -6.394091e+00 2.792171e-01 1.609782e-02 9.600930e-01 3.204601e+02
9.599429e-01 -2.893554e-02 -2.786976e-01 -6.302403e+01 2.301186e-02 9.994349e-01 -2.450367e-02 -6.467508e+00 2.792491e-01 1.710877e-02 9.600663e-01 3.224126e+02
9.598857e-01 -2.739006e-02 -2.790507e-01 -6.359496e+01 2.167151e-02 9.994876e-01 -2.355789e-02 -6.534166e+00 2.795530e-01 1.656543e-02 9.599874e-01 3.243424e+02
9.597456e-01 -2.751158e-02 -2.795203e-01 -6.415859e+01 2.210287e-02 9.995028e-01 -2.248411e-02 -6.603699e+00 2.799999e-01 1.540083e-02 9.598765e-01 3.262925e+02
9.596974e-01 -2.750750e-02 -2.796859e-01 -6.474308e+01 2.204113e-02 9.995000e-01 -2.267160e-02 -6.663423e+00 2.801697e-01 1.559329e-02 9.598238e-01 3.282862e+02
9.596144e-01 -2.816534e-02 -2.799053e-01 -6.530031e+01 2.257917e-02 9.994767e-01 -2.316249e-02 -6.732331e+00 2.804112e-01 1.590703e-02 9.597482e-01 3.302053e+02
9.595671e-01 -2.738566e-02 -2.801445e-01 -6.585311e+01 2.128615e-02 9.994660e-01 -2.479272e-02 -6.795357e+00 2.806739e-01 1.782708e-02 9.596376e-01 3.321071e+02
9.595901e-01 -2.830588e-02 -2.799744e-01 -6.641836e+01 2.185246e-02 9.994193e-01 -2.614541e-02 -6.864431e+00 2.805519e-01 1.897075e-02 9.596514e-01 3.340583e+02
9.595871e-01 -2.921303e-02 -2.798915e-01 -6.698503e+01 2.270504e-02 9.993918e-01 -2.646666e-02 -6.949535e+00 2.804944e-01 1.904212e-02 9.596668e-01 3.359747e+02
9.594363e-01 -3.078142e-02 -2.802402e-01 -6.756252e+01 2.424283e-02 9.993476e-01 -2.676949e-02 -7.023610e+00 2.808813e-01 1.888980e-02 9.595566e-01 3.379326e+02
9.592548e-01 -3.183594e-02 -2.807430e-01 -6.812863e+01 2.533260e-02 9.993207e-01 -2.676431e-02 -7.095223e+00 2.814044e-01 1.856185e-02 9.594097e-01 3.398788e+02
9.591466e-01 -3.197794e-02 -2.810964e-01 -6.869649e+01 2.576629e-02 9.993359e-01 -2.576713e-02 -7.163854e+00 2.817337e-01 1.747164e-02 9.593336e-01 3.417991e+02
9.589685e-01 -3.223821e-02 -2.816737e-01 -6.926476e+01 2.590219e-02 9.993214e-01 -2.618969e-02 -7.236958e+00 2.823268e-01 1.781912e-02 9.591528e-01 3.437309e+02
9.588571e-01 -3.333872e-02 -2.819247e-01 -6.983619e+01 2.651291e-02 9.992565e-01 -2.799274e-02 -7.311318e+00 2.826483e-01 1.936639e-02 9.590281e-01 3.456645e+02
9.587574e-01 -3.261441e-02 -2.823483e-01 -7.041395e+01 2.561174e-02 9.992668e-01 -2.845796e-02 -7.373945e+00 2.830694e-01 2.005284e-02 9.588898e-01 3.476360e+02
9.586135e-01 -3.240933e-02 -2.828600e-01 -7.098814e+01 2.568473e-02 9.992931e-01 -2.745066e-02 -7.444275e+00 2.835497e-01 1.904939e-02 9.587683e-01 3.495613e+02
9.586295e-01 -3.259227e-02 -2.827847e-01 -7.156805e+01 2.581464e-02 9.992840e-01 -2.766153e-02 -7.512604e+00 2.834838e-01 1.921718e-02 9.587845e-01 3.515152e+02
9.585890e-01 -3.293473e-02 -2.828824e-01 -7.213789e+01 2.606350e-02 9.992675e-01 -2.802020e-02 -7.593581e+00 2.835981e-01 1.948695e-02 9.587452e-01 3.534428e+02
9.586250e-01 -3.336293e-02 -2.827101e-01 -7.272516e+01 2.605819e-02 9.992233e-01 -2.956027e-02 -7.669108e+00 2.834768e-01 2.097030e-02 9.587498e-01 3.553993e+02
9.585426e-01 -3.330070e-02 -2.829966e-01 -7.329572e+01 2.587512e-02 9.992168e-01 -2.993752e-02 -7.742626e+00 2.837719e-01 2.137382e-02 9.586536e-01 3.573238e+02
9.586635e-01 -3.268253e-02 -2.826591e-01 -7.389175e+01 2.542075e-02 9.992467e-01 -2.932145e-02 -7.828965e+00 2.834045e-01 2.092400e-02 9.587722e-01 3.593379e+02
9.587459e-01 -3.257028e-02 -2.823926e-01 -7.447853e+01 2.517702e-02 9.992396e-01 -2.977116e-02 -7.912371e+00 2.831475e-01 2.143317e-02 9.588369e-01 3.613024e+02
9.587224e-01 -3.380118e-02 -2.823276e-01 -7.505594e+01 2.599193e-02 9.991701e-01 -3.136103e-02 -7.985850e+00 2.831533e-01 2.272828e-02 9.588053e-01 3.632296e+02
9.586917e-01 -3.362549e-02 -2.824526e-01 -7.562415e+01 2.565047e-02 9.991623e-01 -3.188651e-02 -8.057717e+00 2.832882e-01 2.332429e-02 9.587512e-01 3.651727e+02
9.584085e-01 -3.599989e-02 -2.831205e-01 -7.619839e+01 2.819988e-02 9.991034e-01 -3.157880e-02 -8.144397e+00 2.840035e-01 2.228142e-02 9.585643e-01 3.671626e+02
9.582343e-01 -3.639373e-02 -2.836590e-01 -7.676998e+01 2.891170e-02 9.991159e-01 -3.052033e-02 -8.231120e+00 2.845190e-01 2.104456e-02 9.584394e-01 3.691364e+02
9.580754e-01 -3.743147e-02 -2.840606e-01 -7.735740e+01 2.976072e-02 9.990677e-01 -3.127349e-02 -8.313231e+00 2.849664e-01 2.150851e-02 9.582962e-01 3.710771e+02
9.579589e-01 -3.853251e-02 -2.843061e-01 -7.796169e+01 3.043416e-02 9.989968e-01 -3.284902e-02 -8.404288e+00 2.852866e-01 2.281540e-02 9.581707e-01 3.730111e+02
9.576282e-01 -4.031451e-02 -2.851719e-01 -7.854792e+01 3.208967e-02 9.989248e-01 -3.345769e-02 -8.494316e+00 2.862141e-01 2.288895e-02 9.578923e-01 3.749495e+02
9.576029e-01 -3.947899e-02 -2.853736e-01 -7.916011e+01 3.151642e-02 9.989766e-01 -3.244300e-02 -8.577101e+00 2.863623e-01 2.207356e-02 9.578671e-01 3.769100e+02
9.573827e-01 -3.826549e-02 -2.862762e-01 -7.974999e+01 3.084902e-02 9.990624e-01 -3.037380e-02 -8.668014e+00 2.871700e-01 2.024801e-02 9.576656e-01 3.788672e+02
9.572260e-01 -3.734980e-02 -2.869203e-01 -8.033944e+01 3.055379e-02 9.991372e-01 -2.812869e-02 -8.766311e+00 2.877234e-01 1.815901e-02 9.575414e-01 3.808227e+02
9.570730e-01 -3.732988e-02 -2.874330e-01 -8.094265e+01 3.040354e-02 9.991306e-01 -2.852498e-02 -8.850216e+00 2.882480e-01 1.856151e-02 9.573759e-01 3.827932e+02
9.565514e-01 -3.802261e-02 -2.890739e-01 -8.151555e+01 3.048600e-02 9.990688e-01 -3.053121e-02 -8.939064e+00 2.899655e-01 2.039197e-02 9.568198e-01 3.847159e+02
9.560206e-01 -3.878715e-02 -2.907237e-01 -8.210134e+01 3.069543e-02 9.990053e-01 -3.234378e-02 -9.013933e+00 2.916890e-01 2.199743e-02 9.562602e-01 3.867048e+02
9.554640e-01 -3.908400e-02 -2.925081e-01 -8.269845e+01 3.121590e-02 9.990155e-01 -3.151999e-02 -9.104718e+00 2.934521e-01 2.098531e-02 9.557434e-01 3.886551e+02
9.550363e-01 -4.046499e-02 -2.937145e-01 -8.329841e+01 3.256721e-02 9.989657e-01 -3.173240e-02 -9.180372e+00 2.946948e-01 2.074013e-02 9.553663e-01 3.905795e+02
9.544950e-01 -4.022597e-02 -2.955015e-01 -8.389798e+01 3.212145e-02 9.989641e-01 -3.223176e-02 -9.264000e+00 2.964919e-01 2.127312e-02 9.547984e-01 3.925132e+02
9.539602e-01 -4.098267e-02 -2.971202e-01 -8.448271e+01 3.231839e-02 9.988986e-01 -3.401681e-02 -9.346778e+00 2.981871e-01 2.284823e-02 9.542339e-01 3.943920e+02
9.535120e-01 -3.960401e-02 -2.987414e-01 -8.510166e+01 3.107706e-02 9.989641e-01 -3.324159e-02 -9.437928e+00 2.997484e-01 2.241225e-02 9.537550e-01 3.963428e+02
9.531345e-01 -3.898492e-02 -3.000245e-01 -8.571700e+01 3.075756e-02 9.990113e-01 -3.209833e-02 -9.543221e+00 3.009793e-01 2.136601e-02 9.533913e-01 3.983029e+02
9.526635e-01 -3.873662e-02 -3.015487e-01 -8.633352e+01 3.035249e-02 9.990127e-01 -3.244140e-02 -9.640474e+00 3.025077e-01 2.175299e-02 9.528987e-01 4.002697e+02
9.521268e-01 -3.882706e-02 -3.032278e-01 -8.693695e+01 2.988658e-02 9.989724e-01 -3.407126e-02 -9.715270e+00 3.042391e-01 2.337772e-02 9.523088e-01 4.021566e+02
9.515190e-01 -3.880659e-02 -3.051320e-01 -8.754251e+01 3.011031e-02 9.989965e-01 -3.315653e-02 -9.810304e+00 3.061125e-01 2.236145e-02 9.517327e-01 4.040642e+02
9.509200e-01 -4.032603e-02 -3.067979e-01 -8.816855e+01 3.169013e-02 9.989502e-01 -3.308011e-02 -9.904836e+00 3.078098e-01 2.173407e-02 9.511996e-01 4.060268e+02
9.504342e-01 -4.022894e-02 -3.083124e-01 -8.879210e+01 3.192668e-02 9.989801e-01 -3.192772e-02 -9.975789e+00 3.092823e-01 2.050180e-02 9.507492e-01 4.079168e+02
9.499343e-01 -3.974752e-02 -3.099113e-01 -8.941918e+01 3.168455e-02 9.990168e-01 -3.100950e-02 -1.006389e+01 3.108392e-01 1.963758e-02 9.502596e-01 4.098281e+02
9.494596e-01 -3.989504e-02 -3.113436e-01 -9.005515e+01 3.120935e-02 9.989735e-01 -3.283210e-02 -1.016157e+01 3.123338e-01 2.145592e-02 9.497301e-01 4.117578e+02
9.488853e-01 -3.999897e-02 -3.130763e-01 -9.067934e+01 3.032294e-02 9.989018e-01 -3.571670e-02 -1.024186e+01 3.141611e-01 2.439765e-02 9.490561e-01 4.136775e+02
9.482402e-01 -4.017629e-02 -3.150023e-01 -9.131038e+01 3.029124e-02 9.988848e-01 -3.621598e-02 -1.032985e+01 3.161060e-01 2.479964e-02 9.483997e-01 4.156222e+02
9.476780e-01 -3.960041e-02 -3.167620e-01 -9.194619e+01 2.948437e-02 9.988925e-01 -3.666748e-02 -1.041536e+01 3.178632e-01 2.540944e-02 9.477960e-01 4.175582e+02
9.471853e-01 -3.953556e-02 -3.182403e-01 -9.258458e+01 2.926823e-02 9.988872e-01 -3.698190e-02 -1.049572e+01 3.193483e-01 2.571438e-02 9.472885e-01 4.194739e+02
9.466812e-01 -3.669612e-02 -3.200752e-01 -9.322922e+01 2.727929e-02 9.990543e-01 -3.385649e-02 -1.058996e+01 3.210150e-01 2.331988e-02 9.467870e-01 4.214080e+02
9.462381e-01 -3.540800e-02 -3.215271e-01 -9.388706e+01 2.608174e-02 9.991061e-01 -3.326877e-02 -1.068650e+01 3.224176e-01 2.309419e-02 9.463158e-01 4.233311e+02
9.456878e-01 -3.535999e-02 -3.231475e-01 -9.454620e+01 2.540199e-02 9.990650e-01 -3.498273e-02 -1.076768e+01 3.240824e-01 2.487415e-02 9.457018e-01 4.252949e+02
9.452548e-01 -3.613363e-02 -3.243264e-01 -9.520851e+01 2.630789e-02 9.990538e-01 -3.463110e-02 -1.086297e+01 3.252709e-01 2.420287e-02 9.453111e-01 4.272179e+02
9.447386e-01 -3.667476e-02 -3.257666e-01 -9.586335e+01 2.730126e-02 9.990724e-01 -3.330050e-02 -1.095324e+01 3.266857e-01 2.256643e-02 9.448636e-01 4.291090e+02
9.444519e-01 -3.796591e-02 -3.264493e-01 -9.653276e+01 2.807461e-02 9.989943e-01 -3.495982e-02 -1.104079e+01 3.274483e-01 2.385293e-02 9.445680e-01 4.310576e+02
9.444478e-01 -3.797046e-02 -3.264607e-01 -9.720481e+01 2.665625e-02 9.988811e-01 -3.906302e-02 -1.113966e+01 3.275786e-01 2.819076e-02 9.444033e-01 4.329712e+02
9.445756e-01 -3.721858e-02 -3.261774e-01 -9.786634e+01 2.532775e-02 9.988533e-01 -4.062796e-02 -1.125026e+01 3.273154e-01 3.011484e-02 9.444351e-01 4.348927e+02
9.447807e-01 -3.466451e-02 -3.258648e-01 -9.853630e+01 2.327456e-02 9.989764e-01 -3.878809e-02 -1.134942e+01 3.268758e-01 2.906188e-02 9.446204e-01 4.367967e+02
9.448996e-01 -3.398277e-02 -3.255917e-01 -9.920764e+01 2.289456e-02 9.990220e-01 -3.782798e-02 -1.144708e+01 3.265588e-01 2.828936e-02 9.447534e-01 4.387558e+02
9.451454e-01 -3.446577e-02 -3.248266e-01 -9.988208e+01 2.332543e-02 9.990005e-01 -3.812925e-02 -1.153798e+01 3.258161e-01 2.846096e-02 9.450047e-01 4.406171e+02
9.451086e-01 -3.633978e-02 -3.247295e-01 -1.005410e+02 2.526405e-02 9.989484e-01 -3.826044e-02 -1.164288e+01 3.257784e-01 2.795629e-02 9.450327e-01 4.425660e+02
9.448821e-01 -3.804699e-02 -3.251926e-01 -1.011944e+02 2.646700e-02 9.988506e-01 -3.996113e-02 -1.173173e+01 3.263393e-01 2.915169e-02 9.448031e-01 4.445060e+02
9.445084e-01 -3.959286e-02 -3.260924e-01 -1.018539e+02 2.795854e-02 9.987968e-01 -4.028965e-02 -1.182621e+01 3.272952e-01 2.893684e-02 9.444790e-01 4.464360e+02
9.442264e-01 -3.876273e-02 -3.270076e-01 -1.025258e+02 2.691477e-02 9.988096e-01 -4.068086e-02 -1.190932e+01 3.281952e-01 2.961061e-02 9.441457e-01 4.483456e+02
9.437816e-01 -3.747663e-02 -3.284385e-01 -1.031906e+02 2.577911e-02 9.988711e-01 -3.989932e-02 -1.202676e+01 3.295630e-01 2.918939e-02 9.436823e-01 4.502733e+02
9.431655e-01 -3.675344e-02 -3.302847e-01 -1.038432e+02 2.524819e-02 9.989179e-01 -3.905855e-02 -1.212789e+01 3.313628e-01 2.849958e-02 9.430729e-01 4.521560e+02
9.427490e-01 -3.649466e-02 -3.315003e-01 -1.045242e+02 2.475052e-02 9.989098e-01 -3.958171e-02 -1.220703e+01 3.325834e-01 2.911082e-02 9.426245e-01 4.540396e+02
9.421945e-01 -3.698146e-02 -3.330193e-01 -1.051912e+02 2.453948e-02 9.988375e-01 -4.149162e-02 -1.231733e+01 3.341666e-01 3.092106e-02 9.420067e-01 4.559413e+02
9.415572e-01 -3.671448e-02 -3.348462e-01 -1.058592e+02 2.348789e-02 9.987788e-01 -4.346607e-02 -1.242401e+01 3.360331e-01 3.306096e-02 9.412697e-01 4.578191e+02
9.409608e-01 -3.608587e-02 -3.365867e-01 -1.065186e+02 2.303425e-02 9.988228e-01 -4.269051e-02 -1.253595e+01 3.377310e-01 3.241708e-02 9.406843e-01 4.596358e+02
9.403787e-01 -3.608153e-02 -3.382101e-01 -1.072137e+02 2.339491e-02 9.988640e-01 -4.151403e-02 -1.264058e+01 3.393238e-01 3.112652e-02 9.401545e-01 4.615681e+02
9.397866e-01 -3.502350e-02 -3.399626e-01 -1.079019e+02 2.256253e-02 9.989232e-01 -4.053924e-02 -1.275829e+01 3.410164e-01 3.042782e-02 9.395648e-01 4.634820e+02
9.390167e-01 -3.595332e-02 -3.419869e-01 -1.085733e+02 2.299014e-02 9.988579e-01 -4.188504e-02 -1.285350e+01 3.431023e-01 3.146843e-02 9.387708e-01 4.653451e+02
9.383400e-01 -3.588904e-02 -3.438458e-01 -1.092565e+02 2.275921e-02 9.988522e-01 -4.214672e-02 -1.296683e+01 3.449637e-01 3.172230e-02 9.380798e-01 4.672247e+02
9.378271e-01 -3.497323e-02 -3.453364e-01 -1.099677e+02 2.204615e-02 9.989039e-01 -4.129140e-02 -1.306306e+01 3.464020e-01 3.111086e-02 9.375702e-01 4.691443e+02
9.371735e-01 -3.560272e-02 -3.470422e-01 -1.106920e+02 2.276874e-02 9.989001e-01 -4.099012e-02 -1.317773e+01 3.481199e-01 3.051314e-02 9.369533e-01 4.710893e+02
9.365851e-01 -3.654164e-02 -3.485297e-01 -1.114063e+02 2.311078e-02 9.988241e-01 -4.261749e-02 -1.328596e+01 3.496772e-01 3.186011e-02 9.363283e-01 4.729560e+02
9.359270e-01 -3.730911e-02 -3.502123e-01 -1.121043e+02 2.369757e-02 9.987908e-01 -4.307330e-02 -1.339866e+01 3.513958e-01 3.201429e-02 9.356795e-01 4.748432e+02
9.353742e-01 -3.781724e-02 -3.516319e-01 -1.128238e+02 2.448032e-02 9.988050e-01 -4.229931e-02 -1.351863e+01 3.528114e-01 3.095762e-02 9.351822e-01 4.767265e+02
9.348331e-01 -3.921262e-02 -3.529158e-01 -1.135304e+02 2.546698e-02 9.987283e-01 -4.351002e-02 -1.362809e+01 3.541731e-01 3.168691e-02 9.346429e-01 4.786020e+02
