1.000000e+00 0.000000e+00 0.000000e+00 0.000000e+00 0.000000e+00 1.000000e+00 0.000000e+00 0.000000e+00 0.000000e+00 0.000000e+00 1.000000e+00 0.000000e+00
9.999900e-01 6.414600e-04 4.419594e-03 2.081775e-03 -6.427477e-04 9.999998e-01 2.899527e-04 -1.426385e-02 -4.419406e-03 -2.927905e-04 9.999902e-01 8.166479e-01
9.999522e-01 1.931915e-03 9.588372e-03 3.943296e-03 -1.944969e-03 9.999972e-01 1.352324e-03 -2.812153e-02 -9.585733e-03 -1.370908e-03 9.999531e-01 1.625140e+00
9.998877e-01 1.747296e-03 1.488167e-02 6.597361e-03 -1.757191e-03 9.999982e-01 6.518900e-04 -3.874610e-02 -1.488050e-02 -6.779667e-04 9.998890e-01 2.439541e+00
9.997951e-01 1.384995e-03 2.019505e-02 1.862731e-02 -1.369178e-03 9.999987e-01 -7.969905e-04 -5.570517e-02 -2.019612e-02 7.691766e-04 9.997957e-01 3.263880e+00
9.996462e-01 -8.011068e-05 2.659877e-02 3.533476e-02 1.786679e-04 9.999931e-01 -3.702973e-03 -6.659850e-02 -2.659829e-02 3.706415e-03 9.996393e-01 4.084597e+00
9.994759e-01 -8.925828e-04 3.235807e-02 5.933146e-02 1.058290e-03 9.999864e-01 -5.104281e-03 -7.926326e-02 -3.235308e-02 5.135850e-03 9.994633e-01 4.908373e+00
9.992687e-01 -3.909671e-03 3.803671e-02 9.906068e-02 4.112688e-03 9.999777e-01 -5.260616e-03 -9.968868e-02 -3.801530e-02 5.413202e-03 9.992625e-01 5.737079e+00
9.990572e-01 -3.913318e-03 4.323625e-02 1.337379e-01 4.134497e-03 9.999788e-01 -5.027334e-03 -1.180927e-01 -4.321566e-02 5.201354e-03 9.990522e-01 6.564484e+00
9.987959e-01 -5.353047e-03 4.876478e-02 1.709402e-01 5.663699e-03 9.999645e-01 -6.234475e-03 -1.325549e-01 -4.872968e-02 6.503158e-03 9.987908e-01 7.393832e+00
9.985361e-01 -6.329689e-03 5.371816e-02 2.167854e-01 6.738803e-03 9.999496e-01 -7.438227e-03 -1.535560e-01 -5.366837e-02 7.789334e-03 9.985284e-01 8.225617e+00
9.982416e-01 -6.600838e-03 5.890726e-02 2.630665e-01 7.160642e-03 9.999311e-01 -9.297116e-03 -1.713744e-01 -5.884184e-02 9.702582e-03 9.982202e-01 9.055425e+00
9.979057e-01 -2.927792e-03 6.461922e-02 3.068029e-01 3.669882e-03 9.999286e-01 -1.136834e-02 -1.906290e-01 -6.458132e-02 1.158167e-02 9.978452e-01 9.890368e+00
9.975429e-01 -2.900177e-03 6.999844e-02 3.599064e-01 3.698047e-03 9.999296e-01 -1.127150e-02 -2.091889e-01 -6.996082e-02 1.150267e-02 9.974834e-01 1.072397e+01
9.971786e-01 -5.721732e-03 7.484677e-02 4.292214e-01 6.531331e-03 9.999227e-01 -1.057646e-02 -2.316657e-01 -7.478047e-02 1.103547e-02 9.971390e-01 1.156558e+01
9.968656e-01 -3.619992e-03 7.903134e-02 4.951409e-01 4.491821e-03 9.999310e-01 -1.085645e-02 -2.562357e-01 -7.898658e-02 1.117742e-02 9.968130e-01 1.240140e+01
9.965401e-01 -5.344842e-04 8.311136e-02 5.575326e-01 1.574819e-03 9.999212e-01 -1.245230e-02 -2.812012e-01 -8.309816e-02 1.254011e-02 9.964625e-01 1.323198e+01
9.962632e-01 1.419724e-03 8.635716e-02 6.227387e-01 -3.701229e-05 9.998718e-01 -1.601104e-02 -3.012728e-01 -8.636882e-02 1.594801e-02 9.961356e-01 1.406759e+01
9.960064e-01 -2.408732e-03 8.924967e-02 6.981673e-01 4.131028e-03 9.998087e-01 -1.911782e-02 -3.249696e-01 -8.918655e-02 1.941016e-02 9.958258e-01 1.489635e+01
9.957105e-01 -2.979937e-03 9.247573e-02 7.744334e-01 5.074073e-03 9.997358e-01 -2.241839e-02 -3.477183e-01 -9.238449e-02 2.279146e-02 9.954625e-01 1.574240e+01
9.954658e-01 -4.407826e-03 9.501824e-02 8.488196e-01 6.321205e-03 9.997831e-01 -1.984538e-02 -3.797057e-01 -9.491015e-02 2.035603e-02 9.952777e-01 1.657509e+01
9.953393e-01 -7.575188e-03 9.613676e-02 9.359664e-01 9.483874e-03 9.997666e-01 -1.941249e-02 -4.036758e-01 -9.596727e-02 2.023376e-02 9.951788e-01 1.741499e+01
9.952345e-01 -9.220967e-03 9.707356e-02 1.019493e+00 1.105629e-02 9.997698e-01 -1.838560e-02 -4.305565e-01 -9.688169e-02 1.937125e-02 9.951074e-01 1.826158e+01
9.950689e-01 -1.342552e-02 9.827316e-02 1.101312e+00 1.532635e-02 9.997093e-01 -1.861293e-02 -4.600009e-01 -9.799471e-02 2.002732e-02 9.949854e-01 1.909106e+01
9.950459e-01 -1.472983e-02 9.831940e-02 1.183833e+00 1.655283e-02 9.997054e-01 -1.775170e-02 -4.897536e-01 -9.802895e-02 1.929123e-02 9.949966e-01 1.993056e+01
9.951452e-01 -1.222698e-02 9.765471e-02 1.258958e+00 1.390122e-02 9.997675e-01 -1.648246e-02 -5.148126e-01 -9.743048e-02 1.775996e-02 9.950839e-01 2.076777e+01
9.951558e-01 -1.256062e-02 9.750460e-02 1.335610e+00 1.427587e-02 9.997550e-01 -1.691376e-02 -5.439663e-01 -9.726827e-02 1.822379e-02 9.950913e-01 2.159959e+01
9.951967e-01 -1.329653e-02 9.698781e-02 1.412179e+00 1.501079e-02 9.997434e-01 -1.696681e-02 -5.698962e-01 -9.673732e-02 1.834117e-02 9.951409e-01 2.244005e+01
9.952190e-01 -1.444073e-02 9.659461e-02 1.492085e+00 1.632685e-02 9.996906e-01 -1.876431e-02 -5.904425e-01 -9.629375e-02 2.025169e-02 9.951469e-01 2.328399e+01
9.952210e-01 -1.755656e-02 9.605680e-02 1.576098e+00 1.936143e-02 9.996525e-01 -1.788992e-02 -6.164992e-01 -9.570933e-02 1.966422e-02 9.952151e-01 2.413000e+01
9.951972e-01 -1.833052e-02 9.615906e-02 1.654296e+00 1.999941e-02 9.996651e-01 -1.642038e-02 -6.387004e-01 -9.582587e-02 1.826464e-02 9.952305e-01 2.496707e+01
9.951852e-01 -1.729324e-02 9.647501e-02 1.730919e+00 1.875352e-02 9.997226e-01 -1.425007e-02 -6.650095e-01 -9.620182e-02 1.599070e-02 9.952334e-01 2.580698e+01
9.952156e-01 -1.538565e-02 9.648409e-02 1.806757e+00 1.685228e-02 9.997542e-01 -1.440427e-02 -6.847769e-01 -9.623876e-02 1.596133e-02 9.952303e-01 2.665577e+01
9.951630e-01 -1.485944e-02 9.710747e-02 1.885487e+00 1.645237e-02 9.997426e-01 -1.562374e-02 -7.068150e-01 -9.685032e-02 1.714582e-02 9.951513e-01 2.750477e+01
9.951208e-01 -1.393980e-02 9.767410e-02 1.968207e+00 1.581823e-02 9.997040e-01 -1.848374e-02 -7.324325e-01 -9.738753e-02 1.993859e-02 9.950468e-01 2.835545e+01
9.950422e-01 -1.151776e-02 9.878491e-02 2.042962e+00 1.376918e-02 9.996601e-01 -2.213975e-02 -7.578741e-01 -9.849633e-02 2.339017e-02 9.948625e-01 2.918931e+01
9.950622e-01 -7.419509e-03 9.897551e-02 2.116848e+00 9.615413e-03 9.997177e-01 -2.172780e-02 -7.846340e-01 -9.878636e-02 2.257221e-02 9.948526e-01 3.003138e+01
9.950257e-01 -7.543557e-03 9.933238e-02 2.197952e+00 9.756411e-03 9.997145e-01 -2.181037e-02 -8.125628e-01 -9.913949e-02 2.267101e-02 9.948153e-01 3.088373e+01
9.949568e-01 -1.217564e-02 9.956302e-02 2.285503e+00 1.400015e-02 9.997463e-01 -1.764707e-02 -8.409018e-01 -9.932289e-02 1.895197e-02 9.948748e-01 3.172567e+01
9.949459e-01 -1.536496e-02 9.922993e-02 2.371757e+00 1.706534e-02 9.997213e-01 -1.630970e-02 -8.673153e-01 -9.895168e-02 1.792067e-02 9.949309e-01 3.256188e+01
9.947958e-01 -1.957029e-02 9.999176e-02 2.456146e+00 2.118293e-02 9.996617e-01 -1.509147e-02 -8.952971e-01 -9.966259e-02 1.713105e-02 9.948738e-01 3.339823e+01
9.947091e-01 -2.180315e-02 1.003913e-01 2.545308e+00 2.351327e-02 9.995974e-01 -1.588276e-02 -9.202079e-01 -1.000046e-01 1.815926e-02 9.948213e-01 3.424260e+01
9.946899e-01 -2.261658e-02 1.004015e-01 2.629680e+00 2.481045e-02 9.994787e-01 -2.065628e-02 -9.419165e-01 -9.988194e-02 2.303760e-02 9.947326e-01 3.507000e+01
9.946055e-01 -2.376116e-02 1.009717e-01 2.713761e+00 2.627051e-02 9.993764e-01 -2.359519e-02 -9.623397e-01 -1.003481e-01 2.612048e-02 9.946095e-01 3.590578e+01
9.944618e-01 -2.356371e-02 1.024228e-01 2.799274e+00 2.612469e-02 9.993769e-01 -2.373477e-02 -9.907601e-01 -1.017997e-01 2.627909e-02 9.944578e-01 3.674712e+01
9.942907e-01 -2.287469e-02 1.042242e-01 2.884087e+00 2.528830e-02 9.994404e-01 -2.189544e-02 -1.019623e+00 -1.036650e-01 2.440608e-02 9.943128e-01 3.758779e+01
9.942333e-01 -1.954368e-02 1.054431e-01 2.969630e+00 2.180559e-02 9.995553e-01 -2.034127e-02 -1.048571e+00 -1.049987e-01 2.252322e-02 9.942173e-01 3.842546e+01
9.941130e-01 -1.694139e-02 1.070156e-01 3.055653e+00 1.941471e-02 9.995670e-01 -2.211230e-02 -1.078031e+00 -1.065947e-01 2.405980e-02 9.940114e-01 3.927482e+01
9.939899e-01 -1.610617e-02 1.082807e-01 3.140790e+00 1.864817e-02 9.995728e-01 -2.250450e-02 -1.103211e+00 -1.078720e-01 2.438848e-02 9.938656e-01 4.011494e+01
9.938131e-01 -1.488633e-02 1.100637e-01 3.227173e+00 1.734802e-02 9.996196e-01 -2.144230e-02 -1.127310e+00 -1.097026e-01 2.321903e-02 9.936932e-01 4.094932e+01
9.935954e-01 -1.498213e-02 1.119990e-01 3.316093e+00 1.702929e-02 9.997046e-01 -1.734404e-02 -1.160280e+00 -1.117061e-01 1.914022e-02 9.935569e-01 4.178878e+01
9.933688e-01 -1.497412e-02 1.139920e-01 3.409089e+00 1.703847e-02 9.997076e-01 -1.715680e-02 -1.184713e+00 -1.137018e-01 1.898528e-02 9.933335e-01 4.263368e+01
9.932018e-01 -1.534285e-02 1.153898e-01 3.503126e+00 1.761951e-02 9.996692e-01 -1.873606e-02 -1.212082e+00 -1.150642e-01 2.064180e-02 9.931436e-01 4.347303e+01
9.930006e-01 -1.583431e-02 1.170435e-01 3.606279e+00 1.846078e-02 9.996008e-01 -2.139017e-02 -1.236568e+00 -1.166581e-01 2.340117e-02 9.928964e-01 4.432830e+01
9.927520e-01 -1.834102e-02 1.187734e-01 3.707961e+00 2.113030e-02 9.995287e-01 -2.226732e-02 -1.271938e+00 -1.183090e-01 2.461565e-02 9.926717e-01 4.517286e+01
9.925482e-01 -1.854593e-02 1.204329e-01 3.809413e+00 2.131177e-02 9.995370e-01 -2.171848e-02 -1.301649e+00 -1.199743e-01 2.412328e-02 9.924839e-01 4.601492e+01
9.922612e-01 -1.806404e-02 1.228472e-01 3.912535e+00 2.093746e-02 9.995356e-01 -2.213948e-02 -1.337119e+00 -1.223902e-01 2.454026e-02 9.921786e-01 4.686488e+01
9.920347e-01 -1.583954e-02 1.249652e-01 4.011897e+00 1.873891e-02 9.995810e-01 -2.206011e-02 -1.370363e+00 -1.245634e-01 2.422611e-02 9.919158e-01 4.771097e+01
9.916465e-01 -1.730738e-02 1.278192e-01 4.127788e+00 2.044966e-02 9.995191e-01 -2.331248e-02 -1.401676e+00 -1.273542e-01 2.573160e-02 9.915235e-01 4.855862e+01
9.913260e-01 -1.693620e-02 1.303304e-01 4.236185e+00 2.036336e-02 9.994798e-01 -2.500828e-02 -1.429100e+00 -1.298391e-01 2.744533e-02 9.911552e-01 4.940597e+01
9.909159e-01 -1.753598e-02 1.333350e-01 4.362977e+00 2.119527e-02 9.994353e-01 -2.607454e-02 -1.463884e+00 -1.328024e-01 2.866375e-02 9.907280e-01 5.026633e+01
9.906639e-01 -1.433240e-02 1.355713e-01 4.468592e+00 1.790736e-02 9.995224e-01 -2.518692e-02 -1.493340e+00 -1.351455e-01 2.737949e-02 9.904474e-01 5.111554e+01
9.902566e-01 -1.643511e-02 1.382817e-01 4.628467e+00 1.994410e-02 9.995123e-01 -2.402834e-02 -1.524733e+00 -1.378193e-01 2.655212e-02 9.901014e-01 5.201800e+01
9.899044e-01 -1.574845e-02 1.408589e-01 4.746858e+00 1.926174e-02 9.995356e-01 -2.361331e-02 -1.559286e+00 -1.404216e-01 2.608810e-02 9.897480e-01 5.286269e+01
9.894338e-01 -1.404476e-02 1.443036e-01 4.877733e+00 1.797382e-02 9.995014e-01 -2.596018e-02 -1.590510e+00 -1.438671e-01 2.827956e-02 9.891929e-01 5.372933e+01
9.889227e-01 -1.264572e-02 1.478917e-01 5.011039e+00 1.709423e-02 9.994377e-01 -2.884725e-02 -1.622266e+00 -1.474437e-01 3.105580e-02 9.885828e-01 5.459309e+01
9.883731e-01 -1.633784e-02 1.511680e-01 5.143412e+00 2.094264e-02 9.993623e-01 -2.891961e-02 -1.656055e+00 -1.505992e-01 3.174922e-02 9.880850e-01 5.542737e+01
9.878086e-01 -2.023464e-02 1.543529e-01 5.277521e+00 2.480796e-02 9.993067e-01 -2.776042e-02 -1.691936e+00 -1.536842e-01 3.125116e-02 9.876257e-01 5.626445e+01
9.872447e-01 -2.102154e-02 1.578166e-01 5.412338e+00 2.537131e-02 9.993503e-01 -2.559808e-02 -1.725040e+00 -1.571759e-01 2.927558e-02 9.871366e-01 5.711487e+01
9.866192e-01 -2.328553e-02 1.613703e-01 5.561133e+00 2.797130e-02 9.992487e-01 -2.682637e-02 -1.757946e+00 -1.606244e-01 3.098115e-02 9.865292e-01 5.797646e+01
9.861523e-01 -2.285586e-02 1.642595e-01 5.704871e+00 2.755313e-02 9.992723e-01 -2.637505e-02 -1.794152e+00 -1.635372e-01 3.053569e-02 9.860645e-01 5.882642e+01
9.854798e-01 -2.357245e-02 1.681486e-01 5.845803e+00 2.837093e-02 9.992543e-01 -2.619172e-02 -1.833722e+00 -1.674058e-01 3.058194e-02 9.854136e-01 5.967190e+01
9.849458e-01 -2.200213e-02 1.714575e-01 5.979802e+00 2.679614e-02 9.993106e-01 -2.569609e-02 -1.868112e+00 -1.707739e-01 2.990365e-02 9.848564e-01 6.050723e+01
9.843058e-01 -2.209434e-02 1.750828e-01 6.129261e+00 2.695861e-02 9.993125e-01 -2.545291e-02 -1.904869e+00 -1.744000e-01 2.977343e-02 9.842247e-01 6.135927e+01
9.836215e-01 -2.169352e-02 1.789361e-01 6.273200e+00 2.686026e-02 9.992878e-01 -2.650248e-02 -1.936624e+00 -1.782337e-01 3.087467e-02 9.835037e-01 6.219737e+01
9.830274e-01 -2.319567e-02 1.819865e-01 6.427058e+00 2.849596e-02 9.992409e-01 -2.656375e-02 -1.978097e+00 -1.812322e-01 3.129878e-02 9.829421e-01 6.302851e+01
9.825916e-01 -2.220097e-02 1.844473e-01 6.580378e+00 2.724094e-02 9.993203e-01 -2.483550e-02 -2.014752e+00 -1.837706e-01 2.942768e-02 9.825286e-01 6.385720e+01
9.821181e-01 -2.257885e-02 1.869069e-01 6.741341e+00 2.697055e-02 9.994159e-01 -2.098694e-02 -2.044423e+00 -1.863239e-01 2.565263e-02 9.821534e-01 6.469566e+01
9.815089e-01 -2.550769e-02 1.897092e-01 6.905685e+00 2.970736e-02 9.993718e-01 -1.932626e-02 -2.074073e+00 -1.890970e-01 2.460465e-02 9.816501e-01 6.553435e+01
9.809581e-01 -2.560215e-02 1.925246e-01 7.072671e+00 3.022292e-02 9.993204e-01 -2.110207e-02 -2.107533e+00 -1.918535e-01 2.651891e-02 9.810652e-01 6.637071e+01
9.803365e-01 -2.613638e-02 1.955945e-01 7.238805e+00 3.162177e-02 9.991878e-01 -2.497419e-02 -2.139307e+00 -1.947829e-01 3.066815e-02 9.803668e-01 6.719616e+01
9.797941e-01 -2.569728e-02 1.983513e-01 7.400925e+00 3.190032e-02 9.990948e-01 -2.814056e-02 -2.178706e+00 -1.974487e-01 3.389942e-02 9.797269e-01 6.802196e+01
9.792058e-01 -2.621615e-02 2.011683e-01 7.572980e+00 3.251933e-02 9.990762e-01 -2.809180e-02 -2.208377e+00 -2.002460e-01 3.404951e-02 9.791538e-01 6.885921e+01
9.785966e-01 -2.888760e-02 2.037503e-01 7.753406e+00 3.511415e-02 9.990182e-01 -2.701027e-02 -2.246004e+00 -2.027700e-01 3.358668e-02 9.786502e-01 6.968545e+01
9.778460e-01 -3.297318e-02 2.067124e-01 7.925082e+00 3.899840e-02 9.989230e-01 -2.514003e-02 -2.279305e+00 -2.056608e-01 3.264453e-02 9.780787e-01 7.050065e+01
9.774458e-01 -2.951203e-02 2.091142e-01 8.097545e+00 3.561093e-02 9.990414e-01 -2.545985e-02 -2.306376e+00 -2.081624e-01 3.233237e-02 9.775597e-01 7.132522e+01
9.768887e-01 -2.745286e-02 2.119783e-01 8.265021e+00 3.352131e-02 9.991231e-01 -2.508652e-02 -2.342677e+00 -2.111038e-01 3.161253e-02 9.769523e-01 7.213268e+01
9.763348e-01 -2.940776e-02 2.142556e-01 8.447343e+00 3.607862e-02 9.989763e-01 -2.729057e-02 -2.375891e+00 -2.132337e-01 3.437478e-02 9.763963e-01 7.294405e+01
9.758403e-01 -3.011364e-02 2.164000e-01 8.631311e+00 3.719569e-02 9.988950e-01 -2.872776e-02 -2.412176e+00 -2.152957e-01 3.608285e-02 9.758820e-01 7.375267e+01
9.750572e-01 -3.088538e-02 2.197945e-01 8.810187e+00 3.844693e-02 9.988039e-01 -3.020781e-02 -2.444602e+00 -2.185986e-01 3.790477e-02 9.750784e-01 7.455612e+01
9.746558e-01 -3.117519e-02 2.215271e-01 8.993588e+00 3.856541e-02 9.988319e-01 -2.911255e-02 -2.478157e+00 -2.203607e-01 3.691799e-02 9.747196e-01 7.535892e+01
9.741323e-01 -3.183620e-02 2.237246e-01 9.176216e+00 3.879665e-02 9.988881e-01 -2.678410e-02 -2.515406e+00 -2.226232e-01 3.477102e-02 9.742843e-01 7.616157e+01
9.735948e-01 -3.429286e-02 2.256927e-01 9.362893e+00 4.121160e-02 9.988117e-01 -2.601453e-02 -2.556379e+00 -2.245324e-01 3.462877e-02 9.738511e-01 7.695925e+01
9.731216e-01 -3.475018e-02 2.276549e-01 9.552078e+00 4.191479e-02 9.987641e-01 -2.671129e-02 -2.589747e+00 -2.264454e-01 3.553544e-02 9.733754e-01 7.775864e+01
9.725289e-01 -3.378332e-02 2.303178e-01 9.736396e+00 4.117236e-02 9.987776e-01 -2.735038e-02 -2.621024e+00 -2.291123e-01 3.608176e-02 9.727310e-01 7.855600e+01
9.718791e-01 -3.425556e-02 2.329755e-01 9.926735e+00 4.158660e-02 9.987800e-01 -2.662678e-02 -2.651281e+00 -2.317791e-01 3.556667e-02 9.721180e-01 7.935479e+01
9.714296e-01 -3.301347e-02 2.350205e-01 1.011765e+01 4.014116e-02 9.988658e-01 -2.560749e-02 -2.684863e+00 -2.339085e-01 3.430987e-02 9.716530e-01 8.015380e+01
9.707843e-01 -3.112448e-02 2.379267e-01 1.030850e+01 3.847454e-02 9.989132e-01 -2.630992e-02 -2.720176e+00 -2.368492e-01 3.469538e-02 9.709267e-01 8.095333e+01
9.699326e-01 -3.439226e-02 2.409314e-01 1.051083e+01 4.210125e-02 9.987506e-01 -2.692090e-02 -2.757501e+00 -2.397045e-01 3.625497e-02 9.701687e-01 8.175010e+01
9.690590e-01 -3.644359e-02 2.441240e-01 1.071627e+01 4.486868e-02 9.985708e-01 -2.903806e-02 -2.784956e+00 -2.427169e-01 3.909312e-02 9.693092e-01 8.254142e+01
9.682076e-01 -3.653457e-02 2.474656e-01 1.091282e+01 4.531393e-02 9.985260e-01 -2.987316e-02 -2.823499e+00 -2.460095e-01 4.013706e-02 9.684360e-01 8.332532e+01
9.673326e-01 -3.833240e-02 2.505960e-01 1.111273e+01 4.716370e-02 9.984565e-01 -2.932906e-02 -2.865087e+00 -2.490849e-01 4.018999e-02 9.676474e-01 8.411035e+01
9.666778e-01 -3.651990e-02 2.533777e-01 1.131550e+01 4.530563e-02 9.985543e-01 -2.892456e-02 -2.897964e+00 -2.519551e-01 3.944017e-02 9.669349e-01 8.489624e+01
9.657003e-01 -3.550305e-02 2.572207e-01 1.151983e+01 4.425338e-02 9.986192e-01 -2.830828e-02 -2.932115e+00 -2.558605e-01 3.872020e-02 9.659380e-01 8.568742e+01
9.645528e-01 -3.786160e-02 2.611599e-01 1.173405e+01 4.664380e-02 9.985327e-01 -2.750944e-02 -2.963256e+00 -2.597351e-01 3.871579e-02 9.649035e-01 8.647540e+01
9.635203e-01 -3.657453e-02 2.651244e-01 1.193967e+01 4.533288e-02 9.986073e-01 -2.698942e-02 -3.000944e+00 -2.637681e-01 3.802370e-02 9.638364e-01 8.724937e+01
9.623465e-01 -3.432061e-02 2.696502e-01 1.215205e+01 4.228703e-02 9.988223e-01 -2.378857e-02 -3.033227e+00 -2.685162e-01 3.429556e-02 9.626645e-01 8.802635e+01
9.613317e-01 -3.375002e-02 2.733174e-01 1.236936e+01 4.118731e-02 9.989197e-01 -2.151746e-02 -3.064858e+00 -2.722959e-01 3.194262e-02 9.616832e-01 8.880452e+01
9.599874e-01 -3.819494e-02 2.774262e-01 1.259851e+01 4.539937e-02 9.987768e-01 -1.958935e-02 -3.098740e+00 -2.763386e-01 3.140051e-02 9.605472e-01 8.957964e+01
9.586402e-01 -3.921872e-02 2.819058e-01 1.282569e+01 4.723181e-02 9.986486e-01 -2.168309e-02 -3.131831e+00 -2.806745e-01 3.410120e-02 9.591970e-01 9.035112e+01
9.573240e-01 -3.752291e-02 2.865706e-01 1.305322e+01 4.626919e-02 9.986453e-01 -2.380751e-02 -3.159004e+00 -2.852891e-01 3.605089e-02 9.577633e-01 9.111686e+01
9.561271e-01 -3.702355e-02 2.906031e-01 1.328101e+01 4.586267e-02 9.986675e-01 -2.366226e-02 -3.187663e+00 -2.893398e-01 3.595196e-02 9.565511e-01 9.187613e+01
9.549291e-01 -3.844997e-02 2.943330e-01 1.351655e+01 4.655475e-02 9.987038e-01 -2.057653e-02 -3.219770e+00 -2.931604e-01 3.335173e-02 9.554814e-01 9.264088e+01
9.536726e-01 -3.830169e-02 2.983984e-01 1.375364e+01 4.581808e-02 9.987834e-01 -1.823186e-02 -3.247697e+00 -2.973370e-01 3.105926e-02 9.542673e-01 9.339688e+01
9.522412e-01 -3.869279e-02 3.028854e-01 1.399165e+01 4.641826e-02 9.987536e-01 -1.834626e-02 -3.275571e+00 -3.017981e-01 3.152948e-02 9.528504e-01 9.415076e+01
9.509279e-01 -3.971614e-02 3.068529e-01 1.424076e+01 4.843818e-02 9.986084e-01 -2.085804e-02 -3.298583e+00 -3.055975e-01 3.469789e-02 9.515284e-01 9.489883e+01
9.493801e-01 -4.198386e-02 3.113113e-01 1.448724e+01 5.153093e-02 9.984179e-01 -2.250160e-02 -3.324983e+00 -3.098740e-01 3.740473e-02 9.500416e-01 9.564273e+01
9.478444e-01 -4.479540e-02 3.155699e-01 1.474458e+01 5.424271e-02 9.983024e-01 -2.121334e-02 -3.354738e+00 -3.140840e-01 3.722431e-02 9.486652e-01 9.639360e+01
9.464538e-01 -4.642088e-02 3.194844e-01 1.499571e+01 5.490666e-02 9.983364e-01 -1.760011e-02 -3.384095e+00 -3.181359e-01 3.419951e-02 9.474281e-01 9.713774e+01
9.450337e-01 -4.665347e-02 3.236276e-01 1.525160e+01 5.417722e-02 9.984293e-01 -1.427291e-02 -3.411449e+00 -3.224534e-01 3.102162e-02 9.460769e-01 9.787823e+01
9.434663e-01 -4.391451e-02 3.285467e-01 1.550313e+01 5.182966e-02 9.985377e-01 -1.536844e-02 -3.435899e+00 -3.273913e-01 3.152807e-02 9.443627e-01 9.861608e+01
9.413191e-01 -4.599357e-02 3.343694e-01 1.577264e+01 5.549299e-02 9.982800e-01 -1.890767e-02 -3.455765e+00 -3.329247e-01 3.635331e-02 9.422524e-01 9.935209e+01
9.396471e-01 -4.308536e-02 3.394214e-01 1.602968e+01 5.388686e-02 9.982945e-01 -2.245811e-02 -3.480531e+00 -3.378749e-01 3.939305e-02 9.403663e-01 1.000752e+02
9.379822e-01 -3.883418e-02 3.445015e-01 1.628483e+01 4.969047e-02 9.985058e-01 -2.273610e-02 -3.504958e+00 -3.431039e-01 3.844450e-02 9.385104e-01 1.007989e+02
9.366982e-01 -3.644537e-02 3.482357e-01 1.654965e+01 4.681958e-02 9.986737e-01 -2.141878e-02 -3.529042e+00 -3.469933e-01 3.636718e-02 9.371623e-01 1.015245e+02
9.349611e-01 -4.133013e-02 3.523345e-01 1.683090e+01 5.064155e-02 9.985680e-01 -1.724762e-02 -3.558238e+00 -3.511171e-01 3.396862e-02 9.357152e-01 1.022567e+02
9.331895e-01 -4.329778e-02 3.567669e-01 1.711243e+01 5.220737e-02 9.985179e-01 -1.537631e-02 -3.581589e+00 -3.555723e-01 3.297487e-02 9.340669e-01 1.029841e+02
9.316279e-01 -4.149688e-02 3.610367e-01 1.738567e+01 5.005529e-02 9.986429e-01 -1.438177e-02 -3.610647e+00 -3.599499e-01 3.147025e-02 9.324407e-01 1.036997e+02
9.299669e-01 -4.105569e-02 3.653437e-01 1.766502e+01 4.999036e-02 9.986367e-01 -1.502603e-02 -3.635280e+00 -3.642287e-01 3.223737e-02 9.307514e-01 1.044212e+02
9.286256e-01 -4.065565e-02 3.687840e-01 1.794323e+01 4.992877e-02 9.986304e-01 -1.563289e-02 -3.658508e+00 -3.676433e-01 3.293003e-02 9.293837e-01 1.051317e+02
9.274345e-01 -3.987406e-02 3.718539e-01 1.822862e+01 4.874124e-02 9.987066e-01 -1.447294e-02 -3.683673e+00 -3.707958e-01 3.154733e-02 9.281784e-01 1.058442e+02
9.260142e-01 -4.087012e-02 3.752697e-01 1.851958e+01 4.911711e-02 9.987156e-01 -1.243243e-02 -3.706287e+00 -3.742796e-01 2.994478e-02 9.268323e-01 1.065611e+02
9.248793e-01 -3.960810e-02 3.781923e-01 1.880216e+01 4.827373e-02 9.987435e-01 -1.345623e-02 -3.728912e+00 -3.771841e-01 3.070214e-02 9.256293e-01 1.072643e+02
9.231417e-01 -4.015902e-02 3.823566e-01 1.908354e+01 4.857570e-02 9.987428e-01 -1.238038e-02 -3.752001e+00 -3.813788e-01 3.000208e-02 9.239319e-01 1.079571e+02
9.220232e-01 -3.890800e-02 3.851746e-01 1.937292e+01 4.837971e-02 9.987175e-01 -1.492598e-02 -3.771245e+00 -3.840999e-01 3.239674e-02 9.227230e-01 1.086552e+02
9.209594e-01 -3.623459e-02 3.879701e-01 1.966081e+01 4.616562e-02 9.988007e-01 -1.630417e-02 -3.792331e+00 -3.869141e-01 3.292636e-02 9.215277e-01 1.093545e+02
9.197167e-01 -3.605403e-02 3.909237e-01 1.995334e+01 4.649036e-02 9.987696e-01 -1.726242e-02 -3.816206e+00 -3.898203e-01 3.405072e-02 9.202612e-01 1.100450e+02
9.186756e-01 -3.816143e-02 3.931652e-01 2.025113e+01 4.821941e-02 9.987129e-01 -1.573305e-02 -3.840222e+00 -3.920587e-01 3.341176e-02 9.193332e-01 1.107394e+02
9.176695e-01 -3.622742e-02 3.956896e-01 2.053752e+01 4.579932e-02 9.988415e-01 -1.476711e-02 -3.866196e+00 -3.946963e-01 3.167364e-02 9.182656e-01 1.114207e+02
9.170877e-01 -3.474754e-02 3.971685e-01 2.082950e+01 4.344060e-02 9.989726e-01 -1.290888e-02 -3.888290e+00 -3.963119e-01 2.909181e-02 9.176549e-01 1.121093e+02
9.169108e-01 -3.250056e-02 3.977665e-01 2.111838e+01 4.135540e-02 9.990506e-01 -1.370028e-02 -3.907524e+00 -3.969436e-01 2.901173e-02 9.173844e-01 1.127941e+02
9.163080e-01 -3.266586e-02 3.991399e-01 2.141100e+01 4.160989e-02 9.990391e-01 -1.376209e-02 -3.928599e+00 -3.983068e-01 2.921848e-02 9.167867e-01 1.134705e+02
9.160962e-01 -3.296814e-02 3.996008e-01 2.170143e+01 4.189565e-02 9.990291e-01 -1.362440e-02 -3.950032e+00 -3.987636e-01 2.922279e-02 9.165880e-01 1.141471e+02
9.164290e-01 -3.466774e-02 3.986929e-01 2.199828e+01 4.327280e-02 9.989838e-01 -1.260103e-02 -3.970973e+00 -3.978509e-01 2.880050e-02 9.169979e-01 1.148281e+02
9.173179e-01 -3.283745e-02 3.967993e-01 2.228260e+01 4.174472e-02 9.990326e-01 -1.382939e-02 -3.993665e+00 -3.959613e-01 2.925022e-02 9.178012e-01 1.154996e+02
9.181895e-01 -3.291376e-02 3.947716e-01 2.257260e+01 4.206099e-02 9.990093e-01 -1.453704e-02 -4.018305e+00 -3.939021e-01 2.995225e-02 9.186643e-01 1.161727e+02
9.189729e-01 -3.867591e-02 3.924194e-01 2.286875e+01 4.861974e-02 9.986982e-01 -1.542906e-02 -4.039831e+00 -3.913119e-01 3.325822e-02 9.196570e-01 1.168457e+02
9.193488e-01 -4.324418e-02 3.910597e-01 2.317689e+01 5.329502e-02 9.984679e-01 -1.487953e-02 -4.051196e+00 -3.898171e-01 3.452101e-02 9.202450e-01 1.175309e+02
9.194945e-01 -3.913759e-02 3.911496e-01 2.345837e+01 4.882083e-02 9.986973e-01 -1.483799e-02 -4.069340e+00 -3.900594e-01 3.273970e-02 9.202075e-01 1.182159e+02
9.198611e-01 -3.804599e-02 3.903947e-01 2.374144e+01 4.777552e-02 9.987419e-01 -1.523771e-02 -4.092470e+00 -3.893238e-01 3.266789e-02 9.205215e-01 1.188956e+02
9.201553e-01 -3.869056e-02 3.896374e-01 2.403312e+01 4.923463e-02 9.986407e-01 -1.710704e-02 -4.117273e+00 -3.884459e-01 3.492478e-02 9.208095e-01 1.195819e+02
9.203804e-01 -3.773396e-02 3.891994e-01 2.431961e+01 4.874517e-02 9.986408e-01 -1.845179e-02 -4.137767e+00 -3.879741e-01 3.595425e-02 9.209687e-01 1.202660e+02
9.200343e-01 -3.785722e-02 3.900047e-01 2.460457e+01 4.854090e-02 9.986666e-01 -1.757043e-02 -4.164580e+00 -3.888195e-01 3.509658e-02 9.206452e-01 1.209541e+02
9.205119e-01 -3.878902e-02 3.887844e-01 2.489251e+01 4.861944e-02 9.986975e-01 -1.547457e-02 -4.185215e+00 -3.876778e-01 3.314701e-02 9.211988e-01 1.216328e+02
9.204826e-01 -3.784808e-02 3.889463e-01 2.517520e+01 4.660835e-02 9.988272e-01 -1.310846e-02 -4.205802e+00 -3.879940e-01 3.019425e-02 9.211672e-01 1.223175e+02
9.201391e-01 -4.189324e-02 3.893443e-01 2.545984e+01 5.032712e-02 9.986668e-01 -1.148228e-02 -4.222699e+00 -3.883442e-01 3.015987e-02 9.210207e-01 1.229931e+02
9.199857e-01 -4.516876e-02 3.893407e-01 2.573973e+01 5.265227e-02 9.985762e-01 -8.565450e-03 -4.240438e+00 -3.883995e-01 2.837976e-02 9.210540e-01 1.236597e+02
9.195927e-01 -4.755224e-02 3.899846e-01 2.602404e+01 5.521417e-02 9.984388e-01 -8.453039e-03 -4.253387e+00 -3.889738e-01 2.930603e-02 9.207826e-01 1.243277e+02
9.194289e-01 -4.656621e-02 3.904896e-01 2.630684e+01 5.478964e-02 9.984484e-01 -9.939383e-03 -4.273916e+00 -3.894209e-01 3.053334e-02 9.205537e-01 1.249941e+02
9.190445e-01 -4.516054e-02 3.915581e-01 2.659762e+01 5.534995e-02 9.983578e-01 -1.476842e-02 -4.291229e+00 -3.902481e-01 3.524555e-02 9.200349e-01 1.256720e+02
9.185449e-01 -4.661990e-02 3.925582e-01 2.688321e+01 5.754635e-02 9.982129e-01 -1.610543e-02 -4.312216e+00 -3.911058e-01 3.738385e-02 9.195861e-01 1.263293e+02
9.182144e-01 -4.624553e-02 3.933748e-01 2.716725e+01 5.710097e-02 9.982413e-01 -1.593071e-02 -4.332286e+00 -3.919462e-01 3.708988e-02 9.192402e-01 1.269873e+02
9.173552e-01 -4.416612e-02 3.956120e-01 2.744880e+01 5.345586e-02 9.984922e-01 -1.248314e-02 -4.352717e+00 -3.944642e-01 3.259926e-02 9.183329e-01 1.276598e+02
9.163333e-01 -3.980137e-02 3.984334e-01 2.772614e+01 4.820037e-02 9.987762e-01 -1.108074e-02 -4.374292e+00 -3.975048e-01 2.935829e-02 9.171303e-01 1.283303e+02
9.151614e-01 -4.224674e-02 4.008676e-01 2.801763e+01 5.086327e-02 9.986464e-01 -1.087279e-02 -4.394993e+00 -3.998656e-01 3.033980e-02 9.160715e-01 1.289855e+02
9.139259e-01 -4.146600e-02 4.037574e-01 2.830257e+01 5.225077e-02 9.985102e-01 -1.572505e-02 -4.415462e+00 -4.025039e-01 3.546817e-02 9.147309e-01 1.296317e+02
9.124670e-01 -3.865044e-02 4.073206e-01 2.858864e+01 5.120069e-02 9.984891e-01 -1.995209e-02 -4.434903e+00 -4.059340e-01 3.906072e-02 9.130673e-01 1.302821e+02
9.112287e-01 -3.455756e-02 4.104485e-01 2.887556e+01 4.765879e-02 9.986273e-01 -2.172730e-02 -4.459778e+00 -4.091343e-01 3.936002e-02 9.116249e-01 1.309389e+02
9.103510e-01 -3.644994e-02 4.122287e-01 2.916800e+01 4.940623e-02 9.985619e-01 -2.081243e-02 -4.475141e+00 -4.108773e-01 3.931329e-02 9.108426e-01 1.315854e+02
9.094419e-01 -3.755889e-02 4.141314e-01 2.946710e+01 4.959034e-02 9.986013e-01 -1.833518e-02 -4.497100e+00 -4.128635e-01 3.721169e-02 9.100324e-01 1.322432e+02
9.080893e-01 -4.105346e-02 4.167594e-01 2.976654e+01 5.256750e-02 9.984862e-01 -1.618361e-02 -4.521482e+00 -4.154641e-01 3.660416e-02 9.088728e-01 1.328964e+02
9.071712e-01 -4.230657e-02 4.186294e-01 3.006636e+01 5.474814e-02 9.983425e-01 -1.774715e-02 -4.540912e+00 -4.171847e-01 3.901889e-02 9.079837e-01 1.335451e+02
9.059642e-01 -4.560988e-02 4.208902e-01 3.037081e+01 5.823747e-02 9.981547e-01 -1.719057e-02 -4.559295e+00 -4.193295e-01 4.008563e-02 9.069487e-01 1.341957e+02
9.055040e-01 -4.417591e-02 4.220320e-01 3.067383e+01 5.663868e-02 9.982495e-01 -1.703182e-02 -4.579643e+00 -4.205408e-01 3.932572e-02 9.064210e-01 1.348470e+02
9.048312e-01 -4.692893e-02 4.231763e-01 3.098237e+01 6.014443e-02 9.980288e-01 -1.792193e-02 -4.602952e+00 -4.215011e-01 4.166802e-02 9.058701e-01 1.354992e+02
9.044162e-01 -4.806492e-02 4.239353e-01 3.129086e+01 6.294766e-02 9.977924e-01 -2.116378e-02 -4.631741e+00 -4.219821e-01 4.582660e-02 9.054452e-01 1.361541e+02
9.037446e-01 -4.977292e-02 4.251686e-01 3.160636e+01 6.676959e-02 9.974512e-01 -2.515847e-02 -4.651461e+00 -4.228327e-01 5.112517e-02 9.047645e-01 1.368130e+02
9.031134e-01 -4.691126e-02 4.268320e-01 3.191468e+01 6.429956e-02 9.975812e-01 -2.640853e-02 -4.674609e+00 -4.245607e-01 5.129501e-02 9.039453e-01 1.374764e+02
9.024536e-01 -4.639285e-02 4.282816e-01 3.222376e+01 6.311844e-02 9.976947e-01 -2.492651e-02 -4.698899e+00 -4.261379e-01 4.952749e-02 9.033015e-01 1.381446e+02
9.020693e-01 -4.428090e-02 4.293137e-01 3.253915e+01 6.038275e-02 9.978879e-01 -2.394996e-02 -4.727388e+00 -4.273464e-01 4.752767e-02 9.028378e-01 1.388205e+02
9.015670e-01 -4.362597e-02 4.304343e-01 3.285898e+01 6.050015e-02 9.978402e-01 -2.558624e-02 -4.758859e+00 -4.283884e-01 4.910905e-02 9.022592e-01 1.394932e+02
9.012342e-01 -4.271361e-02 4.312221e-01 3.317896e+01 6.049110e-02 9.977874e-01 -2.759032e-02 -4.787597e+00 -4.290895e-01 5.095044e-02 9.018238e-01 1.401650e+02
9.009501e-01 -4.304886e-02 4.317820e-01 3.350213e+01 6.138580e-02 9.977038e-01 -2.861521e-02 -4.818500e+00 -4.295587e-01 5.228616e-02 9.015240e-01 1.408413e+02
9.005206e-01 -4.436727e-02 4.325439e-01 3.382785e+01 6.219099e-02 9.976952e-01 -2.714004e-02 -4.849788e+00 -4.303428e-01 5.134050e-02 9.012043e-01 1.415244e+02
9.004361e-01 -4.527778e-02 4.326255e-01 3.416359e+01 6.272239e-02 9.976889e-01 -2.612968e-02 -4.881357e+00 -4.304425e-01 5.066341e-02 9.011950e-01 1.422130e+02
9.000148e-01 -4.552388e-02 4.334755e-01 3.448867e+01 6.285957e-02 9.976905e-01 -2.573571e-02 -4.909551e+00 -4.313028e-01 5.041060e-02 9.007978e-01 1.428971e+02
8.997716e-01 -4.439341e-02 4.340971e-01 3.481408e+01 6.116564e-02 9.978210e-01 -2.473740e-02 -4.936147e+00 -4.320530e-01 4.880984e-02 9.005264e-01 1.435904e+02
8.991626e-01 -4.550808e-02 4.352420e-01 3.514515e+01 6.115474e-02 9.978858e-01 -2.200199e-02 -4.963956e+00 -4.333205e-01 4.640047e-02 9.000446e-01 1.442898e+02
8.984852e-01 -4.631805e-02 4.365534e-01 3.548701e+01 6.100484e-02 9.979435e-01 -1.967490e-02 -4.995192e+00 -4.347444e-01 4.430948e-02 8.994632e-01 1.449988e+02
8.977603e-01 -4.504143e-02 4.381755e-01 3.582620e+01 5.964337e-02 9.980271e-01 -1.961059e-02 -5.023204e+00 -4.364278e-01 4.373987e-02 8.986755e-01 1.457036e+02
8.970768e-01 -4.337802e-02 4.397403e-01 3.617159e+01 5.839555e-02 9.980795e-01 -2.067262e-02 -5.048646e+00 -4.379991e-01 4.422380e-02 8.978870e-01 1.464127e+02
8.964019e-01 -3.974043e-02 4.414571e-01 3.651535e+01 5.548865e-02 9.981986e-01 -2.281374e-02 -5.077103e+00 -4.397552e-01 4.494614e-02 8.969923e-01 1.471326e+02
8.958408e-01 -3.871173e-02 4.426857e-01 3.687711e+01 5.512934e-02 9.981841e-01 -2.427385e-02 -5.102587e+00 -4.409421e-01 4.615047e-02 8.963482e-01 1.478603e+02
8.955045e-01 -3.828772e-02 4.434024e-01 3.723138e+01 5.466162e-02 9.982116e-01 -2.420033e-02 -5.123794e+00 -4.416828e-01 4.590860e-02 8.959959e-01 1.485782e+02
8.947966e-01 -3.909353e-02 4.447592e-01 3.758683e+01 5.462095e-02 9.982616e-01 -2.214474e-02 -5.148435e+00 -4.431203e-01 4.410820e-02 8.953764e-01 1.493038e+02
8.943312e-01 -3.825321e-02 4.457672e-01 3.794335e+01 5.287887e-02 9.983923e-01 -2.041315e-02 -5.178924e+00 -4.442697e-01 4.182779e-02 8.949161e-01 1.500335e+02
8.939578e-01 -3.801816e-02 4.465357e-01 3.830581e+01 5.301266e-02 9.983703e-01 -2.112905e-02 -5.207999e+00 -4.450047e-01 4.256053e-02 8.945163e-01 1.507659e+02
8.939688e-01 -3.567394e-02 4.467070e-01 3.866763e+01 5.160396e-02 9.983901e-01 -2.354077e-02 -5.238617e+00 -4.451480e-01 4.409656e-02 8.943706e-01 1.515006e+02
8.942905e-01 -3.515972e-02 4.461034e-01 3.903374e+01 5.227665e-02 9.982911e-01 -2.611701e-02 -5.260479e+00 -4.444228e-01 4.667699e-02 8.946003e-01 1.522335e+02
8.949830e-01 -3.503049e-02 4.447227e-01 3.940088e+01 5.213891e-02 9.982937e-01 -2.629215e-02 -5.290596e+00 -4.430429e-01 4.671839e-02 8.952823e-01 1.529733e+02
8.956395e-01 -3.548775e-02 4.433628e-01 3.976047e+01 5.226177e-02 9.983035e-01 -2.566783e-02 -5.320436e+00 -4.416997e-01 4.616005e-02 8.959747e-01 1.537217e+02
8.966737e-01 -3.515194e-02 4.412942e-01 4.012230e+01 5.138220e-02 9.983692e-01 -2.487788e-02 -5.353296e+00 -4.397000e-01 4.498201e-02 8.970176e-01 1.544657e+02
8.976969e-01 -3.585316e-02 4.391524e-01 4.047591e+01 5.095465e-02 9.984442e-01 -2.264465e-02 -5.382934e+00 -4.376573e-01 4.270489e-02 8.981272e-01 1.552019e+02
8.990410e-01 -3.519066e-02 4.364480e-01 4.082244e+01 4.938099e-02 9.985548e-01 -2.120695e-02 -5.408454e+00 -4.350710e-01 4.061816e-02 8.994795e-01 1.559354e+02
9.004871e-01 -3.476326e-02 4.334910e-01 4.117207e+01 4.807031e-02 9.986483e-01 -1.977071e-02 -5.441987e+00 -4.322177e-01 3.864132e-02 9.009410e-01 1.566687e+02
9.020050e-01 -3.566392e-02 4.302500e-01 4.151931e+01 4.872032e-02 9.986247e-01 -1.936339e-02 -5.466925e+00 -4.289678e-01 3.842779e-02 9.025021e-01 1.574054e+02
9.037257e-01 -3.563169e-02 4.266266e-01 4.186391e+01 4.854239e-02 9.986323e-01 -1.942226e-02 -5.487220e+00 -4.253510e-01 3.826187e-02 9.042193e-01 1.581444e+02
9.056562e-01 -3.583061e-02 4.224961e-01 4.219788e+01 4.850708e-02 9.986366e-01 -1.928770e-02 -5.515509e+00 -4.212290e-01 3.796208e-02 9.061595e-01 1.588715e+02
9.078972e-01 -3.782353e-02 4.174831e-01 4.254125e+01 5.041131e-02 9.985447e-01 -1.916198e-02 -5.542250e+00 -4.161508e-01 3.844298e-02 9.084826e-01 1.596141e+02
9.101807e-01 -3.979231e-02 4.122957e-01 4.287578e+01 5.263926e-02 9.984164e-01 -1.984483e-02 -5.563984e+00 -4.108531e-01 3.976531e-02 9.108339e-01 1.603420e+02
9.119295e-01 -3.971574e-02 4.084204e-01 4.320052e+01 5.253677e-02 9.984143e-01 -2.021708e-02 -5.596579e+00 -4.069699e-01 3.989364e-02 9.125700e-01 1.610829e+02
9.139410e-01 -3.844253e-02 4.040224e-01 4.351985e+01 5.140694e-02 9.984509e-01 -2.128577e-02 -5.624638e+00 -4.025783e-01 4.022349e-02 9.145014e-01 1.618208e+02
9.156650e-01 -3.795971e-02 4.001459e-01 4.383620e+01 5.187080e-02 9.983657e-01 -2.398776e-02 -5.649461e+00 -3.985813e-01 4.272064e-02 9.161375e-01 1.625625e+02
9.170341e-01 -3.718972e-02 3.970710e-01 4.415157e+01 5.149514e-02 9.983496e-01 -2.542230e-02 -5.678850e+00 -3.954702e-01 4.376035e-02 9.174357e-01 1.633115e+02
9.185063e-01 -3.624364e-02 3.937419e-01 4.447291e+01 5.075377e-02 9.983596e-01 -2.649825e-02 -5.707515e+00 -3.921356e-01 4.432269e-02 9.188390e-01 1.640699e+02
9.200738e-01 -3.468261e-02 3.902067e-01 4.477840e+01 4.855740e-02 9.984885e-01 -2.574587e-02 -5.740875e+00 -3.887239e-01 4.263552e-02 9.203673e-01 1.648149e+02
9.214016e-01 -3.650396e-02 3.868934e-01 4.508722e+01 4.952944e-02 9.984903e-01 -2.374725e-02 -5.767613e+00 -3.854425e-01 4.104337e-02 9.218186e-01 1.655643e+02
9.226965e-01 -3.884429e-02 3.835652e-01 4.539606e+01 5.131198e-02 9.984332e-01 -2.232204e-02 -5.796426e+00 -3.820971e-01 4.027796e-02 9.232440e-01 1.663203e+02
9.242981e-01 -3.741184e-02 3.798333e-01 4.570256e+01 4.968340e-02 9.985104e-01 -2.255242e-02 -5.825427e+00 -3.784237e-01 3.971657e-02 9.247800e-01 1.670902e+02
9.257778e-01 -3.718153e-02 3.762354e-01 4.601206e+01 4.973861e-02 9.984807e-01 -2.371351e-02 -5.854894e+00 -3.747821e-01 4.066687e-02 9.262206e-01 1.678640e+02
9.274735e-01 -3.761573e-02 3.719918e-01 4.631542e+01 5.073644e-02 9.983854e-01 -2.554280e-02 -5.881976e+00 -3.704303e-01 4.256381e-02 9.278845e-01 1.686276e+02
9.290733e-01 -3.847052e-02 3.678896e-01 4.661691e+01 5.113102e-02 9.983858e-01 -2.472493e-02 -5.913195e+00 -3.663446e-01 4.178184e-02 9.295407e-01 1.693964e+02
9.310207e-01 -3.766447e-02 3.630177e-01 4.691069e+01 5.034045e-02 9.984061e-01 -2.551821e-02 -5.944564e+00 -3.614780e-01 4.203246e-02 9.314327e-01 1.701630e+02
9.329716e-01 -3.588612e-02 3.581566e-01 4.720529e+01 4.839677e-02 9.984891e-01 -2.602470e-02 -5.976502e+00 -3.566815e-01 4.161393e-02 9.332988e-01 1.709464e+02
9.346118e-01 -3.708732e-02 3.537305e-01 4.750071e+01 4.994884e-02 9.983787e-01 -2.729646e-02 -6.004284e+00 -3.521447e-01 4.318003e-02 9.349490e-01 1.717332e+02
9.362750e-01 -3.733822e-02 3.492779e-01 4.778634e+01 4.980502e-02 9.983999e-01 -2.677728e-02 -6.037224e+00 -3.477192e-01 4.246669e-02 9.366365e-01 1.725165e+02
9.378066e-01 -3.619557e-02 3.452661e-01 4.806705e+01 4.777765e-02 9.985428e-01 -2.509187e-02 -6.069655e+00 -3.438548e-01 4.002732e-02 9.381693e-01 1.733089e+02
9.392885e-01 -3.765982e-02 3.410554e-01 4.835230e+01 4.853756e-02 9.985469e-01 -2.341461e-02 -6.099872e+00 -3.396780e-01 3.854707e-02 9.397516e-01 1.740976e+02
9.411802e-01 -3.746705e-02 3.358214e-01 4.862852e+01 4.815646e-02 9.985620e-01 -2.355635e-02 -6.125754e+00 -3.344559e-01 3.834274e-02 9.416311e-01 1.748786e+02
9.424547e-01 -3.942287e-02 3.320014e-01 4.890351e+01 4.968068e-02 9.985125e-01 -2.246244e-02 -6.158333e+00 -3.306220e-01 3.766388e-02 9.430114e-01 1.756686e+02
9.436649e-01 -3.929134e-02 3.285616e-01 4.917581e+01 4.961477e-02 9.985014e-01 -2.309236e-02 -6.187060e+00 -3.271619e-01 3.809296e-02 9.442002e-01 1.764622e+02
9.450058e-01 -3.791717e-02 3.248481e-01 4.944545e+01 4.813225e-02 9.985653e-01 -2.346476e-02 -6.212518e+00 -3.234923e-01 3.781001e-02 9.454751e-01 1.772608e+02
9.463296e-01 -3.835322e-02 3.209194e-01 4.971199e+01 4.864547e-02 9.985250e-01 -2.411195e-02 -6.245345e+00 -3.195213e-01 3.842913e-02 9.467995e-01 1.780604e+02
9.479805e-01 -3.922674e-02 3.159021e-01 4.997754e+01 4.938557e-02 9.984862e-01 -2.421381e-02 -6.272833e+00 -3.144741e-01 3.855522e-02 9.484828e-01 1.788622e+02
9.495588e-01 -4.020082e-02 3.110015e-01 5.023867e+01 5.037428e-02 9.984238e-01 -2.474549e-02 -6.302700e+00 -3.095166e-01 3.916377e-02 9.500872e-01 1.796665e+02
9.509414e-01 -3.955621e-02 3.068319e-01 5.049186e+01 4.996418e-02 9.984089e-01 -2.613724e-02 -6.335438e+00 -3.053098e-01 4.018559e-02 9.514048e-01 1.804732e+02
9.522650e-01 -3.901275e-02 3.027696e-01 5.074660e+01 4.945193e-02 9.984146e-01 -2.688658e-02 -6.366678e+00 -3.012406e-01 4.057569e-02 9.526845e-01 1.812891e+02
9.535512e-01 -3.742625e-02 2.988970e-01 5.098957e+01 4.769475e-02 9.984934e-01 -2.713149e-02 -6.399896e+00 -2.974313e-01 4.012709e-02 9.538996e-01 1.820988e+02
9.547253e-01 -3.807837e-02 2.950417e-01 5.124135e+01 4.821872e-02 9.984673e-01 -2.716776e-02 -6.431122e+00 -2.935550e-01 4.016428e-02 9.550981e-01 1.829258e+02
9.560268e-01 -3.809842e-02 2.907942e-01 5.148308e+01 4.779894e-02 9.985100e-01 -2.632590e-02 -6.467950e+00 -2.893580e-01 3.906792e-02 9.564234e-01 1.837321e+02
9.572145e-01 -3.886262e-02 2.867579e-01 5.172940e+01 4.805844e-02 9.985292e-01 -2.509707e-02 -6.503533e+00 -2.853608e-01 3.780442e-02 9.576743e-01 1.845523e+02
9.580590e-01 -4.037318e-02 2.837127e-01 5.196676e+01 4.930819e-02 9.984850e-01 -2.441956e-02 -6.541086e+00 -2.822970e-01 3.738474e-02 9.585983e-01 1.853669e+02
9.587931e-01 -4.042994e-02 2.812138e-01 5.219828e+01 4.937565e-02 9.984724e-01 -2.479554e-02 -6.575693e+00 -2.797817e-01 3.765890e-02 9.593248e-01 1.861803e+02
9.592695e-01 -4.027386e-02 2.796068e-01 5.243042e+01 4.951547e-02 9.984332e-01 -2.606492e-02 -6.607345e+00 -2.781190e-01 3.884815e-02 9.597607e-01 1.869874e+02
9.594898e-01 -4.058457e-02 2.788049e-01 5.265787e+01 4.986760e-02 9.984100e-01 -2.628153e-02 -6.635963e+00 -2.772950e-01 3.912019e-02 9.599881e-01 1.877901e+02
9.594468e-01 -4.184574e-02 2.787664e-01 5.288304e+01 5.122539e-02 9.983369e-01 -2.644471e-02 -6.670202e+00 -2.771962e-01 3.965221e-02 9.599948e-01 1.885808e+02
9.592675e-01 -4.216375e-02 2.793351e-01 5.311271e+01 5.117509e-02 9.983757e-01 -2.504283e-02 -6.702419e+00 -2.778255e-01 3.831778e-02 9.598671e-01 1.893808e+02
9.589825e-01 -4.398987e-02 2.800310e-01 5.334664e+01 5.266455e-02 9.983351e-01 -2.352506e-02 -6.736631e+00 -2.785299e-01 3.730783e-02 9.597027e-01 1.901792e+02
9.588468e-01 -4.612070e-02 2.801531e-01 5.357945e+01 5.454113e-02 9.982618e-01 -2.233085e-02 -6.764846e+00 -2.786362e-01 3.669173e-02 9.596956e-01 1.909788e+02
9.587040e-01 -4.876353e-02 2.801941e-01 5.381083e+01 5.735359e-02 9.980996e-01 -2.253531e-02 -6.794290e+00 -2.785627e-01 3.767483e-02 9.596788e-01 1.917737e+02
