1.000000e+00 0.000000e+00 0.000000e+00 0.000000e+00 0.000000e+00 1.000000e+00 0.000000e+00 0.000000e+00 0.000000e+00 0.000000e+00 1.000000e+00 0.000000e+00
1.000000e+00 -1.585876e-05 -2.189724e-04 -9.949955e-04 1.594366e-05 9.999999e-01 3.877463e-04 -2.001543e-04 2.189662e-04 -3.877498e-04 9.999999e-01 6.325796e-01
9.999999e-01 4.017049e-04 -2.532323e-04 -2.883234e-03 -4.013673e-04 9.999990e-01 1.331736e-03 -4.891719e-03 2.537670e-04 -1.331635e-03 9.999991e-01 1.277246e+00
9.999997e-01 5.481602e-04 -4.666406e-04 -1.134568e-03 -5.467450e-04 9.999953e-01 3.027582e-03 -5.453907e-03 4.682980e-04 -3.027326e-03 9.999953e-01 1.943619e+00
9.999986e-01 1.560528e-03 -5.347473e-04 -4.493349e-03 -1.557648e-03 9.999845e-01 5.345190e-03 -8.802578e-03 5.430804e-04 -5.344349e-03 9.999856e-01 2.626155e+00
9.999992e-01 1.144889e-03 -6.178401e-04 -6.217455e-03 -1.140810e-03 9.999778e-01 6.562981e-03 -1.167105e-02 6.253403e-04 -6.562271e-03 9.999783e-01 3.320988e+00
9.999997e-01 -8.494364e-05 -7.051179e-04 -6.827663e-03 9.050317e-05 9.999689e-01 7.888256e-03 -1.077770e-02 7.044259e-04 -7.888318e-03 9.999686e-01 4.027612e+00
9.999988e-01 -1.265739e-03 -8.617424e-04 -6.805714e-03 1.272917e-03 9.999641e-01 8.381259e-03 -6.978654e-03 8.511029e-04 -8.382346e-03 9.999645e-01 4.753901e+00
9.999959e-01 -2.792819e-03 -6.782574e-04 -7.098172e-03 2.799245e-03 9.999494e-01 9.665586e-03 -3.637716e-03 6.512288e-04 -9.667445e-03 9.999531e-01 5.491124e+00
9.999950e-01 -3.079705e-03 -6.587613e-04 -9.391015e-03 3.086934e-03 9.999317e-01 1.127069e-02 -6.517010e-03 6.240059e-04 -1.127266e-02 9.999363e-01 6.245798e+00
9.999905e-01 -4.244945e-03 -9.476835e-04 -4.988705e-03 4.254513e-03 9.999376e-01 1.033359e-02 -1.921390e-04 9.037588e-04 -1.033752e-02 9.999462e-01 7.037040e+00
9.999966e-01 -2.227465e-03 -1.365132e-03 -6.624102e-03 2.237074e-03 9.999724e-01 7.077896e-03 1.074001e-03 1.349329e-03 -7.080926e-03 9.999740e-01 7.819167e+00
9.999974e-01 -1.968984e-03 -1.135053e-03 -1.218873e-02 1.971728e-03 9.999951e-01 2.421198e-03 1.339813e-05 1.130280e-03 -2.423430e-03 9.999964e-01 8.619493e+00
9.999964e-01 2.245796e-03 -1.486373e-03 -2.034416e-02 -2.244155e-03 9.999969e-01 1.104536e-03 2.812109e-03 1.488849e-03 -1.101196e-03 9.999983e-01 9.436093e+00
9.999853e-01 5.334797e-03 -9.858602e-04 -3.293803e-02 -5.331605e-03 9.999806e-01 3.212278e-03 -1.841239e-03 1.002978e-03 -3.206975e-03 9.999944e-01 1.025953e+01
9.999555e-01 9.419592e-03 -6.044322e-04 -4.417173e-02 -9.414922e-03 9.999289e-01 7.312688e-03 -2.264657e-03 6.732718e-04 -7.306671e-03 9.999731e-01 1.110802e+01
9.999145e-01 1.307484e-02 -3.180822e-04 -5.401466e-02 -1.307169e-02 9.998791e-01 8.420826e-03 -3.033874e-03 4.281446e-04 -8.415948e-03 9.999645e-01 1.196637e+01
9.998999e-01 1.414504e-02 -3.718711e-04 -5.962004e-02 -1.414101e-02 9.998575e-01 9.220118e-03 -1.529618e-03 5.022370e-04 -9.213936e-03 9.999574e-01 1.282859e+01
9.998723e-01 1.598220e-02 -1.229697e-04 -6.766214e-02 -1.598068e-02 9.998395e-01 8.101547e-03 3.522873e-04 2.524305e-04 -8.098547e-03 9.999672e-01 1.369127e+01
9.998580e-01 1.684799e-02 -2.390628e-04 -7.442910e-02 -1.684583e-02 9.998320e-01 7.222889e-03 4.677120e-03 3.607138e-04 -7.217837e-03 9.999739e-01 1.455946e+01
9.998946e-01 1.451266e-02 -3.385259e-04 -7.562044e-02 -1.450974e-02 9.998670e-01 7.441909e-03 8.237876e-05 4.464828e-04 -7.436213e-03 9.999723e-01 1.544812e+01
9.998662e-01 1.635108e-02 -4.112930e-04 -8.039059e-02 -1.634701e-02 9.998304e-01 8.476843e-03 3.188145e-03 5.498288e-04 -8.468985e-03 9.999640e-01 1.635254e+01
9.998511e-01 1.725293e-02 -1.271854e-04 -8.870692e-02 -1.725129e-02 9.998173e-01 8.229809e-03 3.518104e-03 2.691504e-04 -8.226390e-03 9.999661e-01 1.726145e+01
9.998711e-01 1.605581e-02 -7.151793e-05 -9.588341e-02 -1.605510e-02 9.998534e-01 5.948933e-03 3.365482e-03 1.670224e-04 -5.947018e-03 9.999823e-01 1.816648e+01
9.998598e-01 1.674487e-02 -2.199444e-04 -9.846058e-02 -1.674392e-02 9.998528e-01 3.755019e-03 5.919140e-03 2.827893e-04 -3.750809e-03 9.999929e-01 1.907718e+01
9.998174e-01 1.910354e-02 -3.546047e-04 -1.064049e-01 -1.910181e-02 9.998080e-01 4.367616e-03 3.974825e-03 4.379735e-04 -4.360045e-03 9.999904e-01 1.998637e+01
9.998151e-01 1.922739e-02 -1.757339e-04 -1.102340e-01 -1.922589e-02 9.997950e-01 6.353714e-03 1.781005e-03 2.978632e-04 -6.349160e-03 9.999798e-01 2.091562e+01
9.997950e-01 2.024303e-02 -3.244214e-04 -1.141566e-01 -2.023979e-02 9.997632e-01 7.994502e-03 -4.831478e-03 4.861774e-04 -7.986297e-03 9.999680e-01 2.183528e+01
9.997765e-01 2.114181e-02 3.547847e-05 -1.212649e-01 -2.114112e-02 9.997272e-01 9.932692e-03 -3.300412e-03 1.745263e-04 -9.931222e-03 9.999507e-01 2.276633e+01
9.997851e-01 2.073134e-02 6.310628e-06 -1.266506e-01 -2.073016e-02 9.997249e-01 1.096973e-02 -6.246836e-03 2.211084e-04 -1.096751e-02 9.999398e-01 2.370638e+01
9.998362e-01 1.809224e-02 -3.832323e-04 -1.233076e-01 -1.808586e-02 9.997545e-01 1.279895e-02 -7.719817e-03 6.146998e-04 -1.278992e-02 9.999180e-01 2.464864e+01
9.998632e-01 1.653074e-02 -5.569607e-04 -1.243067e-01 -1.652186e-02 9.997747e-01 1.332393e-02 -3.557702e-03 7.770897e-04 -1.331290e-02 9.999111e-01 2.558730e+01
9.998684e-01 1.620969e-02 -6.409446e-04 -1.321200e-01 -1.620057e-02 9.997928e-01 1.232315e-02 -1.113781e-02 8.405663e-04 -1.231115e-02 9.999239e-01 2.651199e+01
9.998937e-01 1.456066e-02 -8.059052e-04 -1.342294e-01 -1.455337e-02 9.998587e-01 8.413910e-03 -1.429146e-02 9.283034e-04 -8.401287e-03 9.999643e-01 2.744980e+01
9.999355e-01 1.132185e-02 -9.202770e-04 -1.331646e-01 -1.131605e-02 9.999175e-01 6.079161e-03 -1.703568e-02 9.890284e-04 -6.068355e-03 9.999811e-01 2.837788e+01
9.999622e-01 8.592627e-03 -1.326364e-03 -1.316720e-01 -8.581678e-03 9.999308e-01 8.050351e-03 -2.223184e-02 1.395446e-03 -8.038664e-03 9.999667e-01 2.929991e+01
9.999878e-01 4.666702e-03 -1.644625e-03 -1.248768e-01 -4.640842e-03 9.998708e-01 1.539176e-02 -2.476678e-02 1.716241e-03 -1.538394e-02 9.998802e-01 3.025027e+01
9.999941e-01 -8.767873e-04 -3.322115e-03 -1.213935e-01 9.458764e-04 9.997821e-01 2.085254e-02 -2.191070e-02 3.303108e-03 -2.085556e-02 9.997770e-01 3.118826e+01
9.999480e-01 -8.069528e-03 -6.236344e-03 -1.167449e-01 8.203612e-03 9.997291e-01 2.178244e-02 -1.182486e-02 6.058881e-03 -2.183247e-02 9.997433e-01 3.214540e+01
9.998875e-01 -1.120111e-02 -9.977389e-03 -1.197539e-01 1.139859e-02 9.997358e-01 1.996080e-02 -5.306512e-03 9.751170e-03 -2.007228e-02 9.997510e-01 3.307683e+01
9.997769e-01 -1.493719e-02 -1.493233e-02 -1.293183e-01 1.522455e-02 9.996975e-01 1.931894e-02 6.266136e-03 1.463924e-02 -1.954197e-02 9.997019e-01 3.400132e+01
9.996428e-01 -1.590867e-02 -2.147735e-02 -1.476144e-01 1.634490e-02 9.996605e-01 2.029093e-02 1.625530e-02 2.114726e-02 -2.063473e-02 9.995634e-01 3.492523e+01
9.994560e-01 -1.528240e-02 -2.922662e-02 -1.728674e-01 1.597098e-02 9.995969e-01 2.347344e-02 2.217121e-02 2.885611e-02 -2.392745e-02 9.992972e-01 3.585618e+01
9.991261e-01 -1.604994e-02 -3.859299e-02 -2.119857e-01 1.709560e-02 9.994914e-01 2.691901e-02 3.359927e-02 3.814131e-02 -2.755526e-02 9.988924e-01 3.678619e+01
9.986486e-01 -1.556813e-02 -4.958395e-02 -2.626071e-01 1.703457e-02 9.994258e-01 2.929093e-02 4.542215e-02 4.909947e-02 -3.009599e-02 9.983404e-01 3.771515e+01
9.979269e-01 -1.608136e-02 -6.231648e-02 -3.204567e-01 1.802837e-02 9.993627e-01 3.080850e-02 6.685054e-02 6.178133e-02 -3.186810e-02 9.975808e-01 3.865404e+01
9.969185e-01 -1.577986e-02 -7.684074e-02 -3.945327e-01 1.830851e-02 9.993100e-01 3.231515e-02 8.404441e-02 7.627779e-02 -3.362241e-02 9.965196e-01 3.960349e+01
9.956701e-01 -1.549470e-02 -9.165704e-02 -4.914662e-01 1.867892e-02 9.992478e-01 3.398539e-02 9.911805e-02 9.106150e-02 -3.555029e-02 9.952105e-01 4.053134e+01
9.940716e-01 -1.504079e-02 -1.076817e-01 -5.996988e-01 1.868533e-02 9.992834e-01 3.291689e-02 1.218398e-01 1.071095e-01 -3.473381e-02 9.936403e-01 4.146086e+01
9.921838e-01 -1.461347e-02 -1.239262e-01 -7.271000e-01 1.872348e-02 9.993104e-01 3.206539e-02 1.353843e-01 1.233722e-01 -3.413509e-02 9.917732e-01 4.239875e+01
9.899221e-01 -1.470206e-02 -1.408477e-01 -8.600776e-01 1.948815e-02 9.992764e-01 3.266174e-02 1.534083e-01 1.402656e-01 -3.507744e-02 9.894924e-01 4.333524e+01
9.873158e-01 -1.474992e-02 -1.580822e-01 -1.010969e+00 2.047119e-02 9.991907e-01 3.462466e-02 1.728856e-01 1.574436e-01 -3.742160e-02 9.868187e-01 4.425983e+01
9.843971e-01 -1.691828e-02 -1.751459e-01 -1.175953e+00 2.350236e-02 9.990902e-01 3.558616e-02 1.930547e-01 1.743845e-01 -3.914726e-02 9.838992e-01 4.519165e+01
9.812357e-01 -1.840832e-02 -1.919314e-01 -1.358272e+00 2.569371e-02 9.990380e-01 3.553862e-02 2.211086e-01 1.910926e-01 -3.980319e-02 9.807647e-01 4.611569e+01
9.777581e-01 -1.938467e-02 -2.088381e-01 -1.556002e+00 2.748322e-02 9.989757e-01 3.594707e-02 2.410820e-01 2.079274e-01 -4.088709e-02 9.772893e-01 4.703115e+01
9.740562e-01 -2.018453e-02 -2.254043e-01 -1.772712e+00 2.938994e-02 9.988621e-01 3.755868e-02 2.646993e-01 2.243897e-01 -4.320889e-02 9.735411e-01 4.795191e+01
9.700261e-01 -1.890759e-02 -2.422639e-01 -2.006029e+00 2.894452e-02 9.988608e-01 3.793752e-02 2.850664e-01 2.412706e-01 -4.381260e-02 9.694684e-01 4.886588e+01
9.655384e-01 -1.970188e-02 -2.595140e-01 -2.252845e+00 3.060436e-02 9.988075e-01 3.803762e-02 3.074907e-01 2.584551e-01 -4.466904e-02 9.649900e-01 4.978303e+01
9.607197e-01 -2.093202e-02 -2.767300e-01 -2.519499e+00 3.278663e-02 9.987290e-01 3.828044e-02 3.326415e-01 2.755770e-01 -4.584982e-02 9.601849e-01 5.068690e+01
9.556672e-01 -1.955389e-02 -2.937991e-01 -2.799167e+00 3.282504e-02 9.986480e-01 4.030767e-02 3.489494e-01 2.926137e-01 -4.816468e-02 9.550170e-01 5.157304e+01
9.502330e-01 -1.881679e-02 -3.109714e-01 -3.098259e+00 3.274395e-02 9.986779e-01 3.962573e-02 3.680933e-01 3.098147e-01 -4.783611e-02 9.495928e-01 5.246934e+01
9.445049e-01 -1.870588e-02 -3.279643e-01 -3.409653e+00 3.256068e-02 9.987919e-01 3.680415e-02 3.920482e-01 3.268796e-01 -4.544044e-02 9.439729e-01 5.335595e+01
9.385712e-01 -1.894175e-02 -3.445654e-01 -3.735720e+00 3.267134e-02 9.988849e-01 3.408281e-02 4.114975e-01 3.435356e-01 -4.324656e-02 9.381434e-01 5.423414e+01
9.325893e-01 -1.615861e-02 -3.605775e-01 -4.080295e+00 3.079885e-02 9.989164e-01 3.489287e-02 4.361635e-01 3.596229e-01 -4.364609e-02 9.320764e-01 5.510296e+01
9.265924e-01 -1.297492e-02 -3.758434e-01 -4.443895e+00 2.867123e-02 9.989332e-01 3.619983e-02 4.626312e-01 3.749728e-01 -4.431838e-02 9.259759e-01 5.596046e+01
9.204289e-01 -1.127612e-02 -3.907474e-01 -4.813675e+00 2.829950e-02 9.988832e-01 3.783556e-02 4.755491e-01 3.898844e-01 -4.588290e-02 9.197200e-01 5.681552e+01
9.141735e-01 -1.023076e-02 -4.051939e-01 -5.191987e+00 2.780853e-02 9.989089e-01 3.751838e-02 4.981815e-01 4.043680e-01 -4.556616e-02 9.134606e-01 5.765599e+01
9.080529e-01 -7.638671e-03 -4.187857e-01 -5.588845e+00 2.538632e-02 9.989993e-01 3.682336e-02 5.170677e-01 4.180854e-01 -4.406899e-02 9.073382e-01 5.848484e+01
9.019057e-01 -4.419768e-03 -4.319104e-01 -5.991278e+00 2.314322e-02 9.990057e-01 3.810427e-02 5.365479e-01 4.313125e-01 -4.436225e-02 9.011112e-01 5.930576e+01
8.962089e-01 -2.533829e-03 -4.436252e-01 -6.407092e+00 2.264492e-02 9.989414e-01 4.004153e-02 5.627050e-01 4.430541e-01 -4.593142e-02 8.953175e-01 6.013598e+01
8.911829e-01 2.267151e-03 -4.536386e-01 -6.835665e+00 1.889705e-02 9.989340e-01 4.211605e-02 5.863416e-01 4.532505e-01 -4.610553e-02 8.901900e-01 6.094325e+01
8.865793e-01 7.714381e-03 -4.625124e-01 -7.264180e+00 1.317938e-02 9.990338e-01 4.192643e-02 6.112491e-01 4.623889e-01 -4.326673e-02 8.856209e-01 6.173073e+01
8.822846e-01 8.500105e-03 -4.706395e-01 -7.685191e+00 1.146849e-02 9.991520e-01 3.954485e-02 6.278973e-01 4.705765e-01 -4.028734e-02 8.814390e-01 6.251110e+01
8.789857e-01 1.091327e-02 -4.767233e-01 -8.120867e+00 8.446490e-03 9.992249e-01 3.844820e-02 6.510870e-01 4.767734e-01 -3.782206e-02 8.782122e-01 6.328282e+01
8.759975e-01 1.500927e-02 -4.820820e-01 -8.559053e+00 4.566310e-03 9.992128e-01 3.940726e-02 6.729060e-01 4.822939e-01 -3.672200e-02 8.752394e-01 6.404923e+01
8.733760e-01 1.815943e-02 -4.867079e-01 -8.985960e+00 2.925121e-03 9.990911e-01 4.252582e-02 6.920407e-01 4.870378e-01 -3.856471e-02 8.725290e-01 6.479964e+01
8.708353e-01 2.003522e-02 -4.911664e-01 -9.418349e+00 1.922284e-03 9.990226e-01 4.415945e-02 7.149729e-01 4.915711e-01 -3.939977e-02 8.699457e-01 6.555345e+01
8.681756e-01 2.093232e-02 -4.958155e-01 -9.836466e+00 8.363214e-04 9.990469e-01 4.364212e-02 7.303161e-01 4.962565e-01 -3.830368e-02 8.673306e-01 6.627469e+01
8.658034e-01 2.064010e-02 -4.999584e-01 -1.025849e+01 -1.282298e-04 9.991580e-01 4.102681e-02 7.489085e-01 5.003843e-01 -3.545704e-02 8.650771e-01 6.698831e+01
8.631436e-01 1.952868e-02 -5.045808e-01 -1.067369e+01 -7.151264e-06 9.992524e-01 3.866161e-02 7.658523e-01 5.049586e-01 -3.336691e-02 8.624984e-01 6.769190e+01
8.608567e-01 2.029247e-02 -5.084428e-01 -1.109558e+01 -1.502382e-03 9.993015e-01 3.733942e-02 7.846197e-01 5.088453e-01 -3.138001e-02 8.602858e-01 6.838953e+01
8.586623e-01 2.044531e-02 -5.121338e-01 -1.151311e+01 -9.853657e-04 9.992681e-01 3.824050e-02 7.985783e-01 5.125408e-01 -3.233103e-02 8.580540e-01 6.907340e+01
8.563926e-01 1.938750e-02 -5.159610e-01 -1.192879e+01 7.806746e-04 9.992450e-01 3.884291e-02 8.157056e-01 5.163245e-01 -3.366758e-02 8.557310e-01 6.975681e+01
8.541160e-01 2.015444e-02 -5.196920e-01 -1.235099e+01 -1.927345e-04 9.992610e-01 3.843609e-02 8.321127e-01 5.200826e-01 -3.272871e-02 8.534887e-01 7.044157e+01
8.521907e-01 2.032244e-02 -5.228366e-01 -1.277065e+01 -7.028469e-04 9.992890e-01 3.769635e-02 8.522156e-01 5.232309e-01 -3.175700e-02 8.515990e-01 7.110607e+01
8.502507e-01 1.908679e-02 -5.260318e-01 -1.318880e+01 1.053912e-03 9.992786e-01 3.796179e-02 8.751017e-01 5.263769e-01 -3.283143e-02 8.496172e-01 7.177318e+01
8.484403e-01 1.947141e-02 -5.289328e-01 -1.360441e+01 6.094547e-04 9.992865e-01 3.776398e-02 8.904353e-01 5.292907e-01 -3.236284e-02 8.478231e-01 7.243033e+01
8.473466e-01 2.351758e-02 -5.305192e-01 -1.402710e+01 -2.503245e-03 9.991847e-01 4.029504e-02 9.079052e-01 5.310343e-01 -3.281585e-02 8.467147e-01 7.308286e+01
8.460919e-01 2.496601e-02 -5.324520e-01 -1.443929e+01 -9.299218e-05 9.989094e-01 4.668985e-02 9.336773e-01 5.330370e-01 -3.945439e-02 8.451715e-01 7.373627e+01
8.449660e-01 2.497179e-02 -5.342367e-01 -1.484935e+01 4.083220e-03 9.985790e-01 5.313466e-02 9.576738e-01 5.348044e-01 -4.707839e-02 8.436634e-01 7.439190e+01
8.441306e-01 2.545495e-02 -5.355330e-01 -1.526402e+01 4.092470e-03 9.985372e-01 5.391319e-02 9.792285e-01 5.361220e-01 -4.770142e-02 8.427916e-01 7.503808e+01
8.430678e-01 2.286472e-02 -5.373210e-01 -1.567062e+01 2.155846e-03 9.989441e-01 4.589082e-02 1.001062e+00 5.378029e-01 -3.984745e-02 8.421284e-01 7.566228e+01
8.422572e-01 1.686829e-02 -5.388119e-01 -1.607426e+01 2.853888e-03 9.993568e-01 3.574745e-02 1.024782e+00 5.390683e-01 -3.164625e-02 8.416673e-01 7.629019e+01
8.417656e-01 1.271161e-02 -5.396934e-01 -1.647617e+01 4.641316e-03 9.995154e-01 3.078109e-02 1.047014e+00 5.398232e-01 -2.841535e-02 8.412987e-01 7.691666e+01
8.418421e-01 1.177518e-02 -5.395955e-01 -1.688532e+01 5.402457e-03 9.995281e-01 3.024051e-02 1.059402e+00 5.396969e-01 -2.837288e-02 8.413811e-01 7.755003e+01
8.420410e-01 1.430562e-02 -5.392238e-01 -1.729611e+01 2.229369e-03 9.995474e-01 2.999935e-02 1.066428e+00 5.394089e-01 -2.646281e-02 8.416280e-01 7.817272e+01
8.425311e-01 1.390421e-02 -5.384681e-01 -1.769898e+01 2.108402e-03 9.995740e-01 2.910976e-02 1.083225e+00 5.386435e-01 -2.566119e-02 8.421429e-01 7.878931e+01
8.433403e-01 1.525288e-02 -5.371634e-01 -1.810455e+01 2.079632e-03 9.994970e-01 3.164595e-02 1.100429e+00 5.373758e-01 -2.780540e-02 8.428844e-01 7.941123e+01
8.438139e-01 1.711571e-02 -5.363628e-01 -1.849825e+01 3.080928e-03 9.993203e-01 3.673596e-02 1.115345e+00 5.366270e-01 -3.265081e-02 8.431876e-01 8.002700e+01
8.443283e-01 1.915843e-02 -5.354836e-01 -1.889976e+01 3.480334e-03 9.991434e-01 4.123481e-02 1.135311e+00 5.358149e-01 -3.667938e-02 8.435384e-01 8.064879e+01
8.441557e-01 2.016211e-02 -5.357187e-01 -1.930195e+01 2.921836e-03 9.991047e-01 4.220600e-02 1.152457e+00 5.360901e-01 -3.719372e-02 8.433410e-01 8.127896e+01
8.436226e-01 1.928060e-02 -5.365904e-01 -1.970283e+01 1.795837e-03 9.992482e-01 3.872808e-02 1.172049e+00 5.369337e-01 -3.363551e-02 8.429537e-01 8.190058e+01
8.428984e-01 1.649826e-02 -5.378197e-01 -2.011135e+01 1.817711e-03 9.994368e-01 3.350773e-02 1.193382e+00 5.380697e-01 -2.922121e-02 8.423937e-01 8.253433e+01
8.420763e-01 1.351867e-02 -5.391890e-01 -2.052644e+01 1.863824e-03 9.996069e-01 2.797320e-02 1.213371e+00 5.393552e-01 -2.456052e-02 8.417201e-01 8.317647e+01
8.411026e-01 1.421994e-02 -5.406887e-01 -2.095106e+01 -4.924817e-05 9.996564e-01 2.621403e-02 1.223793e+00 5.408756e-01 -2.202206e-02 8.408142e-01 8.381948e+01
8.398923e-01 1.946108e-02 -5.424041e-01 -2.139063e+01 -4.712119e-03 9.995808e-01 2.856772e-02 1.241830e+00 5.427327e-01 -2.143793e-02 8.396318e-01 8.447691e+01
8.382983e-01 2.634149e-02 -5.445751e-01 -2.183658e+01 -9.309603e-03 9.993781e-01 3.400979e-02 1.263373e+00 5.451323e-01 -2.344057e-02 8.380223e-01 8.515100e+01
8.369267e-01 2.959387e-02 -5.465143e-01 -2.228837e+01 -1.005073e-02 9.991997e-01 3.871529e-02 1.280415e+00 5.472227e-01 -2.690899e-02 8.365544e-01 8.582848e+01
8.357374e-01 3.047481e-02 -5.482830e-01 -2.274622e+01 -1.106203e-02 9.991906e-01 3.867562e-02 1.300910e+00 5.490178e-01 -2.625754e-02 8.353981e-01 8.650817e+01
8.344071e-01 2.995914e-02 -5.503338e-01 -2.320973e+01 -1.229285e-02 9.992848e-01 3.576096e-02 1.323894e+00 5.510115e-01 -2.307403e-02 8.341786e-01 8.719892e+01
8.330515e-01 2.992630e-02 -5.523854e-01 -2.367853e+01 -1.430961e-02 9.993673e-01 3.256191e-02 1.348659e+00 5.530104e-01 -1.922132e-02 8.329526e-01 8.788600e+01
8.312073e-01 2.963374e-02 -5.551722e-01 -2.415890e+01 -1.488422e-02 9.994067e-01 3.106114e-02 1.368757e+00 5.557633e-01 -1.755494e-02 8.311552e-01 8.859735e+01
8.296100e-01 2.632653e-02 -5.577223e-01 -2.463929e+01 -1.088465e-02 9.994605e-01 3.098730e-02 1.383137e+00 5.582372e-01 -1.963676e-02 8.294490e-01 8.931533e+01
8.278349e-01 2.257603e-02 -5.605173e-01 -2.513442e+01 -7.148527e-03 9.995333e-01 2.970058e-02 1.403493e+00 5.609262e-01 -2.058030e-02 8.276099e-01 9.005399e+01
8.259427e-01 1.940298e-02 -5.634201e-01 -2.563562e+01 -4.505184e-03 9.996028e-01 2.781982e-02 1.420049e+00 5.637361e-01 -2.043927e-02 8.257020e-01 9.079178e+01
8.239736e-01 1.543929e-02 -5.664178e-01 -2.614566e+01 -1.642503e-03 9.996896e-01 2.485995e-02 1.435755e+00 5.666258e-01 -1.955360e-02 8.237432e-01 9.153744e+01
8.216025e-01 1.464484e-02 -5.698726e-01 -2.666825e+01 -1.590594e-03 9.997250e-01 2.339817e-02 1.449923e+00 5.700585e-01 -1.831756e-02 8.213999e-01 9.228425e+01
8.192256e-01 1.393501e-02 -5.733021e-01 -2.719976e+01 -1.219311e-03 9.997448e-01 2.255802e-02 1.468534e+00 5.734701e-01 -1.778107e-02 8.190335e-01 9.303812e+01
8.168666e-01 1.389521e-02 -5.766593e-01 -2.773943e+01 -9.226603e-04 9.997400e-01 2.278280e-02 1.479183e+00 5.768259e-01 -1.807844e-02 8.166670e-01 9.379537e+01
8.146845e-01 1.540157e-02 -5.796998e-01 -2.828270e+01 -2.385733e-03 9.997278e-01 2.320815e-02 1.495270e+00 5.798995e-01 -1.752431e-02 8.144995e-01 9.455021e+01
8.132808e-01 1.649992e-02 -5.816374e-01 -2.883728e+01 -3.653007e-03 9.997230e-01 2.325234e-02 1.510063e+00 5.818599e-01 -1.678596e-02 8.131158e-01 9.531152e+01
8.126669e-01 1.671790e-02 -5.824887e-01 -2.939766e+01 -5.504994e-03 9.997640e-01 2.101368e-02 1.528368e+00 5.827026e-01 -1.387052e-02 8.125671e-01 9.608129e+01
8.126689e-01 1.659910e-02 -5.824893e-01 -2.996534e+01 -7.588867e-03 9.998109e-01 1.790372e-02 1.543600e+00 5.826763e-01 -1.012936e-02 8.126412e-01 9.686125e+01
8.130354e-01 1.807761e-02 -5.819336e-01 -3.053728e+01 -1.012046e-02 9.998056e-01 1.691912e-02 1.556262e+00 5.821263e-01 -7.866412e-03 8.130603e-01 9.763995e+01
8.136722e-01 1.850683e-02 -5.810293e-01 -3.111101e+01 -9.310304e-03 9.997798e-01 1.880666e-02 1.567634e+00 5.812494e-01 -9.892895e-03 8.136653e-01 9.843488e+01
8.145227e-01 1.903457e-02 -5.798193e-01 -3.168740e+01 -9.006440e-03 9.997560e-01 2.016831e-02 1.571226e+00 5.800618e-01 -1.120544e-02 8.144954e-01 9.923191e+01
8.154273e-01 1.672373e-02 -5.786179e-01 -3.226942e+01 -7.626487e-03 9.998062e-01 1.814953e-02 1.581370e+00 5.788093e-01 -1.038680e-02 8.153968e-01 1.000456e+02
8.162646e-01 1.253325e-02 -5.775423e-01 -3.284566e+01 -4.653497e-03 9.998748e-01 1.512131e-02 1.586959e+00 5.776595e-01 -9.655398e-03 8.162207e-01 1.008491e+02
8.168546e-01 9.937133e-03 -5.767580e-01 -3.342461e+01 -2.689885e-03 9.999064e-01 1.341803e-02 1.593830e+00 5.768373e-01 -9.409167e-03 8.168048e-01 1.016585e+02
8.176768e-01 6.352809e-03 -5.756424e-01 -3.400736e+01 -5.008166e-04 9.999466e-01 1.032405e-02 1.598320e+00 5.756773e-01 -8.153449e-03 8.176363e-01 1.024820e+02
8.184045e-01 9.644174e-04 -5.746418e-01 -3.458490e+01 3.076855e-03 9.999769e-01 6.060309e-03 1.595053e+00 5.746344e-01 -6.727873e-03 8.183826e-01 1.033025e+02
8.190018e-01 3.467049e-03 -5.737805e-01 -3.517415e+01 -8.103122e-04 9.999877e-01 4.885770e-03 1.595501e+00 5.737904e-01 -3.536514e-03 8.189946e-01 1.041258e+02
8.197231e-01 7.734622e-03 -5.727078e-01 -3.577024e+01 -1.961919e-03 9.999409e-01 1.069644e-02 1.598707e+00 5.727567e-01 -7.644512e-03 8.196898e-01 1.049651e+02
8.200120e-01 1.828559e-02 -5.720542e-01 -3.635598e+01 -5.076174e-03 9.996826e-01 2.467819e-02 1.596236e+00 5.723238e-01 -1.733257e-02 8.198445e-01 1.057943e+02
8.210973e-01 2.569057e-02 -5.702098e-01 -3.695232e+01 -7.757974e-03 9.993966e-01 3.385599e-02 1.609803e+00 5.707355e-01 -2.337539e-02 8.208012e-01 1.066314e+02
8.220436e-01 3.171551e-02 -5.685406e-01 -3.754555e+01 -1.258288e-02 9.992156e-01 3.754693e-02 1.633842e+00 5.692855e-01 -2.371134e-02 8.217979e-01 1.074631e+02
8.228149e-01 3.195134e-02 -5.674106e-01 -3.813165e+01 -1.390369e-02 9.992512e-01 3.610657e-02 1.653648e+00 5.681394e-01 -2.181992e-02 8.226430e-01 1.082945e+02
8.235896e-01 2.384077e-02 -5.666849e-01 -3.871736e+01 -5.365325e-03 9.993990e-01 3.424764e-02 1.677899e+00 5.671608e-01 -2.516555e-02 8.232225e-01 1.091538e+02
8.237319e-01 2.174898e-02 -5.665623e-01 -3.929648e+01 -5.745875e-03 9.995329e-01 3.001570e-02 1.693080e+00 5.669504e-01 -2.146949e-02 8.234721e-01 1.099891e+02
8.241490e-01 1.780591e-02 -5.660931e-01 -3.988088e+01 -5.553067e-03 9.997117e-01 2.336050e-02 1.713649e+00 5.663458e-01 -1.610898e-02 8.240103e-01 1.108357e+02
8.253671e-01 1.496224e-02 -5.643982e-01 -4.047844e+01 -6.592298e-03 9.998360e-01 1.686526e-02 1.728190e+00 5.645580e-01 -1.019935e-02 8.253304e-01 1.116893e+02
8.259435e-01 1.969772e-02 -5.634087e-01 -4.106021e+01 -1.177411e-02 9.997741e-01 1.769323e-02 1.733478e+00 5.636300e-01 -7.979969e-03 8.259888e-01 1.125215e+02
8.264345e-01 2.547883e-02 -5.624560e-01 -4.165803e+01 -1.522070e-02 9.996215e-01 2.291783e-02 1.743770e+00 5.628271e-01 -1.037911e-02 8.265095e-01 1.133817e+02
8.272899e-01 2.686016e-02 -5.611328e-01 -4.225462e+01 -1.038624e-02 9.994169e-01 3.252717e-02 1.765968e+00 5.616792e-01 -2.108134e-02 8.270865e-01 1.142522e+02
8.276861e-01 3.013465e-02 -5.603817e-01 -4.284575e+01 -7.818355e-03 9.990795e-01 4.217798e-02 1.795467e+00 5.611369e-01 -3.052886e-02 8.271598e-01 1.151222e+02
8.278645e-01 2.814206e-02 -5.602218e-01 -4.342912e+01 -3.507495e-03 9.989809e-01 4.499940e-02 1.825425e+00 5.609172e-01 -3.528843e-02 8.271195e-01 1.159802e+02
8.278424e-01 2.316512e-02 -5.604823e-01 -4.401116e+01 -3.301172e-04 9.991669e-01 4.080867e-02 1.855842e+00 5.609607e-01 -3.359812e-02 8.271603e-01 1.168418e+02
8.280693e-01 1.551683e-02 -5.604109e-01 -4.459209e+01 3.741416e-03 9.994417e-01 3.320120e-02 1.888968e+00 5.606132e-01 -2.958963e-02 8.275490e-01 1.176966e+02
8.274596e-01 1.539301e-02 -5.613143e-01 -4.517959e+01 3.208655e-05 9.996229e-01 2.746011e-02 1.908352e+00 5.615253e-01 -2.274014e-02 8.271470e-01 1.185546e+02
8.276137e-01 1.473231e-02 -5.611047e-01 -4.576903e+01 -2.243983e-03 9.997343e-01 2.293911e-02 1.927392e+00 5.612936e-01 -1.772561e-02 8.274269e-01 1.194084e+02
8.274082e-01 1.508815e-02 -5.613982e-01 -4.636441e+01 -4.815525e-03 9.997929e-01 1.977317e-02 1.945023e+00 5.615803e-01 -1.365706e-02 8.273095e-01 1.202649e+02
8.271581e-01 1.719671e-02 -5.617060e-01 -4.694902e+01 -6.056343e-03 9.997464e-01 2.168893e-02 1.958964e+00 5.619366e-01 -1.453829e-02 8.270525e-01 1.211177e+02
8.269769e-01 2.076814e-02 -5.618522e-01 -4.753314e+01 -4.549170e-03 9.995320e-01 3.025059e-02 1.971627e+00 5.622175e-01 -2.246058e-02 8.266843e-01 1.219784e+02
8.267447e-01 2.344924e-02 -5.620884e-01 -4.812297e+01 -3.990091e-03 9.993502e-01 3.582215e-02 1.989026e+00 5.625632e-01 -2.737299e-02 8.263010e-01 1.228407e+02
8.265643e-01 2.269565e-02 -5.623845e-01 -4.871134e+01 -1.338101e-03 9.992631e-01 3.835969e-02 2.011743e+00 5.628407e-01 -3.095423e-02 8.259856e-01 1.237018e+02
8.263154e-01 2.080018e-02 -5.628235e-01 -4.930279e+01 -7.262540e-04 9.993563e-01 3.586680e-02 2.035577e+00 5.632072e-01 -2.922854e-02 8.257986e-01 1.245574e+02
8.260875e-01 1.649803e-02 -5.633003e-01 -4.989111e+01 2.529381e-03 9.994528e-01 3.298151e-02 2.059775e+00 5.635361e-01 -2.867042e-02 8.255937e-01 1.254215e+02
8.255282e-01 1.421222e-02 -5.641819e-01 -5.047953e+01 4.164165e-03 9.995023e-01 3.127145e-02 2.085371e+00 5.643455e-01 -2.816481e-02 8.250581e-01 1.262812e+02
8.249052e-01 1.701477e-02 -5.650150e-01 -5.107510e+01 3.211486e-03 9.993897e-01 3.478413e-02 2.108511e+00 5.652620e-01 -3.050815e-02 8.243471e-01 1.271420e+02
8.246564e-01 1.958284e-02 -5.652949e-01 -5.167051e+01 2.777880e-03 9.992482e-01 3.866815e-02 2.132765e+00 5.656272e-01 -3.345826e-02 8.239821e-01 1.279981e+02
8.240111e-01 2.199453e-02 -5.661466e-01 -5.226544e+01 -4.794459e-06 9.992465e-01 3.881328e-02 2.157029e+00 5.665737e-01 -3.197986e-02 8.233903e-01 1.288494e+02
8.234997e-01 2.310631e-02 -5.668460e-01 -5.285986e+01 -4.724710e-03 9.994149e-01 3.387514e-02 2.180849e+00 5.672971e-01 -2.521799e-02 8.231270e-01 1.296980e+02
8.235152e-01 2.253037e-02 -5.668466e-01 -5.345721e+01 -6.178048e-03 9.995080e-01 3.075182e-02 2.206430e+00 5.672605e-01 -2.182259e-02 8.232492e-01 1.305375e+02
8.232965e-01 2.393129e-02 -5.671068e-01 -5.405421e+01 -6.809996e-03 9.994554e-01 3.228953e-02 2.230882e+00 5.675706e-01 -2.272187e-02 8.230111e-01 1.313982e+02
8.230763e-01 2.565546e-02 -5.673510e-01 -5.464657e+01 -6.355496e-03 9.993327e-01 3.596941e-02 2.248695e+00 5.678952e-01 -2.599978e-02 8.226901e-01 1.322377e+02
8.224944e-01 2.469348e-02 -5.682369e-01 -5.523839e+01 -5.531085e-03 9.993571e-01 3.542240e-02 2.271295e+00 5.687463e-01 -2.599176e-02 8.221022e-01 1.330876e+02
8.225463e-01 2.018735e-02 -5.683398e-01 -5.582651e+01 -7.548218e-04 9.994076e-01 3.440638e-02 2.295176e+00 5.686977e-01 -2.787185e-02 8.220743e-01 1.339367e+02
8.222290e-01 1.971572e-02 -5.688152e-01 -5.642592e+01 4.301577e-04 9.993780e-01 3.526128e-02 2.321130e+00 5.691566e-01 -2.923753e-02 8.217092e-01 1.347829e+02
8.220652e-01 2.198594e-02 -5.689687e-01 -5.701624e+01 -1.760444e-03 9.993476e-01 3.607298e-02 2.341074e+00 5.693907e-01 -2.865271e-02 8.215676e-01 1.356207e+02
8.215611e-01 2.337106e-02 -5.696412e-01 -5.760003e+01 -4.042192e-03 9.993731e-01 3.517213e-02 2.359647e+00 5.701061e-01 -2.659346e-02 8.211406e-01 1.364368e+02
8.210279e-01 2.309907e-02 -5.704206e-01 -5.818294e+01 -3.751462e-03 9.993778e-01 3.506999e-02 2.382097e+00 5.708757e-01 -2.665353e-02 8.206037e-01 1.372609e+02
8.208309e-01 2.653694e-02 -5.705545e-01 -5.877140e+01 -4.610887e-03 9.991954e-01 3.983989e-02 2.399934e+00 5.711527e-01 -3.007105e-02 8.202928e-01 1.380912e+02
8.208447e-01 2.850404e-02 -5.704397e-01 -5.936861e+01 -6.140613e-03 9.991366e-01 4.108925e-02 2.425677e+00 5.711184e-01 -3.022504e-02 8.203110e-01 1.389180e+02
8.205738e-01 2.685149e-02 -5.709094e-01 -5.994351e+01 -5.745573e-03 9.992329e-01 3.873859e-02 2.443716e+00 5.715117e-01 -2.850767e-02 8.200986e-01 1.397302e+02
8.200939e-01 2.473658e-02 -5.716940e-01 -6.051703e+01 -5.892910e-03 9.993773e-01 3.478860e-02 2.468413e+00 5.721986e-01 -2.516098e-02 8.197290e-01 1.405478e+02
8.199722e-01 2.541487e-02 -5.718389e-01 -6.109068e+01 -6.261870e-03 9.993523e-01 3.543629e-02 2.490754e+00 5.723691e-01 -2.547599e-02 8.196003e-01 1.413577e+02
8.198558e-01 3.089281e-02 -5.717360e-01 -6.166707e+01 -1.075378e-02 9.991981e-01 3.856936e-02 2.512492e+00 5.724691e-01 -2.547299e-02 8.195305e-01 1.421552e+02
8.199926e-01 3.120105e-02 -5.715231e-01 -6.224062e+01 -1.086809e-02 9.991819e-01 3.895515e-02 2.539311e+00 5.722710e-01 -2.573157e-02 8.196608e-01 1.429586e+02
8.195455e-01 2.890100e-02 -5.722848e-01 -6.279939e+01 -9.901541e-03 9.992924e-01 3.628575e-02 2.554856e+00 5.729286e-01 -2.407132e-02 8.192518e-01 1.437558e+02
8.193403e-01 2.488671e-02 -5.727671e-01 -6.334536e+01 -7.390798e-03 9.994329e-01 3.285283e-02 2.576704e+00 5.732599e-01 -2.268444e-02 8.190595e-01 1.445360e+02
8.192459e-01 2.315385e-02 -5.729747e-01 -6.390222e+01 -5.907453e-03 9.994723e-01 3.194203e-02 2.590720e+00 5.734119e-01 -2.278355e-02 8.189504e-01 1.453260e+02
8.192761e-01 2.030971e-02 -5.730395e-01 -6.444715e+01 -1.261433e-03 9.994339e-01 3.361854e-02 2.603111e+00 5.733979e-01 -2.682001e-02 8.188379e-01 1.461038e+02
8.190460e-01 1.856896e-02 -5.734273e-01 -6.498327e+01 1.881214e-03 9.993838e-01 3.504947e-02 2.619330e+00 5.737248e-01 -2.978586e-02 8.185063e-01 1.468769e+02
8.192504e-01 1.760480e-02 -5.731656e-01 -6.552588e+01 4.103965e-03 9.993230e-01 3.656022e-02 2.635995e+00 5.734212e-01 -3.230423e-02 8.186236e-01 1.476503e+02
8.197848e-01 1.664981e-02 -5.724296e-01 -6.606064e+01 7.302672e-03 9.991921e-01 3.952097e-02 2.651243e+00 5.726252e-01 -3.657896e-02 8.190009e-01 1.484202e+02
8.198710e-01 1.800729e-02 -5.722651e-01 -6.658879e+01 6.873205e-03 9.991237e-01 4.128619e-02 2.667039e+00 5.725071e-01 -3.778264e-02 8.190288e-01 1.491722e+02
8.201973e-01 1.546640e-02 -5.718716e-01 -6.711260e+01 8.025638e-03 9.992250e-01 3.853492e-02 2.684054e+00 5.720244e-01 -3.619587e-02 8.194376e-01 1.499187e+02
8.204276e-01 1.132076e-02 -5.716384e-01 -6.761943e+01 9.869613e-03 9.993746e-01 3.395675e-02 2.710167e+00 5.716653e-01 -3.350090e-02 8.198027e-01 1.506655e+02
8.215416e-01 1.237083e-02 -5.700144e-01 -6.813102e+01 8.287930e-03 9.993998e-01 3.363474e-02 2.735066e+00 5.700884e-01 -3.235657e-02 8.209460e-01 1.513917e+02
8.230599e-01 1.794291e-02 -5.676711e-01 -6.864355e+01 4.466141e-03 9.992655e-01 3.806013e-02 2.753119e+00 5.679370e-01 -3.386106e-02 8.223752e-01 1.521173e+02
8.251197e-01 1.914933e-02 -5.646333e-01 -6.914142e+01 4.304008e-03 9.991833e-01 4.017653e-02 2.771904e+00 5.649415e-01 -3.558064e-02 8.243634e-01 1.528408e+02
8.276933e-01 1.832988e-02 -5.608813e-01 -6.963767e+01 3.697134e-03 9.992666e-01 3.811240e-02 2.795338e+00 5.611686e-01 -3.361903e-02 8.270185e-01 1.535589e+02
8.312022e-01 1.853285e-02 -5.556612e-01 -7.010725e+01 3.269805e-03 9.992640e-01 3.821946e-02 2.820567e+00 5.559606e-01 -3.358501e-02 8.305299e-01 1.542479e+02
8.346854e-01 2.047070e-02 -5.503464e-01 -7.055896e+01 3.852168e-03 9.990675e-01 4.300375e-02 2.840522e+00 5.507136e-01 -3.801463e-02 8.338282e-01 1.549333e+02
8.386082e-01 1.953335e-02 -5.443847e-01 -7.099864e+01 6.488842e-03 9.989278e-01 4.583892e-02 2.855794e+00 5.446963e-01 -4.197332e-02 8.375823e-01 1.556107e+02
8.429712e-01 1.507388e-02 -5.377474e-01 -7.141774e+01 1.007208e-02 9.989899e-01 4.379216e-02 2.876392e+00 5.378644e-01 -4.233177e-02 8.419679e-01 1.562731e+02
8.472873e-01 1.108741e-02 -5.310190e-01 -7.181876e+01 1.169628e-02 9.991502e-01 3.952419e-02 2.894849e+00 5.310060e-01 -3.969930e-02 8.464376e-01 1.569241e+02
8.522665e-01 7.006911e-03 -5.230609e-01 -7.220225e+01 1.511112e-02 9.991632e-01 3.800656e-02 2.913356e+00 5.228896e-01 -4.029575e-02 8.514474e-01 1.575580e+02
8.572013e-01 4.068652e-03 -5.149655e-01 -7.256693e+01 1.840965e-02 9.990875e-01 3.853795e-02 2.927484e+00 5.146524e-01 -4.251512e-02 8.563442e-01 1.581749e+02
8.623754e-01 3.316938e-04 -5.062692e-01 -7.291573e+01 2.313635e-02 9.989292e-01 4.006477e-02 2.936305e+00 5.057404e-01 -4.626410e-02 8.614443e-01 1.587847e+02
8.676343e-01 -1.849059e-03 -4.971994e-01 -7.324894e+01 2.614259e-02 9.987795e-01 4.190553e-02 2.949410e+00 4.965151e-01 -4.935675e-02 8.666237e-01 1.593825e+02
8.726258e-01 -4.473924e-03 -4.883690e-01 -7.356811e+01 2.863447e-02 9.987065e-01 4.201544e-02 2.962475e+00 4.875493e-01 -5.064794e-02 8.716252e-01 1.599697e+02
8.775451e-01 -8.070731e-03 -4.794262e-01 -7.387171e+01 3.047206e-02 9.987759e-01 3.896273e-02 2.973560e+00 4.785249e-01 -4.880066e-02 8.767168e-01 1.605477e+02
8.827839e-01 -9.704483e-03 -4.696791e-01 -7.415972e+01 3.046754e-02 9.988645e-01 3.662669e-02 2.986960e+00 4.687903e-01 -4.664342e-02 8.820771e-01 1.611053e+02
8.872665e-01 -1.245469e-02 -4.610890e-01 -7.443927e+01 3.137655e-02 9.989496e-01 3.339432e-02 3.001461e+00 4.601888e-01 -4.409704e-02 8.867253e-01 1.616584e+02
8.913293e-01 -1.598898e-02 -4.530744e-01 -7.470790e+01 3.345498e-02 9.989728e-01 3.056197e-02 3.016316e+00 4.521204e-01 -4.239838e-02 8.909487e-01 1.622053e+02
8.957250e-01 -1.417062e-02 -4.443827e-01 -7.497051e+01 3.063313e-02 9.990838e-01 2.988689e-02 3.024642e+00 4.435520e-01 -4.038327e-02 8.953384e-01 1.627346e+02
8.996289e-01 -7.770468e-03 -4.365861e-01 -7.523678e+01 2.256657e-02 9.993329e-01 2.871427e-02 3.032034e+00 4.360718e-01 -3.568444e-02 8.992041e-01 1.632479e+02
9.024731e-01 -7.709294e-03 -4.306772e-01 -7.548787e+01 2.098542e-02 9.994395e-01 2.608405e-02 3.040629e+00 4.302347e-01 -3.257810e-02 9.021290e-01 1.637730e+02
9.041064e-01 -7.614197e-03 -4.272395e-01 -7.573755e+01 2.130896e-02 9.994006e-01 2.728197e-02 3.052928e+00 4.267757e-01 -3.376983e-02 9.037268e-01 1.642978e+02
9.045718e-01 -8.838935e-03 -4.262296e-01 -7.598341e+01 2.451523e-02 9.992091e-01 3.130670e-02 3.067086e+00 4.256158e-01 -3.876827e-02 9.040731e-01 1.648285e+02
9.036264e-01 -5.448549e-03 -4.282869e-01 -7.623164e+01 2.192533e-02 9.991966e-01 3.354793e-02 3.078762e+00 4.277600e-01 -3.970513e-02 9.030199e-01 1.653417e+02
9.016374e-01 -1.972317e-03 -4.324882e-01 -7.648701e+01 1.882260e-02 9.992211e-01 3.468391e-02 3.082045e+00 4.320829e-01 -3.941287e-02 9.009722e-01 1.658475e+02
8.973744e-01 -3.329490e-03 -4.412573e-01 -7.674137e+01 1.970497e-02 9.992764e-01 3.253352e-02 3.088769e+00 4.408297e-01 -3.788971e-02 8.967907e-01 1.663452e+02
8.903212e-01 -9.404835e-03 -4.552358e-01 -7.699762e+01 2.493273e-02 9.992936e-01 2.811718e-02 3.099760e+00 4.546499e-01 -3.638359e-02 8.899268e-01 1.668378e+02
8.801914e-01 -1.876330e-02 -4.742479e-01 -7.725571e+01 3.435081e-02 9.991162e-01 2.422482e-02 3.114290e+00 4.733742e-01 -3.761328e-02 8.800580e-01 1.673215e+02
8.672647e-01 -2.205727e-02 -4.973585e-01 -7.753330e+01 3.828528e-02 9.990145e-01 2.245450e-02 3.126674e+00 4.963731e-01 -3.851550e-02 8.672545e-01 1.677881e+02
8.514246e-01 -1.763229e-02 -5.241806e-01 -7.783767e+01 3.520757e-02 9.991018e-01 2.357991e-02 3.130868e+00 5.232940e-01 -3.853164e-02 8.512806e-01 1.682427e+02
8.330773e-01 -1.256948e-02 -5.530138e-01 -7.816768e+01 3.172383e-02 9.991820e-01 2.507930e-02 3.141136e+00 5.522462e-01 -3.843671e-02 8.327946e-01 1.686961e+02
8.134386e-01 -6.234470e-03 -5.816174e-01 -7.851771e+01 2.807297e-02 9.991980e-01 2.855169e-02 3.150877e+00 5.809730e-01 -3.955278e-02 8.129612e-01 1.691438e+02
7.916037e-01 -1.813650e-03 -6.110322e-01 -7.888486e+01 2.892007e-02 9.989861e-01 3.450133e-02 3.166214e+00 6.103501e-01 -4.498248e-02 7.908535e-01 1.695856e+02
7.674604e-01 4.566008e-03 -6.410801e-01 -7.927372e+01 2.984016e-02 9.986364e-01 4.283540e-02 3.176024e+00 6.404015e-01 -5.200441e-02 7.662776e-01 1.700201e+02
7.419022e-01 9.936361e-03 -6.704345e-01 -7.968968e+01 2.683342e-02 9.986492e-01 4.449459e-02 3.185758e+00 6.699710e-01 -5.100068e-02 7.406334e-01 1.704359e+02
7.147026e-01 1.047206e-02 -6.993501e-01 -8.011884e+01 2.480682e-02 9.988793e-01 4.030860e-02 3.194724e+00 6.989885e-01 -4.615732e-02 7.136418e-01 1.708323e+02
6.851037e-01 6.380192e-03 -7.284176e-01 -8.056021e+01 2.435765e-02 9.992018e-01 3.166125e-02 3.211058e+00 7.280382e-01 -3.943378e-02 6.844014e-01 1.712125e+02
6.535482e-01 -8.972019e-05 -7.568849e-01 -8.102574e+01 2.775677e-02 9.993302e-01 2.384871e-02 3.233794e+00 7.563757e-01 -3.659497e-02 6.531130e-01 1.715921e+02
6.213608e-01 5.020657e-03 -7.835085e-01 -8.151522e+01 2.289034e-02 9.994363e-01 2.455747e-02 3.250757e+00 7.831901e-01 -3.319382e-02 6.208957e-01 1.719484e+02
5.880816e-01 1.347284e-02 -8.086894e-01 -8.204521e+01 1.941776e-02 9.993379e-01 3.076971e-02 3.266895e+00 8.085685e-01 -3.379803e-02 5.874306e-01 1.722964e+02
5.540152e-01 1.824706e-02 -8.323065e-01 -8.258806e+01 1.921670e-02 9.992131e-01 3.469760e-02 3.274309e+00 8.322847e-01 -3.521718e-02 5.532286e-01 1.726321e+02
5.186232e-01 1.785400e-02 -8.548165e-01 -8.315187e+01 1.819269e-02 9.993252e-01 3.190990e-02 3.286269e+00 8.548093e-01 -3.210062e-02 5.179484e-01 1.729436e+02
4.811480e-01 1.329329e-02 -8.765386e-01 -8.372393e+01 2.052502e-02 9.994401e-01 2.642373e-02 3.305362e+00 8.763990e-01 -3.070470e-02 4.806058e-01 1.732367e+02
4.419540e-01 1.017669e-02 -8.969800e-01 -8.433007e+01 2.232888e-02 9.995010e-01 2.234157e-02 3.326926e+00 8.967598e-01 -2.990251e-02 4.415062e-01 1.735171e+02
4.019752e-01 1.037604e-02 -9.155918e-01 -8.495272e+01 2.329880e-02 9.994961e-01 2.155584e-02 3.339494e+00 9.153541e-01 -2.999711e-02 4.015309e-01 1.737668e+02
3.607797e-01 1.334950e-02 -9.325555e-01 -8.559564e+01 2.314508e-02 9.994615e-01 2.326145e-02 3.350255e+00 9.323638e-01 -2.997633e-02 3.602765e-01 1.739950e+02
3.180794e-01 1.464592e-02 -9.479509e-01 -8.625381e+01 2.394509e-02 9.994376e-01 2.347603e-02 3.365718e+00 9.477616e-01 -3.016602e-02 3.175499e-01 1.741970e+02
2.762345e-01 1.554247e-02 -9.609646e-01 -8.694821e+01 2.254794e-02 9.994892e-01 2.264708e-02 3.383353e+00 9.608257e-01 -2.792367e-02 2.757429e-01 1.743776e+02
2.353242e-01 1.890227e-02 -9.717331e-01 -8.763999e+01 1.966218e-02 9.995137e-01 2.420424e-02 3.395043e+00 9.717180e-01 -2.480223e-02 2.348380e-01 1.745232e+02
1.965927e-01 1.790282e-02 -9.803218e-01 -8.834742e+01 1.750759e-02 9.996098e-01 2.176601e-02 3.409344e+00 9.803289e-01 -2.144211e-02 1.962025e-01 1.746416e+02
1.589994e-01 1.562598e-02 -9.871550e-01 -8.906780e+01 1.842814e-02 9.996536e-01 1.879201e-02 3.420425e+00 9.871067e-01 -2.117935e-02 1.586563e-01 1.747388e+02
1.239424e-01 1.377019e-02 -9.921939e-01 -8.980534e+01 1.917521e-02 9.996838e-01 1.626946e-02 3.435454e+00 9.921041e-01 -2.104200e-02 1.236391e-01 1.748059e+02
9.120628e-02 1.121205e-02 -9.957689e-01 -9.054707e+01 2.476644e-02 9.996018e-01 1.352366e-02 3.453110e+00 9.955240e-01 -2.589509e-02 9.089228e-02 1.748586e+02
5.954207e-02 8.596873e-03 -9.981888e-01 -9.129985e+01 2.582678e-02 9.996149e-01 1.014973e-02 3.459947e+00 9.978916e-01 -2.638434e-02 5.929711e-02 1.748923e+02
3.013963e-02 3.350334e-03 -9.995401e-01 -9.205956e+01 3.149471e-02 9.994947e-01 4.299857e-03 3.460415e+00 9.990494e-01 -3.160982e-02 3.001889e-02 1.749051e+02
6.492268e-04 -1.272166e-03 -9.999990e-01 -9.282681e+01 3.710242e-02 9.993107e-01 -1.247203e-03 3.451296e+00 9.993113e-01 -3.710157e-02 6.959798e-04 1.749032e+02
-2.749133e-02 -2.316113e-03 -9.996194e-01 -9.359863e+01 4.519426e-02 9.989719e-01 -3.557536e-03 3.450142e+00 9.985999e-01 -4.527485e-02 -2.735839e-02 1.748814e+02
-5.278266e-02 -1.774797e-03 -9.986044e-01 -9.439014e+01 4.738681e-02 9.988674e-01 -4.279962e-03 3.446447e+00 9.974811e-01 -4.754659e-02 -5.263878e-02 1.748314e+02
-7.617577e-02 3.987683e-04 -9.970943e-01 -9.518219e+01 5.104970e-02 9.986900e-01 -3.500676e-03 3.440171e+00 9.957867e-01 -5.116803e-02 -7.609633e-02 1.747658e+02
-9.585437e-02 2.360665e-03 -9.953926e-01 -9.597758e+01 5.505967e-02 9.984788e-01 -2.934154e-03 3.424497e+00 9.938714e-01 -5.508724e-02 -9.583853e-02 1.746867e+02
-1.109376e-01 7.189360e-03 -9.938014e-01 -9.679263e+01 5.551595e-02 9.984573e-01 1.025821e-03 3.416661e+00 9.922756e-01 -5.505802e-02 -1.111656e-01 1.745896e+02
-1.239911e-01 1.039287e-02 -9.922289e-01 -9.761328e+01 5.505004e-02 9.984772e-01 3.579141e-03 3.409427e+00 9.907551e-01 -5.417846e-02 -1.243744e-01 1.744804e+02
