1.000000e+00 0.000000e+00 0.000000e+00 0.000000e+00 0.000000e+00 1.000000e+00 0.000000e+00 0.000000e+00 0.000000e+00 0.000000e+00 1.000000e+00 0.000000e+00
9.999998e-01 -5.989298e-04 2.403032e-05 -1.081967e-03 5.989209e-04 9.999998e-01 3.678137e-04 -3.361757e-03 -2.425061e-05 -3.677992e-04 9.999999e-01 3.573532e-01
9.999998e-01 -5.847067e-04 1.540310e-04 -3.557916e-03 5.845913e-04 9.999995e-01 7.482273e-04 -9.834167e-03 -1.544684e-04 -7.481371e-04 9.999997e-01 7.089534e-01
9.999997e-01 -6.770786e-04 2.151098e-04 -5.417133e-03 6.769645e-04 9.999996e-01 5.300347e-04 -1.687866e-02 -2.154686e-04 -5.298889e-04 9.999998e-01 1.060427e+00
9.999998e-01 -4.739523e-04 4.810770e-04 -8.166023e-03 4.735287e-04 9.999995e-01 8.802243e-04 -2.375738e-02 -4.814940e-04 -8.799962e-04 9.999995e-01 1.411516e+00
9.999992e-01 -9.368252e-04 7.934536e-04 -1.111551e-02 9.359886e-04 9.999990e-01 1.054116e-03 -2.539511e-02 -7.944404e-04 -1.053373e-03 9.999991e-01 1.753472e+00
9.999984e-01 -1.699353e-03 6.085819e-04 -9.636927e-03 1.698697e-03 9.999980e-01 1.076701e-03 -3.085081e-02 -6.104104e-04 -1.075666e-03 9.999992e-01 2.106251e+00
9.999984e-01 -1.636694e-03 7.160978e-04 -1.451699e-02 1.635936e-03 9.999981e-01 1.057724e-03 -3.278190e-02 -7.178276e-04 -1.056551e-03 9.999992e-01 2.447942e+00
9.999988e-01 -1.419022e-03 5.858170e-04 -1.840567e-02 1.418303e-03 9.999982e-01 1.224874e-03 -3.453715e-02 -5.875541e-04 -1.224041e-03 9.999991e-01 2.780019e+00
9.999990e-01 -1.376311e-03 2.335133e-04 -2.189008e-02 1.375954e-03 9.999979e-01 1.519531e-03 -4.207887e-02 -2.356042e-04 -1.519208e-03 9.999988e-01 3.111972e+00
9.999978e-01 -2.084675e-03 -1.852926e-04 -2.094388e-02 2.084980e-03 9.999964e-01 1.664713e-03 -4.540762e-02 1.818215e-04 -1.665096e-03 9.999986e-01 3.442311e+00
9.999980e-01 -1.991560e-03 -1.808274e-04 -2.712938e-02 1.991859e-03 9.999966e-01 1.668243e-03 -4.846211e-02 1.775044e-04 -1.668600e-03 9.999986e-01 3.767000e+00
9.999964e-01 -2.667608e-03 -4.174254e-04 -2.998639e-02 2.668328e-03 9.999949e-01 1.732566e-03 -5.038215e-02 4.128015e-04 -1.733673e-03 9.999984e-01 4.084041e+00
9.999944e-01 -3.207824e-03 -9.755025e-04 -3.284302e-02 3.209370e-03 9.999936e-01 1.586884e-03 -4.994460e-02 9.704058e-04 -1.590005e-03 9.999983e-01 4.400985e+00
9.999938e-01 -3.251668e-03 -1.329376e-03 -3.652129e-02 3.253724e-03 9.999935e-01 1.546679e-03 -5.722678e-02 1.324338e-03 -1.550995e-03 9.999979e-01 4.713497e+00
9.999944e-01 -3.008985e-03 -1.442226e-03 -4.272539e-02 3.011134e-03 9.999944e-01 1.490260e-03 -5.752374e-02 1.437734e-03 -1.494595e-03 9.999978e-01 5.017531e+00
9.999933e-01 -3.197965e-03 -1.765394e-03 -4.422811e-02 3.200997e-03 9.999934e-01 1.717599e-03 -5.955156e-02 1.759890e-03 -1.723238e-03 9.999970e-01 5.325575e+00
9.999940e-01 -2.864245e-03 -1.965163e-03 -4.833471e-02 2.867954e-03 9.999941e-01 1.887411e-03 -6.447562e-02 1.959746e-03 -1.893036e-03 9.999963e-01 5.632858e+00
9.999913e-01 -3.541891e-03 -2.200198e-03 -4.780582e-02 3.546576e-03 9.999914e-01 2.128939e-03 -6.871106e-02 2.192638e-03 -2.136724e-03 9.999953e-01 5.936891e+00
9.999896e-01 -3.873250e-03 -2.417248e-03 -5.038566e-02 3.878382e-03 9.999902e-01 2.122004e-03 -7.247746e-02 2.409005e-03 -2.131357e-03 9.999948e-01 6.242470e+00
9.999869e-01 -4.344544e-03 -2.690979e-03 -4.984176e-02 4.351053e-03 9.999876e-01 2.417486e-03 -7.829011e-02 2.680443e-03 -2.429164e-03 9.999935e-01 6.534147e+00
9.999862e-01 -4.426992e-03 -2.822742e-03 -5.435231e-02 4.433651e-03 9.999874e-01 2.357076e-03 -7.991238e-02 2.812272e-03 -2.369558e-03 9.999932e-01 6.833263e+00
9.999851e-01 -4.583703e-03 -2.951864e-03 -5.567144e-02 4.590768e-03 9.999866e-01 2.391211e-03 -8.337012e-02 2.940863e-03 -2.404727e-03 9.999928e-01 7.125351e+00
9.999853e-01 -4.483615e-03 -3.054557e-03 -5.635462e-02 4.491689e-03 9.999864e-01 2.641733e-03 -8.988577e-02 3.042671e-03 -2.655414e-03 9.999918e-01 7.411294e+00
9.999839e-01 -4.738114e-03 -3.135989e-03 -5.810928e-02 4.746859e-03 9.999848e-01 2.787102e-03 -9.209572e-02 3.122736e-03 -2.801943e-03 9.999912e-01 7.694503e+00
9.999867e-01 -4.239884e-03 -2.948226e-03 -6.292285e-02 4.250416e-03 9.999846e-01 3.575201e-03 -9.763589e-02 2.933022e-03 -3.587685e-03 9.999893e-01 7.969045e+00
9.999877e-01 -3.796490e-03 -3.178765e-03 -6.372854e-02 3.808330e-03 9.999858e-01 3.726909e-03 -1.023384e-01 3.164570e-03 -3.738969e-03 9.999880e-01 8.243544e+00
9.999877e-01 -3.643199e-03 -3.371249e-03 -6.436400e-02 3.654868e-03 9.999873e-01 3.461750e-03 -1.056218e-01 3.358594e-03 -3.474028e-03 9.999883e-01 8.512216e+00
9.999866e-01 -3.758070e-03 -3.561973e-03 -6.385572e-02 3.770691e-03 9.999866e-01 3.543119e-03 -1.032696e-01 3.548610e-03 -3.556503e-03 9.999874e-01 8.779624e+00
9.999866e-01 -3.775903e-03 -3.538707e-03 -6.572614e-02 3.788407e-03 9.999866e-01 3.533543e-03 -1.037579e-01 3.525318e-03 -3.546901e-03 9.999875e-01 9.050936e+00
9.999863e-01 -3.973202e-03 -3.401561e-03 -6.660580e-02 3.984924e-03 9.999861e-01 3.446405e-03 -1.078105e-01 3.387820e-03 -3.459912e-03 9.999883e-01 9.315290e+00
9.999867e-01 -3.942941e-03 -3.317639e-03 -6.758993e-02 3.954613e-03 9.999860e-01 3.519124e-03 -1.113997e-01 3.303716e-03 -3.532197e-03 9.999883e-01 9.576066e+00
9.999862e-01 -3.959610e-03 -3.440410e-03 -6.810457e-02 3.972410e-03 9.999852e-01 3.721887e-03 -1.132446e-01 3.425622e-03 -3.735502e-03 9.999872e-01 9.837635e+00
9.999878e-01 -3.876652e-03 -3.076734e-03 -7.155355e-02 3.888140e-03 9.999855e-01 3.736841e-03 -1.171248e-01 3.062203e-03 -3.748758e-03 9.999883e-01 1.009380e+01
9.999900e-01 -3.242155e-03 -3.083177e-03 -7.464983e-02 3.249848e-03 9.999916e-01 2.493527e-03 -1.175671e-01 3.075067e-03 -2.503522e-03 9.999921e-01 1.034924e+01
9.999886e-01 -3.522204e-03 -3.222550e-03 -7.442565e-02 3.527592e-03 9.999924e-01 1.668014e-03 -1.171305e-01 3.216650e-03 -1.679362e-03 9.999934e-01 1.061565e+01
9.999869e-01 -3.817236e-03 -3.400188e-03 -7.625269e-02 3.822565e-03 9.999915e-01 1.561991e-03 -1.244993e-01 3.394196e-03 -1.574968e-03 9.999930e-01 1.088312e+01
9.999862e-01 -3.830999e-03 -3.599331e-03 -7.979803e-02 3.836591e-03 9.999914e-01 1.547792e-03 -1.268102e-01 3.593370e-03 -1.561580e-03 9.999923e-01 1.115533e+01
9.999864e-01 -3.685453e-03 -3.677476e-03 -8.536886e-02 3.691691e-03 9.999918e-01 1.690883e-03 -1.295231e-01 3.671214e-03 -1.704436e-03 9.999918e-01 1.143526e+01
9.999826e-01 -3.989964e-03 -4.353966e-03 -8.746179e-02 3.997949e-03 9.999903e-01 1.826904e-03 -1.331518e-01 4.346635e-03 -1.844279e-03 9.999889e-01 1.172076e+01
9.999783e-01 -4.375487e-03 -4.932854e-03 -9.064306e-02 4.385042e-03 9.999885e-01 1.927910e-03 -1.371760e-01 4.924362e-03 -1.949499e-03 9.999860e-01 1.202576e+01
9.999728e-01 -4.593873e-03 -5.763448e-03 -9.390526e-02 4.605126e-03 9.999875e-01 1.940831e-03 -1.413459e-01 5.754460e-03 -1.967320e-03 9.999815e-01 1.232430e+01
9.999651e-01 -4.852411e-03 -6.796750e-03 -9.593958e-02 4.865558e-03 9.999863e-01 1.919176e-03 -1.410609e-01 6.787344e-03 -1.952179e-03 9.999751e-01 1.263493e+01
9.999614e-01 -4.610886e-03 -7.480301e-03 -1.010129e-01 4.625586e-03 9.999874e-01 1.949146e-03 -1.448166e-01 7.471220e-03 -1.983671e-03 9.999701e-01 1.295553e+01
9.999548e-01 -4.836898e-03 -8.189346e-03 -1.073618e-01 4.852697e-03 9.999864e-01 1.910357e-03 -1.500473e-01 8.179995e-03 -1.950011e-03 9.999646e-01 1.329214e+01
9.999482e-01 -4.945902e-03 -8.898780e-03 -1.145587e-01 4.962003e-03 9.999861e-01 1.788124e-03 -1.552828e-01 8.889812e-03 -1.832187e-03 9.999588e-01 1.364398e+01
9.999373e-01 -5.509683e-03 -9.745562e-03 -1.184212e-01 5.525365e-03 9.999835e-01 1.582987e-03 -1.572682e-01 9.736679e-03 -1.636736e-03 9.999513e-01 1.400659e+01
9.999271e-01 -5.804067e-03 -1.059219e-02 -1.210554e-01 5.822584e-03 9.999816e-01 1.718147e-03 -1.576907e-01 1.058202e-02 -1.779695e-03 9.999424e-01 1.437751e+01
9.999191e-01 -6.418993e-03 -1.098412e-02 -1.287019e-01 6.440000e-03 9.999775e-01 1.878210e-03 -1.610038e-01 1.097182e-02 -1.948796e-03 9.999379e-01 1.477108e+01
9.999148e-01 -6.782785e-03 -1.115293e-02 -1.336767e-01 6.804701e-03 9.999750e-01 1.928235e-03 -1.641669e-01 1.113957e-02 -2.003963e-03 9.999359e-01 1.517208e+01
9.999127e-01 -7.044247e-03 -1.117641e-02 -1.388511e-01 7.064862e-03 9.999734e-01 1.806171e-03 -1.637957e-01 1.116339e-02 -1.884973e-03 9.999359e-01 1.559494e+01
9.999126e-01 -6.821204e-03 -1.132931e-02 -1.448909e-01 6.842533e-03 9.999749e-01 1.844908e-03 -1.670630e-01 1.131645e-02 -1.922268e-03 9.999341e-01 1.602612e+01
9.999057e-01 -7.531307e-03 -1.148300e-02 -1.539494e-01 7.554502e-03 9.999695e-01 1.977896e-03 -1.709293e-01 1.146775e-02 -2.064458e-03 9.999321e-01 1.647191e+01
9.999017e-01 -7.887655e-03 -1.159011e-02 -1.594213e-01 7.911652e-03 9.999666e-01 2.026094e-03 -1.765432e-01 1.157374e-02 -2.117592e-03 9.999308e-01 1.692491e+01
9.998936e-01 -8.806897e-03 -1.162535e-02 -1.634189e-01 8.831749e-03 9.999588e-01 2.088130e-03 -1.807566e-01 1.160648e-02 -2.190580e-03 9.999302e-01 1.740385e+01
9.998888e-01 -9.256476e-03 -1.168864e-02 -1.719902e-01 9.282351e-03 9.999546e-01 2.161377e-03 -1.785355e-01 1.166811e-02 -2.269635e-03 9.999293e-01 1.789639e+01
9.998893e-01 -8.727558e-03 -1.205111e-02 -1.798719e-01 8.752926e-03 9.999596e-01 2.053858e-03 -1.816478e-01 1.203269e-02 -2.159113e-03 9.999253e-01 1.839989e+01
9.998818e-01 -9.399049e-03 -1.217027e-02 -1.872578e-01 9.425448e-03 9.999533e-01 2.113580e-03 -1.834790e-01 1.214983e-02 -2.228040e-03 9.999237e-01 1.892327e+01
9.998747e-01 -1.026031e-02 -1.205681e-02 -1.951441e-01 1.028661e-02 9.999448e-01 2.120979e-03 -1.883737e-01 1.203438e-02 -2.244736e-03 9.999251e-01 1.944505e+01
9.998728e-01 -1.040240e-02 -1.208873e-02 -2.042161e-01 1.042966e-02 9.999432e-01 2.193897e-03 -1.894104e-01 1.206522e-02 -2.319699e-03 9.999245e-01 1.998661e+01
9.998698e-01 -1.054169e-02 -1.222047e-02 -2.133345e-01 1.057446e-02 9.999407e-01 2.620445e-03 -1.857663e-01 1.219212e-02 -2.749329e-03 9.999219e-01 2.054550e+01
9.998622e-01 -1.128353e-02 -1.217838e-02 -2.199139e-01 1.131739e-02 9.999323e-01 2.715210e-03 -1.866248e-01 1.214692e-02 -2.852663e-03 9.999222e-01 2.112081e+01
9.998547e-01 -1.203556e-02 -1.206939e-02 -2.248250e-01 1.207163e-02 9.999229e-01 2.920539e-03 -1.881392e-01 1.203331e-02 -3.065812e-03 9.999229e-01 2.170152e+01
9.998503e-01 -1.221808e-02 -1.224760e-02 -2.384386e-01 1.227063e-02 9.999158e-01 4.224922e-03 -1.837500e-01 1.219495e-02 -4.374575e-03 9.999161e-01 2.230379e+01
9.998482e-01 -1.265436e-02 -1.197357e-02 -2.509873e-01 1.273065e-02 9.998990e-01 6.316513e-03 -1.854569e-01 1.189243e-02 -6.467986e-03 9.999084e-01 2.291235e+01
9.998308e-01 -1.385937e-02 -1.209654e-02 -2.574642e-01 1.396397e-02 9.998655e-01 8.605322e-03 -1.865274e-01 1.197565e-02 -8.772781e-03 9.998898e-01 2.352092e+01
9.998167e-01 -1.453750e-02 -1.246022e-02 -2.666380e-01 1.466831e-02 9.998376e-01 1.047148e-02 -1.887411e-01 1.230596e-02 -1.065233e-02 9.998675e-01 2.412681e+01
9.998113e-01 -1.466945e-02 -1.273213e-02 -2.781229e-01 1.482376e-02 9.998168e-01 1.211151e-02 -1.927543e-01 1.255212e-02 -1.229796e-02 9.998456e-01 2.472708e+01
9.998004e-01 -1.520375e-02 -1.295940e-02 -2.860806e-01 1.536170e-02 9.998079e-01 1.217692e-02 -1.888268e-01 1.277178e-02 -1.237357e-02 9.998419e-01 2.533720e+01
9.997880e-01 -1.567140e-02 -1.335296e-02 -2.946297e-01 1.583535e-02 9.997994e-01 1.226221e-02 -1.908756e-01 1.315811e-02 -1.247106e-02 9.998357e-01 2.593387e+01
9.997787e-01 -1.586225e-02 -1.381991e-02 -3.096853e-01 1.603416e-02 9.997943e-01 1.241836e-02 -1.898392e-01 1.362009e-02 -1.263720e-02 9.998274e-01 2.653234e+01
9.997681e-01 -1.643292e-02 -1.391908e-02 -3.208187e-01 1.660627e-02 9.997848e-01 1.243106e-02 -1.860679e-01 1.371180e-02 -1.265932e-02 9.998258e-01 2.713637e+01
9.997633e-01 -1.654484e-02 -1.412934e-02 -3.327734e-01 1.672633e-02 9.997778e-01 1.282518e-02 -1.828999e-01 1.391401e-02 -1.305848e-02 9.998179e-01 2.773712e+01
9.997652e-01 -1.625855e-02 -1.432610e-02 -3.497531e-01 1.644913e-02 9.997764e-01 1.328741e-02 -1.862754e-01 1.410687e-02 -1.351994e-02 9.998091e-01 2.831703e+01
9.997598e-01 -1.634262e-02 -1.460547e-02 -3.601686e-01 1.653935e-02 9.997727e-01 1.345172e-02 -1.910261e-01 1.438232e-02 -1.369006e-02 9.998028e-01 2.890031e+01
9.997502e-01 -1.673735e-02 -1.481453e-02 -3.702206e-01 1.694556e-02 9.997578e-01 1.404181e-02 -1.932152e-01 1.457592e-02 -1.428934e-02 9.997917e-01 2.948395e+01
9.997351e-01 -1.701170e-02 -1.550448e-02 -3.800933e-01 1.723607e-02 9.997470e-01 1.445500e-02 -1.942829e-01 1.525465e-02 -1.471840e-02 9.997753e-01 3.006500e+01
9.997289e-01 -1.727936e-02 -1.560785e-02 -3.928749e-01 1.750389e-02 9.997436e-01 1.436586e-02 -1.952443e-01 1.535562e-02 -1.463516e-02 9.997750e-01 3.064554e+01
9.997133e-01 -1.789058e-02 -1.591207e-02 -4.032556e-01 1.812069e-02 9.997316e-01 1.443676e-02 -1.970319e-01 1.564951e-02 -1.472096e-02 9.997692e-01 3.122267e+01
9.997063e-01 -1.788683e-02 -1.635359e-02 -4.160828e-01 1.812027e-02 9.997344e-01 1.423978e-02 -1.921188e-01 1.609454e-02 -1.453193e-02 9.997649e-01 3.179551e+01
9.996868e-01 -1.858017e-02 -1.676398e-02 -4.288686e-01 1.882318e-02 9.997183e-01 1.445679e-02 -1.909640e-01 1.649065e-02 -1.476782e-02 9.997550e-01 3.236079e+01
9.996744e-01 -1.917503e-02 -1.683404e-02 -4.377093e-01 1.940230e-02 9.997214e-01 1.344286e-02 -1.925123e-01 1.657158e-02 -1.376510e-02 9.997679e-01 3.292527e+01
9.996694e-01 -1.923025e-02 -1.706497e-02 -4.494652e-01 1.945365e-02 9.997259e-01 1.302336e-02 -1.926208e-01 1.680985e-02 -1.335104e-02 9.997696e-01 3.348936e+01
9.996613e-01 -1.942775e-02 -1.731645e-02 -4.645085e-01 1.965009e-02 9.997254e-01 1.276388e-02 -1.903467e-01 1.706372e-02 -1.309983e-02 9.997686e-01 3.405297e+01
9.996421e-01 -2.012325e-02 -1.762522e-02 -4.734058e-01 2.034538e-02 9.997147e-01 1.251562e-02 -1.918970e-01 1.736834e-02 -1.286974e-02 9.997663e-01 3.461301e+01
9.996360e-01 -2.012753e-02 -1.796285e-02 -4.831467e-01 2.034953e-02 9.997177e-01 1.226278e-02 -1.919482e-01 1.771096e-02 -1.262385e-02 9.997635e-01 3.516119e+01
9.996447e-01 -1.957873e-02 -1.808795e-02 -4.959956e-01 1.980686e-02 9.997254e-01 1.252061e-02 -1.938119e-01 1.783784e-02 -1.287443e-02 9.997580e-01 3.571096e+01
9.996384e-01 -1.993085e-02 -1.805194e-02 -5.088241e-01 2.015914e-02 9.997180e-01 1.255343e-02 -1.908794e-01 1.779665e-02 -1.291280e-02 9.997582e-01 3.626253e+01
9.996329e-01 -2.051820e-02 -1.769374e-02 -5.205732e-01 2.074157e-02 9.997063e-01 1.253427e-02 -1.941070e-01 1.743136e-02 -1.289667e-02 9.997649e-01 3.681150e+01
9.996178e-01 -2.101929e-02 -1.795887e-02 -5.293684e-01 2.124317e-02 9.996978e-01 1.236793e-02 -1.959540e-01 1.769348e-02 -1.274471e-02 9.997622e-01 3.735618e+01
9.996071e-01 -2.149347e-02 -1.798879e-02 -5.438386e-01 2.171555e-02 9.996892e-01 1.224295e-02 -1.959131e-01 1.772005e-02 -1.262878e-02 9.997632e-01 3.789435e+01
9.995893e-01 -2.220908e-02 -1.811230e-02 -5.520344e-01 2.243267e-02 9.996735e-01 1.223614e-02 -1.967634e-01 1.783463e-02 -1.263742e-02 9.997611e-01 3.844486e+01
9.995719e-01 -2.312038e-02 -1.792700e-02 -5.617556e-01 2.334286e-02 9.996518e-01 1.230163e-02 -1.972759e-01 1.763634e-02 -1.271483e-02 9.997636e-01 3.898694e+01
9.995701e-01 -2.296648e-02 -1.822673e-02 -5.727704e-01 2.320256e-02 9.996482e-01 1.284855e-02 -1.970441e-01 1.792523e-02 -1.326593e-02 9.997513e-01 3.952849e+01
9.995730e-01 -2.294948e-02 -1.808716e-02 -5.853656e-01 2.318523e-02 9.996475e-01 1.293403e-02 -1.956968e-01 1.778395e-02 -1.334786e-02 9.997528e-01 4.006432e+01
9.995573e-01 -2.371881e-02 -1.796263e-02 -5.963526e-01 2.395481e-02 9.996280e-01 1.303899e-02 -1.963102e-01 1.764668e-02 -1.346351e-02 9.997536e-01 4.060119e+01
9.995479e-01 -2.426281e-02 -1.775857e-02 -6.096268e-01 2.449808e-02 9.996133e-01 1.315307e-02 -1.951716e-01 1.743257e-02 -1.358217e-02 9.997558e-01 4.113937e+01
9.995511e-01 -2.416184e-02 -1.771666e-02 -6.249740e-01 2.439386e-02 9.996179e-01 1.299928e-02 -1.913894e-01 1.739581e-02 -1.342563e-02 9.997585e-01 4.167829e+01
9.995403e-01 -2.445680e-02 -1.791761e-02 -6.337035e-01 2.468944e-02 9.996122e-01 1.287990e-02 -1.920835e-01 1.759566e-02 -1.331635e-02 9.997565e-01 4.220593e+01
9.995456e-01 -2.438241e-02 -1.772024e-02 -6.475466e-01 2.461278e-02 9.996138e-01 1.290090e-02 -1.879882e-01 1.739885e-02 -1.333119e-02 9.997598e-01 4.273500e+01
9.995296e-01 -2.491524e-02 -1.788463e-02 -6.560026e-01 2.514741e-02 9.996008e-01 1.287635e-02 -1.834434e-01 1.755668e-02 -1.332004e-02 9.997571e-01 4.326042e+01
9.995128e-01 -2.535871e-02 -1.819602e-02 -6.672252e-01 2.560102e-02 9.995850e-01 1.320971e-02 -1.822948e-01 1.785348e-02 -1.366911e-02 9.997472e-01 4.378579e+01
9.994822e-01 -2.646716e-02 -1.829776e-02 -6.783318e-01 2.671177e-02 9.995553e-01 1.325564e-02 -1.816500e-01 1.793878e-02 -1.373754e-02 9.997447e-01 4.430156e+01
9.994706e-01 -2.667936e-02 -1.861989e-02 -6.920356e-01 2.693862e-02 9.995416e-01 1.381442e-02 -1.815513e-01 1.824279e-02 -1.430870e-02 9.997312e-01 4.482724e+01
9.994516e-01 -2.718789e-02 -1.890402e-02 -7.040229e-01 2.746410e-02 9.995175e-01 1.450857e-02 -1.909250e-01 1.850044e-02 -1.501979e-02 9.997160e-01 4.535693e+01
9.994583e-01 -2.665312e-02 -1.930505e-02 -7.163787e-01 2.693312e-02 9.995336e-01 1.439223e-02 -1.915279e-01 1.891245e-02 -1.490438e-02 9.997100e-01 4.586498e+01
9.994448e-01 -2.699559e-02 -1.952676e-02 -7.305673e-01 2.727898e-02 9.995242e-01 1.439499e-02 -1.924200e-01 1.912887e-02 -1.491966e-02 9.997057e-01 4.637319e+01
9.994288e-01 -2.723371e-02 -2.001189e-02 -7.469289e-01 2.753917e-02 9.995059e-01 1.515054e-02 -1.931577e-01 1.958940e-02 -1.569300e-02 9.996849e-01 4.688002e+01
9.993913e-01 -2.800381e-02 -2.080469e-02 -7.608895e-01 2.833887e-02 9.994705e-01 1.598850e-02 -1.962252e-01 2.034593e-02 -1.656835e-02 9.996557e-01 4.738150e+01
9.993700e-01 -2.800694e-02 -2.180022e-02 -7.720968e-01 2.835552e-02 9.994723e-01 1.584839e-02 -1.949480e-01 2.134485e-02 -1.645656e-02 9.996367e-01 4.787258e+01
9.993493e-01 -2.825646e-02 -2.241648e-02 -7.860549e-01 2.862304e-02 9.994589e-01 1.620397e-02 -2.000630e-01 2.194649e-02 -1.683506e-02 9.996174e-01 4.837004e+01
9.993060e-01 -2.889019e-02 -2.351296e-02 -7.985332e-01 2.927529e-02 9.994401e-01 1.620245e-02 -1.985722e-01 2.303171e-02 -1.687955e-02 9.995922e-01 4.885577e+01
9.992749e-01 -2.903239e-02 -2.463401e-02 -8.113047e-01 2.945082e-02 9.994251e-01 1.679651e-02 -1.993057e-01 2.413221e-02 -1.750982e-02 9.995554e-01 4.933576e+01
9.992359e-01 -2.935642e-02 -2.580404e-02 -8.252400e-01 2.979717e-02 9.994137e-01 1.686520e-02 -1.966683e-01 2.529381e-02 -1.762120e-02 9.995247e-01 4.981576e+01
9.992117e-01 -2.961935e-02 -2.643174e-02 -8.434258e-01 3.006113e-02 9.994123e-01 1.647611e-02 -1.924402e-01 2.592819e-02 -1.725769e-02 9.995148e-01 5.030321e+01
9.991800e-01 -2.977801e-02 -2.743411e-02 -8.575807e-01 3.023172e-02 9.994104e-01 1.627443e-02 -1.900772e-01 2.693331e-02 -1.709047e-02 9.994911e-01 5.078055e+01
9.991747e-01 -2.917823e-02 -2.825836e-02 -8.768698e-01 2.964996e-02 9.994255e-01 1.642088e-02 -1.866244e-01 2.776299e-02 -1.724518e-02 9.994658e-01 5.126144e+01
9.991423e-01 -2.903878e-02 -2.952064e-02 -8.914417e-01 2.953179e-02 9.994292e-01 1.640393e-02 -1.871576e-01 2.902744e-02 -1.726166e-02 9.994296e-01 5.173242e+01
9.991161e-01 -2.920189e-02 -3.023806e-02 -9.081551e-01 2.970744e-02 9.994240e-01 1.640706e-02 -1.859271e-01 2.974152e-02 -1.729086e-02 9.994081e-01 5.220738e+01
9.990775e-01 -2.965118e-02 -3.106477e-02 -9.245285e-01 3.017305e-02 9.994090e-01 1.646755e-02 -1.810789e-01 3.055813e-02 -1.738967e-02 9.993817e-01 5.268164e+01
9.990563e-01 -2.941118e-02 -3.195984e-02 -9.420637e-01 2.994426e-02 9.994182e-01 1.633089e-02 -1.765295e-01 3.146093e-02 -1.727249e-02 9.993557e-01 5.313937e+01
9.990131e-01 -2.953258e-02 -3.317591e-02 -9.543022e-01 3.009557e-02 9.994092e-01 1.660057e-02 -1.766773e-01 3.266605e-02 -1.758264e-02 9.993117e-01 5.359554e+01
9.989832e-01 -2.979468e-02 -3.383636e-02 -9.741144e-01 3.036950e-02 9.994008e-01 1.660304e-02 -1.729374e-01 3.332141e-02 -1.761375e-02 9.992895e-01 5.404889e+01
9.989612e-01 -2.993668e-02 -3.435662e-02 -9.957856e-01 3.054095e-02 9.993855e-01 1.720017e-02 -1.721991e-01 3.382059e-02 -1.823158e-02 9.992616e-01 5.450468e+01
9.989326e-01 -3.012277e-02 -3.501731e-02 -1.008819e+00 3.074978e-02 9.993738e-01 1.750691e-02 -1.679480e-01 3.446803e-02 -1.856500e-02 9.992334e-01 5.495170e+01
9.989298e-01 -2.985604e-02 -3.532519e-02 -1.028516e+00 3.049569e-02 9.993780e-01 1.770937e-02 -1.668229e-01 3.477448e-02 -1.876768e-02 9.992189e-01 5.539830e+01
9.989182e-01 -3.002435e-02 -3.550976e-02 -1.045518e+00 3.064683e-02 9.993837e-01 1.711719e-02 -1.634884e-01 3.497395e-02 -1.818693e-02 9.992227e-01 5.583212e+01
9.989148e-01 -3.028438e-02 -3.538459e-02 -1.064624e+00 3.090403e-02 9.993761e-01 1.709801e-02 -1.616778e-01 3.484471e-02 -1.817298e-02 9.992275e-01 5.626508e+01
9.988937e-01 -3.088009e-02 -3.546450e-02 -1.079992e+00 3.151163e-02 9.993521e-01 1.738862e-02 -1.575530e-01 3.490457e-02 -1.848693e-02 9.992196e-01 5.669281e+01
9.989057e-01 -3.046076e-02 -3.548873e-02 -1.096006e+00 3.109184e-02 9.993656e-01 1.736836e-02 -1.581388e-01 3.493716e-02 -1.845277e-02 9.992191e-01 5.711558e+01
9.989164e-01 -3.024267e-02 -3.537548e-02 -1.115581e+00 3.087249e-02 9.993720e-01 1.739512e-02 -1.576171e-01 3.482719e-02 -1.846840e-02 9.992227e-01 5.753810e+01
9.989116e-01 -3.042171e-02 -3.535812e-02 -1.129922e+00 3.105390e-02 9.993650e-01 1.747015e-02 -1.628161e-01 3.480420e-02 -1.854914e-02 9.992220e-01 5.794592e+01
9.988994e-01 -3.105889e-02 -3.514655e-02 -1.147090e+00 3.168688e-02 9.993454e-01 1.745399e-02 -1.580037e-01 3.458144e-02 -1.854847e-02 9.992297e-01 5.835981e+01
9.988870e-01 -3.146542e-02 -3.513800e-02 -1.161819e+00 3.210238e-02 9.993276e-01 1.771267e-02 -1.555508e-01 3.455703e-02 -1.882097e-02 9.992255e-01 5.876781e+01
9.988935e-01 -3.114040e-02 -3.524142e-02 -1.178870e+00 3.178829e-02 9.993330e-01 1.797593e-02 -1.572103e-01 3.465813e-02 -1.907631e-02 9.992171e-01 5.917250e+01
9.988972e-01 -3.091673e-02 -3.533534e-02 -1.196717e+00 3.157486e-02 9.993353e-01 1.822145e-02 -1.537094e-01 3.474851e-02 -1.931706e-02 9.992094e-01 5.957578e+01
9.988841e-01 -3.123020e-02 -3.542830e-02 -1.212059e+00 3.189396e-02 9.993232e-01 1.832742e-02 -1.499317e-01 3.483195e-02 -1.943692e-02 9.992042e-01 5.996930e+01
9.988791e-01 -3.104002e-02 -3.573520e-02 -1.227982e+00 3.169504e-02 9.993371e-01 1.791140e-02 -1.484491e-01 3.515554e-02 -1.902396e-02 9.992008e-01 6.036065e+01
9.988620e-01 -3.103086e-02 -3.621893e-02 -1.243678e+00 3.169029e-02 9.993396e-01 1.777666e-02 -1.499093e-01 3.564339e-02 -1.890422e-02 9.991858e-01 6.074435e+01
9.988349e-01 -3.113991e-02 -3.686567e-02 -1.258637e+00 3.181934e-02 9.993317e-01 1.798877e-02 -1.495369e-01 3.628087e-02 -1.914086e-02 9.991583e-01 6.112391e+01
9.988299e-01 -3.110920e-02 -3.702791e-02 -1.276156e+00 3.179465e-02 9.993311e-01 1.806890e-02 -1.487465e-01 3.644104e-02 -1.922505e-02 9.991509e-01 6.151004e+01
9.988289e-01 -3.114247e-02 -3.702627e-02 -1.294743e+00 3.181640e-02 9.993360e-01 1.775355e-02 -1.505458e-01 3.644879e-02 -1.891081e-02 9.991566e-01 6.188078e+01
9.988109e-01 -3.110977e-02 -3.753709e-02 -1.308239e+00 3.179482e-02 9.993360e-01 1.779311e-02 -1.500668e-01 3.695863e-02 -1.896544e-02 9.991368e-01 6.224464e+01
9.988029e-01 -3.110622e-02 -3.775270e-02 -1.326426e+00 3.179575e-02 9.993358e-01 1.780326e-02 -1.478865e-01 3.717383e-02 -1.898232e-02 9.991285e-01 6.261706e+01
9.987768e-01 -3.113717e-02 -3.841064e-02 -1.340162e+00 3.182533e-02 9.993413e-01 1.743645e-02 -1.477059e-01 3.784242e-02 -1.863756e-02 9.991099e-01 6.297970e+01
9.987349e-01 -3.208274e-02 -3.872152e-02 -1.353130e+00 3.278636e-02 9.993061e-01 1.767510e-02 -1.511467e-01 3.812759e-02 -1.892228e-02 9.990937e-01 6.334255e+01
9.987331e-01 -3.220134e-02 -3.866834e-02 -1.369465e+00 3.290411e-02 9.993022e-01 1.767738e-02 -1.513327e-01 3.807212e-02 -1.892733e-02 9.990957e-01 6.370379e+01
9.987399e-01 -3.222993e-02 -3.846912e-02 -1.383303e+00 3.293116e-02 9.993002e-01 1.773586e-02 -1.508734e-01 3.787057e-02 -1.898035e-02 9.991024e-01 6.406258e+01
9.987392e-01 -3.228297e-02 -3.844188e-02 -1.399717e+00 3.298731e-02 9.992967e-01 1.783086e-02 -1.473790e-01 3.783921e-02 -1.907648e-02 9.991017e-01 6.442937e+01
9.987232e-01 -3.283330e-02 -3.839286e-02 -1.415821e+00 3.353456e-02 9.992796e-01 1.776626e-02 -1.448932e-01 3.778188e-02 -1.903107e-02 9.991048e-01 6.479582e+01
9.987232e-01 -3.291916e-02 -3.831843e-02 -1.430576e+00 3.361857e-02 9.992770e-01 1.775344e-02 -1.438462e-01 3.770629e-02 -1.901898e-02 9.991079e-01 6.516418e+01
9.987109e-01 -3.327864e-02 -3.832786e-02 -1.446107e+00 3.397650e-02 9.992658e-01 1.770240e-02 -1.430815e-01 3.771061e-02 -1.898183e-02 9.991084e-01 6.553435e+01
9.986903e-01 -3.386007e-02 -3.835644e-02 -1.460028e+00 3.455682e-02 9.992469e-01 1.765005e-02 -1.408317e-01 3.772992e-02 -1.895241e-02 9.991082e-01 6.589972e+01
9.986671e-01 -3.454660e-02 -3.834806e-02 -1.475400e+00 3.524266e-02 9.992233e-01 1.762582e-02 -1.356081e-01 3.770936e-02 -1.895381e-02 9.991090e-01 6.627027e+01
9.986702e-01 -3.451361e-02 -3.829734e-02 -1.490694e+00 3.521902e-02 9.992193e-01 1.790012e-02 -1.362069e-01 3.764964e-02 -1.922511e-02 9.991061e-01 6.664157e+01
9.986817e-01 -3.433637e-02 -3.815464e-02 -1.507866e+00 3.500255e-02 9.992438e-01 1.693118e-02 -1.309169e-01 3.754444e-02 -1.824437e-02 9.991284e-01 6.702489e+01
9.986566e-01 -3.541633e-02 -3.782513e-02 -1.522140e+00 3.601838e-02 9.992331e-01 1.535549e-02 -1.295258e-01 3.725229e-02 -1.669726e-02 9.991664e-01 6.740631e+01
9.986639e-01 -3.628285e-02 -3.679637e-02 -1.540238e+00 3.682416e-02 9.992217e-01 1.414127e-02 -1.253879e-01 3.625465e-02 -1.547737e-02 9.992227e-01 6.779374e+01
9.987346e-01 -3.593743e-02 -3.518124e-02 -1.554829e+00 3.645236e-02 9.992358e-01 1.410597e-02 -1.266826e-01 3.464743e-02 -1.537056e-02 9.992814e-01 6.817185e+01
9.988522e-01 -3.464063e-02 -3.307908e-02 -1.571916e+00 3.516783e-02 9.992614e-01 1.549081e-02 -1.249736e-01 3.251804e-02 -1.663635e-02 9.993327e-01 6.858526e+01
9.989454e-01 -3.413630e-02 -3.070524e-02 -1.586098e+00 3.466606e-02 9.992562e-01 1.688913e-02 -1.195734e-01 3.010587e-02 -1.793575e-02 9.993858e-01 6.900065e+01
9.990481e-01 -3.413595e-02 -2.715900e-02 -1.597162e+00 3.460344e-02 9.992577e-01 1.693303e-02 -1.149256e-01 2.656082e-02 -1.785671e-02 9.994877e-01 6.943605e+01
9.991421e-01 -3.472282e-02 -2.256978e-02 -1.605368e+00 3.511630e-02 9.992339e-01 1.727792e-02 -1.157919e-01 2.195255e-02 -1.805566e-02 9.995960e-01 6.987118e+01
9.991803e-01 -3.654164e-02 -1.741899e-02 -1.607723e+00 3.685316e-02 9.991602e-01 1.791140e-02 -1.069514e-01 1.674985e-02 -1.853866e-02 9.996878e-01 7.031898e+01
9.991920e-01 -3.826511e-02 -1.229636e-02 -1.609825e+00 3.849166e-02 9.990830e-01 1.874816e-02 -1.020832e-01 1.156768e-02 -1.920631e-02 9.997486e-01 7.077071e+01
9.992387e-01 -3.841194e-02 -6.825604e-03 -1.609382e+00 3.853454e-02 9.990796e-01 1.884265e-02 -9.870808e-02 6.095539e-03 -1.909133e-02 9.997992e-01 7.122945e+01
9.992694e-01 -3.819903e-02 -1.250757e-03 -1.608130e+00 3.821521e-02 9.991124e-01 1.771915e-02 -8.958270e-02 5.727926e-04 -1.775400e-02 9.998422e-01 7.170307e+01
9.992416e-01 -3.870152e-02 4.299167e-03 -1.606196e+00 3.862510e-02 9.991154e-01 1.662817e-02 -8.344960e-02 -4.938900e-03 -1.644951e-02 9.998525e-01 7.218337e+01
9.991786e-01 -3.936280e-02 9.626871e-03 -1.600845e+00 3.919842e-02 9.990918e-01 1.670607e-02 -7.578147e-02 -1.027573e-02 -1.631499e-02 9.998141e-01 7.268366e+01
9.990494e-01 -4.085707e-02 1.519748e-02 -1.589193e+00 4.057235e-02 9.990036e-01 1.859369e-02 -7.468023e-02 -1.594202e-02 -1.795942e-02 9.997116e-01 7.320104e+01
9.989340e-01 -4.103561e-02 2.114020e-02 -1.576757e+00 4.061931e-02 9.989793e-01 1.975899e-02 -7.249058e-02 -2.192945e-02 -1.887923e-02 9.995812e-01 7.373017e+01
9.987901e-01 -4.109724e-02 2.700630e-02 -1.563333e+00 4.056440e-02 9.989769e-01 1.999059e-02 -6.421881e-02 -2.780023e-02 -1.887091e-02 9.994354e-01 7.428063e+01
9.986198e-01 -4.113372e-02 3.265658e-02 -1.546707e+00 4.048737e-02 9.989756e-01 2.021307e-02 -5.573524e-02 -3.345457e-02 -1.886299e-02 9.992622e-01 7.484274e+01
9.983684e-01 -4.204195e-02 3.863947e-02 -1.520312e+00 4.128625e-02 9.989441e-01 2.015236e-02 -4.704986e-02 -3.944592e-02 -1.852420e-02 9.990500e-01 7.541720e+01
9.980865e-01 -4.286828e-02 4.456164e-02 -1.488816e+00 4.195724e-02 9.988948e-01 2.118301e-02 -4.301055e-02 -4.542047e-02 -1.927279e-02 9.987820e-01 7.600297e+01
9.978278e-01 -4.287277e-02 5.001622e-02 -1.458087e+00 4.180880e-02 9.988805e-01 2.212878e-02 -3.659986e-02 -5.090895e-02 -1.998959e-02 9.985032e-01 7.660696e+01
9.974676e-01 -4.293217e-02 5.670291e-02 -1.429232e+00 4.172955e-02 9.988817e-01 2.222607e-02 -2.487440e-02 -5.759372e-02 -1.980360e-02 9.981437e-01 7.723130e+01
9.970876e-01 -4.381976e-02 6.241854e-02 -1.386593e+00 4.246200e-02 9.988352e-01 2.291605e-02 -1.889004e-02 -6.335001e-02 -2.019889e-02 9.977869e-01 7.785910e+01
9.967435e-01 -4.398018e-02 6.758858e-02 -1.341712e+00 4.246688e-02 9.988175e-01 2.366654e-02 -8.548979e-03 -6.854952e-02 -2.071919e-02 9.974325e-01 7.848943e+01
9.963356e-01 -4.425299e-02 7.319164e-02 -1.295764e+00 4.256097e-02 9.987930e-01 2.451865e-02 2.326639e-03 -7.418832e-02 -2.131370e-02 9.970165e-01 7.913398e+01
9.958700e-01 -4.448007e-02 7.914845e-02 -1.246413e+00 4.260097e-02 9.987724e-01 2.527443e-02 1.292087e-02 -8.017550e-02 -2.179824e-02 9.965424e-01 7.979254e+01
9.954441e-01 -4.455201e-02 8.429807e-02 -1.188158e+00 4.246607e-02 9.987496e-01 2.637897e-02 1.959700e-02 -8.536790e-02 -2.267898e-02 9.960914e-01 8.045691e+01
9.949641e-01 -4.535110e-02 8.938530e-02 -1.126733e+00 4.308054e-02 9.987021e-01 2.717057e-02 3.134050e-02 -9.050150e-02 -2.318298e-02 9.956265e-01 8.113349e+01
9.945366e-01 -4.644155e-02 9.348883e-02 -1.065326e+00 4.402080e-02 9.986440e-01 2.779240e-02 4.162000e-02 -9.465278e-02 -2.352511e-02 9.952323e-01 8.181107e+01
9.942721e-01 -4.754990e-02 9.571815e-02 -9.987419e-01 4.500170e-02 9.985772e-01 2.860813e-02 5.473641e-02 -9.694227e-02 -2.413678e-02 9.949973e-01 8.250217e+01
9.940852e-01 -4.885674e-02 9.699273e-02 -9.294693e-01 4.624723e-02 9.985097e-01 2.897368e-02 6.839109e-02 -9.826375e-02 -2.431666e-02 9.948633e-01 8.320468e+01
9.940054e-01 -4.950505e-02 9.748133e-02 -8.608516e-01 4.693485e-02 9.984917e-01 2.848641e-02 8.674154e-02 -9.874452e-02 -2.374037e-02 9.948296e-01 8.391455e+01
9.940588e-01 -4.903021e-02 9.717619e-02 -7.949247e-01 4.653033e-02 9.985292e-01 2.782800e-02 1.085646e-01 -9.839768e-02 -2.314103e-02 9.948781e-01 8.464453e+01
9.941288e-01 -4.876876e-02 9.658965e-02 -7.284227e-01 4.635386e-02 9.985577e-01 2.709107e-02 1.272621e-01 -9.777153e-02 -2.245471e-02 9.949555e-01 8.537567e+01
9.942247e-01 -4.911129e-02 9.542219e-02 -6.562902e-01 4.675145e-02 9.985467e-01 2.681206e-02 1.420875e-01 -9.660029e-02 -2.219609e-02 9.950757e-01 8.612992e+01
9.943585e-01 -4.959912e-02 9.376120e-02 -5.868140e-01 4.733959e-02 9.985359e-01 2.617266e-02 1.606679e-01 -9.492207e-02 -2.158639e-02 9.952506e-01 8.688924e+01
9.944674e-01 -5.076742e-02 9.196315e-02 -5.175634e-01 4.851482e-02 9.984691e-01 2.656815e-02 1.757513e-01 -9.317115e-02 -2.195958e-02 9.954079e-01 8.766883e+01
9.947051e-01 -5.116158e-02 8.913072e-02 -4.505141e-01 4.896381e-02 9.984443e-01 2.667366e-02 1.903831e-01 -9.035673e-02 -2.216825e-02 9.956627e-01 8.845372e+01
9.949660e-01 -5.201609e-02 8.565613e-02 -3.857665e-01 4.988974e-02 9.983956e-01 2.678199e-02 2.050155e-01 -8.691179e-02 -2.237381e-02 9.959647e-01 8.924316e+01
9.953283e-01 -5.197930e-02 8.136214e-02 -3.251087e-01 4.991303e-02 9.983823e-01 2.722844e-02 2.235851e-01 -8.264584e-02 -2.304020e-02 9.963126e-01 9.005186e+01
9.956740e-01 -5.204993e-02 7.696791e-02 -2.706856e-01 5.000237e-02 9.983482e-01 2.829602e-02 2.428377e-01 -7.831358e-02 -2.432504e-02 9.966320e-01 9.086487e+01
9.960194e-01 -5.221965e-02 7.223850e-02 -2.200226e-01 5.021802e-02 9.983097e-01 2.925400e-02 2.616671e-01 -7.364404e-02 -2.550987e-02 9.969583e-01 9.166500e+01
9.963625e-01 -5.221455e-02 6.734601e-02 -1.735187e-01 5.031165e-02 9.982934e-01 2.964980e-02 2.793778e-01 -6.877922e-02 -2.615366e-02 9.972890e-01 9.246957e+01
9.966814e-01 -5.288237e-02 6.188411e-02 -1.279863e-01 5.110022e-02 9.982418e-01 3.003604e-02 2.966432e-01 -6.336368e-02 -2.677407e-02 9.976313e-01 9.326750e+01
9.969986e-01 -5.306161e-02 5.637560e-02 -9.109332e-02 5.142978e-02 9.982255e-01 3.001362e-02 3.111955e-01 -5.786814e-02 -2.702416e-02 9.979584e-01 9.406364e+01
9.973040e-01 -5.306943e-02 5.067944e-02 -5.315747e-02 5.158365e-02 9.982123e-01 3.018932e-02 3.209156e-01 -5.219097e-02 -2.749370e-02 9.982586e-01 9.484939e+01
9.975753e-01 -5.292141e-02 4.519882e-02 -2.558612e-02 5.157774e-02 9.982063e-01 3.039476e-02 3.301137e-01 -4.672629e-02 -2.798980e-02 9.985155e-01 9.563757e+01
9.978290e-01 -5.277887e-02 3.939170e-02 -6.774119e-04 5.162579e-02 9.982237e-01 2.973746e-02 3.453263e-01 -4.089123e-02 -2.763927e-02 9.987812e-01 9.643240e+01
9.979838e-01 -5.387640e-02 3.355159e-02 2.444155e-02 5.288976e-02 9.981606e-01 2.963140e-02 3.536797e-01 -3.508631e-02 -2.779712e-02 9.989976e-01 9.721908e+01
9.982062e-01 -5.285980e-02 2.811160e-02 3.826555e-02 5.203186e-02 9.982123e-01 2.941061e-02 3.701744e-01 -2.961599e-02 -2.789515e-02 9.991720e-01 9.800325e+01
9.983324e-01 -5.305627e-02 2.274870e-02 5.111545e-02 5.237672e-02 9.981918e-01 2.949409e-02 3.819553e-01 -2.427241e-02 -2.825341e-02 9.993061e-01 9.878196e+01
9.984782e-01 -5.235839e-02 1.731885e-02 6.145201e-02 5.183150e-02 9.982174e-01 2.958828e-02 3.934615e-01 -1.883717e-02 -2.864559e-02 9.994121e-01 9.956614e+01
9.985423e-01 -5.265275e-02 1.186870e-02 6.807050e-02 5.228160e-02 9.981915e-01 2.966983e-02 4.028789e-01 -1.340943e-02 -2.900607e-02 9.994893e-01 1.003513e+02
9.985577e-01 -5.329326e-02 6.506775e-03 6.462593e-02 5.307853e-02 9.981509e-01 2.962091e-02 4.107246e-01 -8.073338e-03 -2.923281e-02 9.995400e-01 1.011124e+02
9.985504e-01 -5.380940e-02 1.273049e-03 6.051721e-02 5.374881e-02 9.981216e-01 2.940028e-02 4.276302e-01 -2.852669e-03 -2.928923e-02 9.995669e-01 1.018809e+02
9.985443e-01 -5.380944e-02 -3.727425e-03 5.377973e-02 5.389496e-02 9.981277e-01 2.892238e-02 4.409786e-01 2.164148e-03 -2.908117e-02 9.995747e-01 1.026354e+02
9.985191e-01 -5.372413e-02 -8.565740e-03 4.511179e-02 5.394937e-02 9.981315e-01 2.868724e-02 4.558101e-01 7.008538e-03 -2.910687e-02 9.995517e-01 1.033907e+02
9.984937e-01 -5.338236e-02 -1.267491e-02 2.971666e-02 5.373545e-02 9.981230e-01 2.937681e-02 4.628273e-01 1.108291e-02 -3.001365e-02 9.994880e-01 1.041556e+02
9.984527e-01 -5.322944e-02 -1.609112e-02 1.145553e-02 5.367898e-02 9.981390e-01 2.893103e-02 4.794173e-01 1.452119e-02 -2.975002e-02 9.994519e-01 1.049108e+02
9.983493e-01 -5.392530e-02 -1.976690e-02 -5.344170e-03 5.450624e-02 9.980586e-01 3.013383e-02 4.878235e-01 1.810355e-02 -3.116150e-02 9.993504e-01 1.056676e+02
9.982591e-01 -5.447544e-02 -2.260767e-02 -2.420711e-02 5.514264e-02 9.980271e-01 3.002012e-02 5.034255e-01 2.092771e-02 -3.121450e-02 9.992936e-01 1.064250e+02
9.981912e-01 -5.469726e-02 -2.494911e-02 -4.892786e-02 5.541357e-02 9.980427e-01 2.898484e-02 5.188874e-01 2.331489e-02 -3.031493e-02 9.992684e-01 1.071762e+02
9.981961e-01 -5.361869e-02 -2.701091e-02 -7.572427e-02 5.437523e-02 9.981251e-01 2.809902e-02 5.301442e-01 2.545364e-02 -2.951706e-02 9.992401e-01 1.079174e+02
9.981349e-01 -5.398970e-02 -2.849212e-02 -9.670790e-02 5.477617e-02 9.981176e-01 2.758446e-02 5.503552e-01 2.694921e-02 -2.909370e-02 9.992133e-01 1.086781e+02
9.980761e-01 -5.424076e-02 -3.003311e-02 -1.225143e-01 5.508462e-02 9.980884e-01 2.802123e-02 5.623466e-01 2.845581e-02 -2.962168e-02 9.991561e-01 1.094426e+02
9.980110e-01 -5.469106e-02 -3.135219e-02 -1.540997e-01 5.557057e-02 9.980648e-01 2.790291e-02 5.733879e-01 2.976548e-02 -2.958967e-02 9.991188e-01 1.101968e+02
9.979402e-01 -5.510512e-02 -3.284467e-02 -1.778364e-01 5.603063e-02 9.980376e-01 2.795704e-02 5.841989e-01 3.123964e-02 -2.973977e-02 9.990694e-01 1.109732e+02
9.978995e-01 -5.496952e-02 -3.427838e-02 -2.089916e-01 5.594284e-02 9.980381e-01 2.811243e-02 5.967667e-01 3.266580e-02 -2.997101e-02 9.990169e-01 1.117534e+02
9.978257e-01 -5.560415e-02 -3.538344e-02 -2.443373e-01 5.661512e-02 9.979966e-01 2.824134e-02 6.094158e-01 3.374222e-02 -3.018317e-02 9.989747e-01 1.125208e+02
9.977963e-01 -5.532142e-02 -3.663348e-02 -2.758556e-01 5.636162e-02 9.980178e-01 2.799787e-02 6.285520e-01 3.501198e-02 -3.000090e-02 9.989365e-01 1.133195e+02
9.977517e-01 -5.520404e-02 -3.800014e-02 -3.082782e-01 5.628830e-02 9.980196e-01 2.807956e-02 6.433334e-01 3.637478e-02 -3.015540e-02 9.988831e-01 1.141147e+02
9.976691e-01 -5.583824e-02 -3.922277e-02 -3.452093e-01 5.695112e-02 9.979884e-01 2.785263e-02 6.623482e-01 3.758862e-02 -3.002149e-02 9.988422e-01 1.149062e+02
9.976933e-01 -5.442927e-02 -4.056596e-02 -3.842507e-01 5.556576e-02 9.980780e-01 2.743509e-02 6.752505e-01 3.899472e-02 -2.962588e-02 9.988001e-01 1.157045e+02
9.976687e-01 -5.408887e-02 -4.161295e-02 -4.248928e-01 5.524698e-02 9.981021e-01 2.720234e-02 6.884046e-01 4.006262e-02 -2.943791e-02 9.987634e-01 1.165151e+02
9.975450e-01 -5.524165e-02 -4.303960e-02 -4.729814e-01 5.644370e-02 9.980343e-01 2.723241e-02 6.967964e-01 4.145064e-02 -2.959487e-02 9.987022e-01 1.173107e+02
9.974598e-01 -5.551641e-02 -4.463125e-02 -5.186482e-01 5.675127e-02 9.980261e-01 2.689317e-02 7.164118e-01 4.305014e-02 -2.935774e-02 9.986415e-01 1.181396e+02
9.973674e-01 -5.586343e-02 -4.623465e-02 -5.663288e-01 5.715736e-02 9.979959e-01 2.715307e-02 7.363432e-01 4.462512e-02 -2.972424e-02 9.985615e-01 1.189767e+02
9.972791e-01 -5.568031e-02 -4.831270e-02 -6.194143e-01 5.704471e-02 9.979973e-01 2.733652e-02 7.620981e-01 4.669384e-02 -3.001813e-02 9.984581e-01 1.198172e+02
9.970915e-01 -5.668557e-02 -5.094484e-02 -6.609517e-01 5.813076e-02 9.979343e-01 2.734730e-02 7.773689e-01 4.928941e-02 -3.022922e-02 9.983270e-01 1.206697e+02
9.969695e-01 -5.691370e-02 -5.303465e-02 -7.180493e-01 5.846515e-02 9.978918e-01 2.817512e-02 7.810976e-01 5.131930e-02 -3.119042e-02 9.981951e-01 1.215197e+02
9.967537e-01 -5.844285e-02 -5.537551e-02 -7.703584e-01 6.007466e-02 9.977933e-01 2.827526e-02 7.868215e-01 5.360083e-02 -3.151014e-02 9.980652e-01 1.223779e+02
9.965438e-01 -5.950085e-02 -5.796612e-02 -8.226492e-01 6.119724e-02 9.977345e-01 2.794182e-02 7.958461e-01 5.617224e-02 -3.139262e-02 9.979274e-01 1.232500e+02
9.963857e-01 -6.008034e-02 -6.004962e-02 -8.776269e-01 6.183558e-02 9.976988e-01 2.781045e-02 8.114444e-01 5.824058e-02 -3.142314e-02 9.978079e-01 1.241375e+02
9.963343e-01 -5.906107e-02 -6.188455e-02 -9.403321e-01 6.085506e-02 9.977673e-01 2.751530e-02 8.314164e-01 6.012130e-02 -3.118043e-02 9.977040e-01 1.250216e+02
9.962474e-01 -5.861249e-02 -6.368474e-02 -1.003280e+00 6.048214e-02 9.977811e-01 2.783617e-02 8.506512e-01 6.191188e-02 -3.158350e-02 9.975818e-01 1.259142e+02
9.960852e-01 -5.940707e-02 -6.546075e-02 -1.066814e+00 6.137132e-02 9.977105e-01 2.841398e-02 8.617805e-01 6.362288e-02 -3.232016e-02 9.974505e-01 1.268130e+02
9.959817e-01 -5.847838e-02 -6.782918e-02 -1.128644e+00 6.055955e-02 9.977420e-01 2.904160e-02 8.826604e-01 6.597771e-02 -3.303261e-02 9.972742e-01 1.277107e+02
9.958151e-01 -5.910826e-02 -6.970248e-02 -1.197313e+00 6.124858e-02 9.977018e-01 2.897813e-02 8.990665e-01 6.782945e-02 -3.312603e-02 9.971468e-01 1.286157e+02
9.957602e-01 -5.798611e-02 -7.140867e-02 -1.268152e+00 6.018439e-02 9.977652e-01 2.902576e-02 9.227570e-01 6.956599e-02 -3.320039e-02 9.970247e-01 1.295303e+02
9.956288e-01 -5.815287e-02 -7.308582e-02 -1.344825e+00 6.041119e-02 9.977500e-01 2.907667e-02 9.380210e-01 7.123048e-02 -3.336477e-02 9.969017e-01 1.304514e+02
9.954477e-01 -5.889266e-02 -7.493682e-02 -1.424229e+00 6.121409e-02 9.977013e-01 2.906640e-02 9.530650e-01 7.305277e-02 -3.352127e-02 9.967646e-01 1.313746e+02
9.952730e-01 -5.969240e-02 -7.660560e-02 -1.506066e+00 6.207223e-02 9.976483e-01 2.906832e-02 9.733472e-01 7.469029e-02 -3.368600e-02 9.966377e-01 1.322949e+02
9.951863e-01 -5.885311e-02 -7.836161e-02 -1.587124e+00 6.135916e-02 9.976659e-01 2.996432e-02 9.915093e-01 7.641522e-02 -3.462829e-02 9.964746e-01 1.332210e+02
