1.000000e+00 0.000000e+00 0.000000e+00 0.000000e+00 0.000000e+00 1.000000e+00 0.000000e+00 0.000000e+00 0.000000e+00 0.000000e+00 1.000000e+00 0.000000e+00
9.999993e-01 8.516299e-04 -7.653762e-04 -8.743959e-03 -8.517098e-04 9.999996e-01 -1.040370e-04 -3.384208e-02 7.652873e-04 1.046888e-04 9.999997e-01 1.615970e+00
9.999981e-01 1.180598e-03 -1.580961e-03 -9.417878e-03 -1.181331e-03 9.999992e-01 -4.627710e-04 -6.806664e-02 1.580414e-03 4.646378e-04 9.999986e-01 3.203161e+00
9.999956e-01 2.570071e-03 -1.466830e-03 -2.570929e-02 -2.572133e-03 9.999957e-01 -1.405355e-03 -9.862592e-02 1.463212e-03 1.409122e-03 9.999979e-01 4.763508e+00
9.999916e-01 3.854208e-03 -1.367227e-03 -2.761829e-02 -3.857259e-03 9.999901e-01 -2.236404e-03 -1.350101e-01 1.358593e-03 2.241659e-03 9.999966e-01 6.348120e+00
9.999845e-01 5.573101e-03 -1.188505e-04 -3.786394e-02 -5.573378e-03 9.999814e-01 -2.467354e-03 -1.852852e-01 1.050975e-04 2.467978e-03 9.999969e-01 7.894960e+00
9.999708e-01 7.366896e-03 2.009703e-03 -3.573651e-02 -7.362981e-03 9.999710e-01 -1.948377e-03 -2.228120e-01 -2.023998e-03 1.933523e-03 9.999961e-01 9.384719e+00
9.999511e-01 7.777447e-03 6.105935e-03 -3.539738e-02 -7.759501e-03 9.999655e-01 -2.957352e-03 -2.609920e-01 -6.128725e-03 2.909829e-03 9.999770e-01 1.088306e+01
9.999097e-01 7.782516e-03 1.095643e-02 -2.609730e-02 -7.762494e-03 9.999681e-01 -1.868701e-03 -2.926275e-01 -1.097062e-02 1.783483e-03 9.999382e-01 1.234138e+01
9.998394e-01 6.730648e-03 1.660967e-02 -4.128183e-03 -6.710212e-03 9.999767e-01 -1.285782e-03 -3.299443e-01 -1.661794e-02 1.174121e-03 9.998612e-01 1.378686e+01
9.997037e-01 6.451698e-03 2.347042e-02 2.724530e-02 -6.420492e-03 9.999784e-01 -1.404717e-03 -3.662896e-01 -2.347898e-02 1.253609e-03 9.997235e-01 1.522752e+01
9.994092e-01 7.761654e-03 3.348114e-02 6.315736e-02 -7.693156e-03 9.999680e-01 -2.174227e-03 -4.007376e-01 -3.349695e-02 1.915367e-03 9.994370e-01 1.662741e+01
9.988970e-01 9.650603e-03 4.595332e-02 1.098270e-01 -9.544404e-03 9.999513e-01 -2.529878e-03 -4.256254e-01 -4.597550e-02 2.088490e-03 9.989404e-01 1.800323e+01
9.981409e-01 1.100436e-02 5.994654e-02 1.855533e-01 -1.088399e-02 9.999380e-01 -2.334186e-03 -4.603532e-01 -5.996851e-02 1.677390e-03 9.981989e-01 1.939555e+01
9.969968e-01 1.272970e-02 7.638898e-02 2.678337e-01 -1.262113e-02 9.999185e-01 -1.903889e-03 -4.907262e-01 -7.640699e-02 9.340558e-04 9.970763e-01 2.071972e+01
9.954372e-01 1.311501e-02 9.451337e-02 3.830167e-01 -1.287292e-02 9.999121e-01 -3.170687e-03 -5.214446e-01 -9.454664e-02 1.939556e-03 9.955185e-01 2.200713e+01
9.932542e-01 1.538073e-02 1.149324e-01 5.133542e-01 -1.535942e-02 9.998815e-01 -1.071019e-03 -5.528856e-01 -1.149353e-01 -7.015018e-04 9.933727e-01 2.327808e+01
9.904295e-01 1.271846e-02 1.374324e-01 6.748900e-01 -1.270562e-02 9.999188e-01 -9.707613e-04 -5.811059e-01 -1.374336e-01 -7.846931e-04 9.905107e-01 2.454165e+01
9.870886e-01 1.293545e-02 1.596522e-01 8.580556e-01 -1.233947e-02 9.999127e-01 -4.723847e-03 -6.121423e-01 -1.596994e-01 2.692833e-03 9.871620e-01 2.576088e+01
9.831198e-01 8.346907e-03 1.827727e-01 1.079704e+00 -6.824758e-03 9.999366e-01 -8.955516e-03 -6.392904e-01 -1.828358e-01 7.556965e-03 9.831144e-01 2.698416e+01
9.785939e-01 3.699041e-03 2.057674e-01 1.328111e+00 -2.362163e-03 9.999745e-01 -6.742311e-03 -6.685350e-01 -2.057871e-01 6.111928e-03 9.785777e-01 2.817515e+01
9.735032e-01 -5.021020e-03 2.286181e-01 1.608770e+00 6.243546e-03 9.999698e-01 -4.624495e-03 -6.953873e-01 -2.285880e-01 5.929349e-03 9.735052e-01 2.935890e+01
9.679430e-01 -7.018330e-03 2.510720e-01 1.906345e+00 8.709694e-03 9.999462e-01 -5.626013e-03 -7.228971e-01 -2.510191e-01 7.632421e-03 9.679521e-01 3.052564e+01
9.615183e-01 -1.103439e-02 2.745191e-01 2.245604e+00 1.373710e-02 9.998742e-01 -7.924680e-03 -7.458414e-01 -2.743972e-01 1.139082e-02 9.615490e-01 3.171871e+01
9.542812e-01 -1.142038e-02 2.986922e-01 2.600020e+00 1.514196e-02 9.998339e-01 -1.014826e-02 -7.737568e-01 -2.985266e-01 1.420708e-02 9.542956e-01 3.286467e+01
9.464152e-01 -1.161015e-02 3.227438e-01 2.972383e+00 1.629297e-02 9.997975e-01 -1.181160e-02 -8.052559e-01 -3.225413e-01 1.643714e-02 9.464127e-01 3.398251e+01
9.377362e-01 -1.251660e-02 3.471228e-01 3.380551e+00 1.741275e-02 9.997880e-01 -1.098924e-02 -8.334758e-01 -3.469116e-01 1.634937e-02 9.377553e-01 3.511703e+01
9.285520e-01 -1.394281e-02 3.709404e-01 3.823083e+00 1.863421e-02 9.997853e-01 -9.066204e-03 -8.649076e-01 -3.707344e-01 1.533063e-02 9.286124e-01 3.623847e+01
9.184329e-01 -1.503653e-02 3.952910e-01 4.287265e+00 2.015218e-02 9.997583e-01 -8.792353e-03 -8.956054e-01 -3.950632e-01 1.604116e-02 9.185139e-01 3.733668e+01
9.073320e-01 -1.279344e-02 4.202202e-01 4.780372e+00 1.926895e-02 9.997520e-01 -1.116811e-02 -9.246922e-01 -4.199731e-01 1.823038e-02 9.073534e-01 3.842882e+01
8.951626e-01 -1.069046e-02 4.456115e-01 5.302619e+00 1.872179e-02 9.997319e-01 -1.362497e-02 -9.574609e-01 -4.453464e-01 2.053921e-02 8.951228e-01 3.950373e+01
8.819538e-01 -7.990701e-03 4.712680e-01 5.846286e+00 1.787454e-02 9.997041e-01 -1.650055e-02 -9.903875e-01 -4.709967e-01 2.297642e-02 8.818357e-01 4.056151e+01
8.678179e-01 -5.636101e-03 4.968505e-01 6.424002e+00 1.636095e-02 9.997176e-01 -1.723620e-02 -1.028364e+00 -4.966130e-01 2.308683e-02 8.676650e-01 4.160222e+01
8.531324e-01 -3.288776e-03 5.216840e-01 7.031608e+00 1.497537e-02 9.997224e-01 -1.818747e-02 -1.069031e+00 -5.214794e-01 2.332873e-02 8.529449e-01 4.261892e+01
8.372557e-01 -4.952987e-04 5.468114e-01 7.671277e+00 1.416807e-02 9.996835e-01 -2.078808e-02 -1.108745e+00 -5.466280e-01 2.515220e-02 8.369977e-01 4.362735e+01
8.210861e-01 1.767826e-03 5.708016e-01 8.328097e+00 1.479008e-02 9.995936e-01 -2.437105e-02 -1.150225e+00 -5.706127e-01 2.845293e-02 8.207262e-01 4.459010e+01
8.043125e-01 5.289635e-03 5.941830e-01 9.024684e+00 1.330702e-02 9.995493e-01 -2.691133e-02 -1.198211e+00 -5.940575e-01 2.955192e-02 8.038795e-01 4.554863e+01
7.865291e-01 6.334485e-03 6.175207e-01 9.746282e+00 1.455270e-02 9.994796e-01 -2.878820e-02 -1.246346e+00 -6.173817e-01 3.162935e-02 7.860276e-01 4.647530e+01
7.680004e-01 7.777204e-03 6.404022e-01 1.048026e+01 1.574730e-02 9.993947e-01 -3.102180e-02 -1.299407e+00 -6.402558e-01 3.390936e-02 7.674130e-01 4.736309e+01
7.491654e-01 9.229603e-03 6.623187e-01 1.123674e+01 1.693917e-02 9.993090e-01 -3.308598e-02 -1.358074e+00 -6.621663e-01 3.600600e-02 7.484913e-01 4.823570e+01
7.293500e-01 1.068447e-02 6.840573e-01 1.204786e+01 1.876104e-02 9.991897e-01 -3.560984e-02 -1.410594e+00 -6.838835e-01 3.880566e-02 7.285585e-01 4.911219e+01
7.084156e-01 1.285440e-02 7.056785e-01 1.287318e+01 2.028721e-02 9.990502e-01 -3.856425e-02 -1.466618e+00 -7.055039e-01 4.163576e-02 7.074819e-01 4.995170e+01
6.865855e-01 1.527180e-02 7.268887e-01 1.372897e+01 2.116905e-02 9.989356e-01 -4.098277e-02 -1.527132e+00 -7.267408e-01 4.352572e-02 6.855314e-01 5.077032e+01
6.644678e-01 1.878009e-02 7.470809e-01 1.459805e+01 2.071065e-02 9.988375e-01 -4.352918e-02 -1.584858e+00 -7.470299e-01 4.439626e-02 6.633064e-01 5.156053e+01
6.419600e-01 1.967035e-02 7.664858e-01 1.549816e+01 2.213990e-02 9.987785e-01 -4.417467e-02 -1.657753e+00 -7.664184e-01 4.532829e-02 6.407403e-01 5.232469e+01
6.183413e-01 2.290210e-02 7.855759e-01 1.641705e+01 2.095457e-02 9.987395e-01 -4.561024e-02 -1.723331e+00 -7.856303e-01 4.466410e-02 6.170820e-01 5.306529e+01
5.938715e-01 2.440002e-02 8.041898e-01 1.735416e+01 2.204082e-02 9.986715e-01 -4.657733e-02 -1.790847e+00 -8.042580e-01 4.538595e-02 5.925447e-01 5.377019e+01
5.694392e-01 2.699838e-02 8.215900e-01 1.831050e+01 2.308021e-02 9.985414e-01 -4.880997e-02 -1.859206e+00 -8.217094e-01 4.675678e-02 5.679855e-01 5.444544e+01
5.451369e-01 2.949667e-02 8.378279e-01 1.930907e+01 2.429510e-02 9.984053e-01 -5.095771e-02 -1.931611e+00 -8.379949e-01 4.813404e-02 5.435510e-01 5.510485e+01
5.203873e-01 3.156424e-02 8.533468e-01 2.033366e+01 2.671691e-02 9.982256e-01 -5.321561e-02 -2.005749e+00 -8.535123e-01 5.049152e-02 5.186206e-01 5.573872e+01
4.959936e-01 3.353183e-02 8.676785e-01 2.135449e+01 2.778335e-02 9.981296e-01 -5.445505e-02 -2.079643e+00 -8.678816e-01 5.111637e-02 4.941343e-01 5.633090e+01
4.719141e-01 3.673673e-02 8.808788e-01 2.240615e+01 2.789258e-02 9.980092e-01 -5.656453e-02 -2.155622e+00 -8.812032e-01 5.126358e-02 4.699499e-01 5.689545e+01
4.473193e-01 3.716264e-02 8.936019e-01 2.348104e+01 2.991368e-02 9.979557e-01 -5.647665e-02 -2.236496e+00 -8.938739e-01 5.199402e-02 4.452932e-01 5.743622e+01
4.225226e-01 3.753725e-02 9.055748e-01 2.456408e+01 3.016107e-02 9.980063e-01 -5.544119e-02 -2.319996e+00 -9.058504e-01 5.073825e-02 4.205480e-01 5.794994e+01
3.974121e-01 3.837864e-02 9.168373e-01 2.566794e+01 2.998069e-02 9.980486e-01 -5.477356e-02 -2.401581e+00 -9.171503e-01 4.925509e-02 3.954860e-01 5.843923e+01
3.726374e-01 4.191696e-02 9.270299e-01 2.678466e+01 2.983401e-02 9.979218e-01 -5.711479e-02 -2.482082e+00 -9.274973e-01 4.894013e-02 3.706124e-01 5.890113e+01
3.487532e-01 4.466224e-02 9.361498e-01 2.791053e+01 3.132497e-02 9.977503e-01 -5.927090e-02 -2.565857e+00 -9.366909e-01 4.999579e-02 3.465696e-01 5.932905e+01
3.264546e-01 4.627511e-02 9.440794e-01 2.903242e+01 3.311453e-02 9.976278e-01 -6.035057e-02 -2.652379e+00 -9.446326e-01 5.096447e-02 3.241478e-01 5.972336e+01
3.053386e-01 4.742181e-02 9.510623e-01 3.017671e+01 3.778875e-02 9.973690e-01 -6.186284e-02 -2.741639e+00 -9.514938e-01 5.482857e-02 3.027432e-01 6.009493e+01
2.858776e-01 4.968704e-02 9.569771e-01 3.134768e+01 4.205521e-02 9.970421e-01 -6.433040e-02 -2.828219e+00 -9.573429e-01 5.863649e-02 2.829424e-01 6.044163e+01
2.684462e-01 5.227445e-02 9.618753e-01 3.251451e+01 4.642208e-02 9.966643e-01 -6.712088e-02 -2.918476e+00 -9.621755e-01 6.267059e-02 2.651240e-01 6.076438e+01
2.534811e-01 5.576632e-02 9.657315e-01 3.368595e+01 5.048887e-02 9.962135e-01 -7.077861e-02 -3.010677e+00 -9.660218e-01 6.669974e-02 2.497058e-01 6.106736e+01
2.404396e-01 5.875629e-02 9.688841e-01 3.487940e+01 5.405334e-02 9.958069e-01 -7.380292e-02 -3.103293e+00 -9.691579e-01 7.011657e-02 2.362555e-01 6.136237e+01
2.298151e-01 6.015574e-02 9.713734e-01 3.609761e+01 5.604098e-02 9.956139e-01 -7.491553e-02 -3.198295e+00 -9.716195e-01 7.165344e-02 2.254359e-01 6.164322e+01
2.200498e-01 6.002102e-02 9.736404e-01 3.732942e+01 5.776530e-02 9.955520e-01 -7.442715e-02 -3.296455e+00 -9.737768e-01 7.262031e-02 2.156039e-01 6.191626e+01
2.117086e-01 6.065555e-02 9.754488e-01 3.857305e+01 5.955309e-02 9.954170e-01 -7.482244e-02 -3.397592e+00 -9.755167e-01 7.393155e-02 2.071261e-01 6.217905e+01
2.035237e-01 6.076609e-02 9.771825e-01 3.982415e+01 6.168952e-02 9.952930e-01 -7.474074e-02 -3.501304e+00 -9.771246e-01 7.549343e-02 1.988171e-01 6.243772e+01
1.957572e-01 6.020925e-02 9.788023e-01 4.111020e+01 6.485859e-02 9.951331e-01 -7.418531e-02 -3.602500e+00 -9.785052e-01 7.800605e-02 1.908994e-01 6.269015e+01
1.890292e-01 5.928926e-02 9.801800e-01 4.241335e+01 6.853043e-02 9.949453e-01 -7.339859e-02 -3.706130e+00 -9.795772e-01 8.104664e-02 1.840106e-01 6.293024e+01
1.832054e-01 5.788014e-02 9.813693e-01 4.374728e+01 7.141762e-02 9.948439e-01 -7.200735e-02 -3.804614e+00 -9.804771e-01 8.327920e-02 1.781271e-01 6.316674e+01
1.777558e-01 5.618583e-02 9.824694e-01 4.507858e+01 7.381501e-02 9.947949e-01 -7.024587e-02 -3.902361e+00 -9.813023e-01 8.500759e-02 1.726832e-01 6.340164e+01
1.718084e-01 5.493383e-02 9.835976e-01 4.643150e+01 7.548341e-02 9.947747e-01 -6.874302e-02 -4.006039e+00 -9.822343e-01 8.605593e-02 1.667640e-01 6.363720e+01
1.664623e-01 5.777353e-02 9.843539e-01 4.779566e+01 7.355990e-02 9.947727e-01 -7.082461e-02 -4.109522e+00 -9.833002e-01 8.419860e-02 1.613423e-01 6.385898e+01
1.607265e-01 6.115099e-02 9.851028e-01 4.916639e+01 7.045501e-02 9.948219e-01 -7.324954e-02 -4.207465e+00 -9.844811e-01 8.117857e-02 1.555859e-01 6.408653e+01
1.545777e-01 6.087809e-02 9.861032e-01 5.055176e+01 6.968947e-02 9.949418e-01 -7.234799e-02 -4.312395e+00 -9.855197e-01 7.990440e-02 1.495532e-01 6.430079e+01
1.483537e-01 6.004054e-02 9.871101e-01 5.195442e+01 6.739533e-02 9.952209e-01 -7.066279e-02 -4.417254e+00 -9.866352e-01 7.700969e-02 1.435983e-01 6.451402e+01
1.422405e-01 5.858484e-02 9.880969e-01 5.338431e+01 6.746251e-02 9.953519e-01 -6.872649e-02 -4.520395e+00 -9.875305e-01 7.643518e-02 1.376270e-01 6.471910e+01
1.366726e-01 5.809595e-02 9.889113e-01 5.481485e+01 6.873051e-02 9.953171e-01 -6.797118e-02 -4.635386e+00 -9.882291e-01 7.725817e-02 1.320396e-01 6.491198e+01
1.315005e-01 5.801149e-02 9.896172e-01 5.624943e+01 7.047649e-02 9.952131e-01 -6.770445e-02 -4.742876e+00 -9.888077e-01 7.864792e-02 1.267825e-01 6.509371e+01
1.281001e-01 5.712148e-02 9.901149e-01 5.771868e+01 7.251638e-02 9.951282e-01 -6.679280e-02 -4.847416e+00 -9.891065e-01 8.035571e-02 1.233337e-01 6.526627e+01
1.258325e-01 5.474837e-02 9.905396e-01 5.917280e+01 7.457559e-02 9.951288e-01 -6.447568e-02 -4.950814e+00 -9.892445e-01 8.198322e-02 1.211367e-01 6.544198e+01
1.242096e-01 5.330945e-02 9.908229e-01 6.064251e+01 7.559027e-02 9.951456e-01 -6.301802e-02 -5.051841e+00 -9.893726e-01 8.272402e-02 1.195770e-01 6.561804e+01
1.223906e-01 5.236930e-02 9.910994e-01 6.212259e+01 7.561665e-02 9.952123e-01 -6.192450e-02 -5.156351e+00 -9.895972e-01 8.252259e-02 1.178446e-01 6.579341e+01
1.205340e-01 5.278721e-02 9.913047e-01 6.359726e+01 7.468685e-02 9.952728e-01 -6.207978e-02 -5.268213e+00 -9.898957e-01 8.152015e-02 1.160217e-01 6.597214e+01
1.187346e-01 5.398726e-02 9.914572e-01 6.509034e+01 7.427041e-02 9.952406e-01 -6.308772e-02 -5.374346e+00 -9.901444e-01 8.112663e-02 1.141598e-01 6.614746e+01
1.176848e-01 5.463323e-02 9.915470e-01 6.658881e+01 7.480981e-02 9.951605e-01 -6.371136e-02 -5.479342e+00 -9.902292e-01 8.167531e-02 1.130282e-01 6.632006e+01
1.161869e-01 5.469889e-02 9.917200e-01 6.810167e+01 7.413787e-02 9.952193e-01 -6.357765e-02 -5.581120e+00 -9.904566e-01 8.091090e-02 1.115762e-01 6.650211e+01
1.150956e-01 5.404533e-02 9.918831e-01 6.962111e+01 7.418575e-02 9.952627e-01 -6.283781e-02 -5.683822e+00 -9.905804e-01 8.081594e-02 1.105410e-01 6.667760e+01
1.141316e-01 5.305431e-02 9.920480e-01 7.112661e+01 7.486398e-02 9.952745e-01 -6.183970e-02 -5.790043e+00 -9.906409e-01 8.132653e-02 1.096205e-01 6.684714e+01
1.135022e-01 5.165969e-02 9.921938e-01 7.263714e+01 7.590518e-02 9.952777e-01 -6.050344e-02 -5.899866e+00 -9.906340e-01 8.217992e-02 1.090449e-01 6.701677e+01
1.127134e-01 5.046085e-02 9.923454e-01 7.417725e+01 7.825638e-02 9.951566e-01 -5.949238e-02 -6.006202e+00 -9.905411e-01 8.436295e-02 1.082186e-01 6.718346e+01
1.122414e-01 4.930243e-02 9.924571e-01 7.571571e+01 8.035749e-02 9.950468e-01 -5.851906e-02 -6.110535e+00 -9.904264e-01 8.631962e-02 1.077236e-01 6.734714e+01
1.122744e-01 4.912128e-02 9.924624e-01 7.724974e+01 8.181063e-02 9.949296e-01 -5.849839e-02 -6.209355e+00 -9.903037e-01 8.776185e-02 1.076865e-01 6.751279e+01
1.120858e-01 4.942271e-02 9.924687e-01 7.877936e+01 8.261857e-02 9.948409e-01 -5.887147e-02 -6.307830e+00 -9.902580e-01 8.859500e-02 1.074243e-01 6.767747e+01
1.121102e-01 4.963430e-02 9.924554e-01 8.030761e+01 8.345440e-02 9.947530e-01 -5.917642e-02 -6.404644e+00 -9.901852e-01 8.945905e-02 1.073797e-01 6.784699e+01
1.122439e-01 4.988851e-02 9.924276e-01 8.184201e+01 8.428691e-02 9.946615e-01 -5.953369e-02 -6.511112e+00 -9.900995e-01 9.033094e-02 1.074397e-01 6.801042e+01
1.123252e-01 5.060941e-02 9.923819e-01 8.337038e+01 8.464450e-02 9.945848e-01 -6.030245e-02 -6.618045e+00 -9.900598e-01 9.077315e-02 1.074331e-01 6.816872e+01
1.120833e-01 5.168661e-02 9.923537e-01 8.491007e+01 8.417633e-02 9.945630e-01 -6.130914e-02 -6.731898e+00 -9.901271e-01 9.040443e-02 1.071232e-01 6.833709e+01
1.117178e-01 5.126479e-02 9.924168e-01 8.644784e+01 8.426998e-02 9.945825e-01 -6.086306e-02 -6.840597e+00 -9.901604e-01 9.043043e-02 1.067925e-01 6.851572e+01
1.111161e-01 4.921947e-02 9.925879e-01 8.799095e+01 8.385652e-02 9.947466e-01 -5.871390e-02 -6.950792e+00 -9.902633e-01 8.975902e-02 1.064050e-01 6.869655e+01
1.114819e-01 4.784126e-02 9.926142e-01 8.953562e+01 8.257354e-02 9.949405e-01 -5.722734e-02 -7.046706e+00 -9.903299e-01 8.834348e-02 1.069675e-01 6.885462e+01
1.110725e-01 4.797998e-02 9.926534e-01 9.108287e+01 8.155121e-02 9.950253e-01 -5.721976e-02 -7.143184e+00 -9.904606e-01 8.730763e-02 1.066071e-01 6.902860e+01
1.102901e-01 4.891984e-02 9.926948e-01 9.261527e+01 7.972751e-02 9.951338e-01 -5.789790e-02 -7.248105e+00 -9.906965e-01 8.553064e-02 1.058531e-01 6.920849e+01
1.097402e-01 5.004616e-02 9.926996e-01 9.414266e+01 7.823239e-02 9.951984e-01 -5.882051e-02 -7.352283e+00 -9.908768e-01 8.411623e-02 1.052981e-01 6.938048e+01
1.090253e-01 4.972674e-02 9.927944e-01 9.567727e+01 7.670410e-02 9.953493e-01 -5.827809e-02 -7.465201e+00 -9.910752e-01 8.250519e-02 1.047040e-01 6.955576e+01
1.086577e-01 4.918315e-02 9.928618e-01 9.719983e+01 7.556230e-02 9.954771e-01 -5.758216e-02 -7.569407e+00 -9.912032e-01 8.127967e-02 1.044499e-01 6.972279e+01
1.078175e-01 4.949333e-02 9.929380e-01 9.874058e+01 7.545262e-02 9.954721e-01 -5.781261e-02 -7.680684e+00 -9.913033e-01 8.115298e-02 1.035949e-01 6.990338e+01
1.067362e-01 5.077961e-02 9.929898e-01 1.002850e+02 7.573850e-02 9.953781e-01 -5.904286e-02 -7.787925e+00 -9.913985e-01 8.150957e-02 1.023970e-01 7.007184e+01
1.056579e-01 5.120568e-02 9.930833e-01 1.018289e+02 7.631092e-02 9.953108e-01 -5.943954e-02 -7.887683e+00 -9.914701e-01 8.206335e-02 1.012549e-01 7.023090e+01
1.038577e-01 5.095909e-02 9.932858e-01 1.033818e+02 7.665264e-02 9.953061e-01 -5.907752e-02 -7.988559e+00 -9.916340e-01 8.227364e-02 9.946407e-02 7.039252e+01
1.015659e-01 5.154196e-02 9.934927e-01 1.049486e+02 7.710142e-02 9.952454e-01 -5.951505e-02 -8.094935e+00 -9.918366e-01 8.264440e-02 9.710898e-02 7.055014e+01
9.952391e-02 5.206563e-02 9.936721e-01 1.065243e+02 7.755893e-02 9.951859e-01 -5.991307e-02 -8.201701e+00 -9.920079e-01 8.303092e-02 9.500664e-02 7.070136e+01
9.734742e-02 5.234082e-02 9.938732e-01 1.081020e+02 7.877797e-02 9.950777e-01 -6.012036e-02 -8.313907e+00 -9.921278e-01 8.414787e-02 9.274494e-02 7.085558e+01
9.510640e-02 5.276181e-02 9.940679e-01 1.096922e+02 7.873006e-02 9.950677e-01 -6.034730e-02 -8.420547e+00 -9.923489e-01 8.400244e-02 9.048337e-02 7.101145e+01
9.316725e-02 5.106449e-02 9.943401e-01 1.112823e+02 7.968935e-02 9.950976e-01 -5.857008e-02 -8.528548e+00 -9.924563e-01 8.469513e-02 8.864120e-02 7.115493e+01
9.154561e-02 5.055758e-02 9.945166e-01 1.128470e+02 8.052103e-02 9.950642e-01 -5.799740e-02 -8.637644e+00 -9.925401e-01 8.538891e-02 8.702280e-02 7.130254e+01
8.972392e-02 5.086373e-02 9.946670e-01 1.144387e+02 8.095423e-02 9.950181e-01 -5.818416e-02 -8.742118e+00 -9.926712e-01 8.574302e-02 8.515929e-02 7.144954e+01
8.828602e-02 5.155622e-02 9.947600e-01 1.160130e+02 8.160822e-02 9.949280e-01 -5.880774e-02 -8.839034e+00 -9.927465e-01 8.637250e-02 8.363083e-02 7.159689e+01
8.715523e-02 5.137859e-02 9.948689e-01 1.176158e+02 8.159037e-02 9.949458e-01 -5.853027e-02 -8.949149e+00 -9.928479e-01 8.627295e-02 8.252273e-02 7.173451e+01
8.600931e-02 5.076321e-02 9.950002e-01 1.191757e+02 8.150555e-02 9.949950e-01 -5.780840e-02 -9.057731e+00 -9.929548e-01 8.607011e-02 8.144135e-02 7.187317e+01
8.545558e-02 4.993925e-02 9.950897e-01 1.207786e+02 8.242881e-02 9.949649e-01 -5.701175e-02 -9.172057e+00 -9.929264e-01 8.689603e-02 8.090887e-02 7.200184e+01
8.451003e-02 4.862693e-02 9.952354e-01 1.224027e+02 8.273731e-02 9.950168e-01 -5.564186e-02 -9.271255e+00 -9.929817e-01 8.704539e-02 8.006564e-02 7.213346e+01
8.413326e-02 4.871314e-02 9.952631e-01 1.240044e+02 8.284348e-02 9.950046e-01 -5.570355e-02 -9.370997e+00 -9.930048e-01 8.713758e-02 7.967741e-02 7.225946e+01
8.337209e-02 4.975086e-02 9.952758e-01 1.256050e+02 8.317649e-02 9.949205e-01 -5.670061e-02 -9.478655e+00 -9.930412e-01 8.751080e-02 7.881049e-02 7.238678e+01
8.274032e-02 5.130058e-02 9.952499e-01 1.271821e+02 8.420869e-02 9.947426e-01 -5.827514e-02 -9.582720e+00 -9.930070e-01 8.863039e-02 7.798537e-02 7.251577e+01
8.188560e-02 5.240930e-02 9.952628e-01 1.287986e+02 8.468691e-02 9.946388e-01 -5.934409e-02 -9.683100e+00 -9.930372e-01 8.914516e-02 7.700822e-02 7.265244e+01
8.160580e-02 5.299815e-02 9.952546e-01 1.304168e+02 8.536042e-02 9.945443e-01 -5.995945e-02 -9.788688e+00 -9.930026e-01 8.984839e-02 7.663664e-02 7.277641e+01
8.102871e-02 5.297888e-02 9.953028e-01 1.320290e+02 8.615322e-02 9.944766e-01 -5.994874e-02 -9.899172e+00 -9.929814e-01 9.060611e-02 7.601685e-02 7.290016e+01
8.087940e-02 5.136726e-02 9.953994e-01 1.336361e+02 8.628724e-02 9.945610e-01 -5.833511e-02 -1.002005e+01 -9.929819e-01 9.060837e-02 7.600716e-02 7.302143e+01
8.046569e-02 4.937641e-02 9.955336e-01 1.352504e+02 8.773204e-02 9.945451e-01 -5.641848e-02 -1.014069e+01 -9.928889e-01 9.187995e-02 7.569487e-02 7.315596e+01
8.068138e-02 4.734959e-02 9.956147e-01 1.368418e+02 8.906899e-02 9.945324e-01 -5.451598e-02 -1.025057e+01 -9.927524e-01 9.307682e-02 7.602286e-02 7.327868e+01
8.136402e-02 4.575558e-02 9.956336e-01 1.384563e+02 9.076649e-02 9.944545e-01 -5.311891e-02 -1.035791e+01 -9.925429e-01 9.469214e-02 7.675975e-02 7.340279e+01
8.243586e-02 4.536359e-02 9.955634e-01 1.400574e+02 9.194329e-02 9.943569e-01 -5.292182e-02 -1.046552e+01 -9.923461e-01 9.589803e-02 7.779980e-02 7.351589e+01
8.376808e-02 4.527907e-02 9.954560e-01 1.416672e+02 9.397840e-02 9.941556e-01 -5.312825e-02 -1.057316e+01 -9.920438e-01 9.800182e-02 7.902325e-02 7.364896e+01
8.577884e-02 4.546191e-02 9.952764e-01 1.432694e+02 9.458640e-02 9.940749e-01 -5.355905e-02 -1.068305e+01 -9.918142e-01 9.873385e-02 8.097051e-02 7.377567e+01
8.780065e-02 4.580164e-02 9.950845e-01 1.448426e+02 9.622617e-02 9.938807e-01 -5.423669e-02 -1.079130e+01 -9.914795e-01 1.005152e-01 8.285605e-02 7.390974e+01
8.947301e-02 4.656295e-02 9.949002e-01 1.463836e+02 9.528579e-02 9.939246e-01 -5.508650e-02 -1.090291e+01 -9.914208e-01 9.972861e-02 8.449263e-02 7.403621e+01
9.062135e-02 4.675548e-02 9.947873e-01 1.479654e+02 9.540328e-02 9.938956e-01 -5.540445e-02 -1.101548e+01 -9.913052e-01 9.992679e-02 8.560753e-02 7.416670e+01
9.103217e-02 4.525040e-02 9.948194e-01 1.495394e+02 9.497722e-02 9.940189e-01 -5.390500e-02 -1.113056e+01 -9.913085e-01 9.939227e-02 8.618994e-02 7.430573e+01
9.073105e-02 4.379798e-02 9.949119e-01 1.511089e+02 9.461476e-02 9.941344e-01 -5.239215e-02 -1.123695e+01 -9.913707e-01 9.888694e-02 8.605492e-02 7.445058e+01
8.976404e-02 4.240642e-02 9.950599e-01 1.526664e+02 9.488141e-02 9.941850e-01 -5.092836e-02 -1.133621e+01 -9.914333e-01 9.898422e-02 8.521848e-02 7.458750e+01
8.769863e-02 4.091390e-02 9.953065e-01 1.541888e+02 9.559301e-02 9.941993e-01 -4.929130e-02 -1.144506e+01 -9.915498e-01 9.946712e-02 8.327884e-02 7.471000e+01
8.373566e-02 4.015716e-02 9.956785e-01 1.557529e+02 9.607723e-02 9.942073e-01 -4.817783e-02 -1.154608e+01 -9.918455e-01 9.969623e-02 7.939241e-02 7.483450e+01
7.773539e-02 3.970625e-02 9.961830e-01 1.572718e+02 9.531757e-02 9.943334e-01 -4.707046e-02 -1.163936e+01 -9.924071e-01 9.861278e-02 7.351019e-02 7.494990e+01
6.955444e-02 3.937219e-02 9.968009e-01 1.588178e+02 9.482903e-02 9.944350e-01 -4.589569e-02 -1.173044e+01 -9.930607e-01 9.771791e-02 6.543374e-02 7.506151e+01
5.934000e-02 3.974932e-02 9.974461e-01 1.603792e+02 9.403725e-02 9.945408e-01 -4.522800e-02 -1.181865e+01 -9.937987e-01 9.648092e-02 5.527813e-02 7.515800e+01
4.694095e-02 3.932824e-02 9.981232e-01 1.619113e+02 9.222073e-02 9.947865e-01 -4.353384e-02 -1.190903e+01 -9.946315e-01 9.409117e-02 4.306934e-02 7.524069e+01
3.285061e-02 3.815009e-02 9.987319e-01 1.634337e+02 9.133743e-02 9.949752e-01 -4.101089e-02 -1.200360e+01 -9.952780e-01 9.256884e-02 2.920101e-02 7.529674e+01
1.740856e-02 3.796488e-02 9.991274e-01 1.649282e+02 9.009318e-02 9.951543e-01 -3.938367e-02 -1.209183e+01 -9.957812e-01 9.070018e-02 1.390383e-02 7.533508e+01
1.052128e-03 3.872731e-02 9.992493e-01 1.664409e+02 8.919989e-02 9.952629e-01 -3.866673e-02 -1.217742e+01 -9.960132e-01 8.917360e-02 -2.407328e-03 7.534949e+01
-1.536888e-02 3.969715e-02 9.990936e-01 1.679187e+02 8.840839e-02 9.953520e-01 -3.818851e-02 -1.225353e+01 -9.959657e-01 8.774134e-02 -1.880701e-02 7.534409e+01
-3.263510e-02 3.922395e-02 9.986974e-01 1.693858e+02 8.826613e-02 9.954385e-01 -3.621163e-02 -1.233088e+01 -9.955622e-01 8.696938e-02 -3.594838e-02 7.531370e+01
-5.109109e-02 3.804143e-02 9.979692e-01 1.708306e+02 8.774004e-02 9.955813e-01 -3.345855e-02 -1.241057e+01 -9.948323e-01 8.585243e-02 -5.420309e-02 7.525442e+01
-6.980005e-02 3.659739e-02 9.968895e-01 1.722748e+02 8.966354e-02 9.955121e-01 -3.026878e-02 -1.248716e+01 -9.935232e-01 8.727188e-02 -7.276824e-02 7.516130e+01
-8.933347e-02 3.436861e-02 9.954086e-01 1.736829e+02 9.035785e-02 9.955630e-01 -2.626472e-02 -1.255469e+01 -9.918946e-01 8.759667e-02 -9.204257e-02 7.505953e+01
-1.093695e-01 3.259994e-02 9.934664e-01 1.750775e+02 9.252117e-02 9.954569e-01 -2.247971e-02 -1.261710e+01 -9.896859e-01 8.945808e-02 -1.118888e-01 7.491921e+01
-1.296072e-01 3.326916e-02 9.910071e-01 1.764758e+02 9.635289e-02 9.951298e-01 -2.080621e-02 -1.267159e+01 -9.868729e-01 9.278976e-02 -1.321815e-01 7.473761e+01
-1.499531e-01 3.370569e-02 9.881184e-01 1.778379e+02 9.807616e-02 9.949964e-01 -1.905663e-02 -1.271813e+01 -9.838166e-01 9.405326e-02 -1.525086e-01 7.454189e+01
-1.713805e-01 3.707050e-02 9.845072e-01 1.792105e+02 9.993014e-02 9.947922e-01 -2.006218e-02 -1.276608e+01 -9.801238e-01 9.494368e-02 -1.741925e-01 7.430500e+01
-1.942880e-01 3.850077e-02 9.801887e-01 1.805340e+02 1.004346e-01 9.947591e-01 -1.916545e-02 -1.281475e+01 -9.757895e-01 9.472122e-02 -1.971366e-01 7.405897e+01
-2.189705e-01 3.978307e-02 9.749201e-01 1.818637e+02 9.905971e-02 9.949123e-01 -1.834972e-02 -1.286673e+01 -9.706900e-01 9.255725e-02 -2.217973e-01 7.377913e+01
-2.448302e-01 3.920321e-02 9.687731e-01 1.831742e+02 9.880200e-02 9.949896e-01 -1.529468e-02 -1.291409e+01 -9.645187e-01 9.197212e-02 -2.474769e-01 7.346644e+01
-2.713454e-01 3.759600e-02 9.617475e-01 1.844706e+02 9.629352e-02 9.952838e-01 -1.173893e-02 -1.295722e+01 -9.576530e-01 8.942475e-02 -2.736859e-01 7.311636e+01
-2.984607e-01 3.805916e-02 9.536628e-01 1.857549e+02 9.686204e-02 9.952534e-01 -9.404786e-03 -1.299268e+01 -9.494941e-01 8.956677e-02 -3.007305e-01 7.272136e+01
-3.260247e-01 3.799014e-02 9.445976e-01 1.870203e+02 9.613581e-02 9.953447e-01 -6.850145e-03 -1.302703e+01 -9.404604e-01 8.857634e-02 -3.281592e-01 7.230256e+01
-3.538484e-01 3.914666e-02 9.344832e-01 1.882560e+02 9.630807e-02 9.953378e-01 -5.228240e-03 -1.305997e+01 -9.303312e-01 8.814827e-02 -3.559688e-01 7.184731e+01
-3.820436e-01 4.081229e-02 9.232427e-01 1.894925e+02 9.755670e-02 9.952234e-01 -3.624650e-03 -1.308784e+01 -9.189806e-01 8.868373e-02 -3.842002e-01 7.134787e+01
-4.100813e-01 4.212489e-02 9.110756e-01 1.906750e+02 9.746530e-02 9.952366e-01 -2.146398e-03 -1.311980e+01 -9.068262e-01 8.791806e-02 -4.122337e-01 7.082438e+01
-4.386814e-01 4.472649e-02 8.975289e-01 1.918618e+02 9.819076e-02 9.951663e-01 -1.599760e-03 -1.314440e+01 -8.932621e-01 8.742726e-02 -4.409527e-01 7.025763e+01
-4.665440e-01 4.685773e-02 8.832559e-01 1.930164e+02 9.757925e-02 9.952270e-01 -1.255652e-03 -1.316382e+01 -8.790990e-01 8.560164e-02 -4.688895e-01 6.965855e+01
-4.943902e-01 4.796452e-02 8.679157e-01 1.941328e+02 9.677451e-02 9.953063e-01 1.209646e-04 -1.318551e+01 -8.638362e-01 8.405192e-02 -4.967115e-01 6.904081e+01
-5.204945e-01 4.960804e-02 8.524228e-01 1.952212e+02 9.734183e-02 9.952499e-01 1.517424e-03 -1.320822e+01 -8.482983e-01 8.376620e-02 -5.228510e-01 6.835009e+01
-5.471208e-01 5.046794e-02 8.355309e-01 1.963137e+02 9.781613e-02 9.951967e-01 3.939665e-03 -1.321780e+01 -8.313188e-01 8.388387e-02 -5.494294e-01 6.764287e+01
-5.735666e-01 5.049184e-02 8.176013e-01 1.973640e+02 9.622709e-02 9.953411e-01 6.037222e-03 -1.322872e+01 -8.134873e-01 8.213815e-02 -5.757531e-01 6.692407e+01
-5.995730e-01 5.060433e-02 7.987186e-01 1.983798e+02 9.360447e-02 9.955835e-01 7.188851e-03 -1.324177e+01 -7.948273e-01 7.907388e-02 -6.016617e-01 6.618261e+01
-6.251407e-01 5.257964e-02 7.787391e-01 1.993824e+02 9.201761e-02 9.957353e-01 6.637077e-03 -1.325534e+01 -7.750690e-01 7.580681e-02 -6.273129e-01 6.540076e+01
-6.501330e-01 5.374816e-02 7.579170e-01 2.003375e+02 9.063687e-02 9.958585e-01 7.125397e-03 -1.326535e+01 -7.543951e-01 7.332768e-02 -6.523121e-01 6.459709e+01
-6.734838e-01 5.528809e-02 7.371315e-01 2.012642e+02 9.069985e-02 9.958447e-01 8.175652e-03 -1.326909e+01 -7.336165e-01 7.236388e-02 -6.756999e-01 6.376326e+01
-6.956476e-01 5.726890e-02 7.160968e-01 2.021659e+02 9.221247e-02 9.956896e-01 9.950239e-03 -1.327382e+01 -7.124403e-01 7.295491e-02 -6.979300e-01 6.288900e+01
-7.169591e-01 5.946057e-02 6.945747e-01 2.030340e+02 9.442184e-02 9.954569e-01 1.224658e-02 -1.327658e+01 -6.906911e-01 7.436332e-02 -7.193163e-01 6.198755e+01
-7.372585e-01 5.983177e-02 6.729562e-01 2.038838e+02 9.442204e-02 9.954201e-01 1.494259e-02 -1.328314e+01 -6.689801e-01 7.455845e-02 -7.395314e-01 6.105694e+01
-7.569892e-01 5.980581e-02 6.506847e-01 2.047123e+02 9.364900e-02 9.954523e-01 1.745461e-02 -1.327862e+01 -6.466817e-01 7.414892e-02 -7.591474e-01 6.010752e+01
-7.759522e-01 5.915615e-02 6.280118e-01 2.055142e+02 9.163195e-02 9.956033e-01 1.943586e-02 -1.327180e+01 -6.241008e-01 7.262724e-02 -7.779611e-01 5.913730e+01
-7.940801e-01 6.098587e-02 6.047459e-01 2.062670e+02 9.100962e-02 9.956669e-01 1.909447e-02 -1.326291e+01 -6.009610e-01 7.020023e-02 -7.961896e-01 5.815674e+01
-8.113281e-01 6.235946e-02 5.812555e-01 2.069982e+02 8.973579e-02 9.957952e-01 1.842205e-02 -1.325273e+01 -5.776627e-01 6.710575e-02 -8.135126e-01 5.715321e+01
-8.276574e-01 6.305630e-02 5.576801e-01 2.077055e+02 8.986488e-02 9.957371e-01 2.078224e-02 -1.324242e+01 -5.539923e-01 6.731643e-02 -8.297958e-01 5.611906e+01
-8.432594e-01 6.370540e-02 5.337183e-01 2.083845e+02 8.974432e-02 9.957005e-01 2.294515e-02 -1.322945e+01 -5.299618e-01 6.724689e-02 -8.453510e-01 5.504941e+01
-8.582711e-01 6.414178e-02 5.091724e-01 2.090249e+02 8.931430e-02 9.956867e-01 2.512072e-02 -1.321818e+01 -5.053648e-01 6.703676e-02 -8.602979e-01 5.397063e+01
-8.725881e-01 6.312364e-02 4.843608e-01 2.096385e+02 8.785517e-02 9.957253e-01 2.850680e-02 -1.320072e+01 -4.804908e-01 6.742829e-02 -8.744038e-01 5.287628e+01
-8.862667e-01 6.256222e-02 4.589306e-01 2.102208e+02 8.598190e-02 9.958361e-01 3.029037e-02 -1.318157e+01 -4.551246e-01 6.630507e-02 -8.879556e-01 5.176653e+01
-8.994564e-01 6.236402e-02 4.325377e-01 2.107727e+02 8.370883e-02 9.960245e-01 3.046291e-02 -1.315451e+01 -4.289183e-01 6.360728e-02 -9.011011e-01 5.064947e+01
-9.116905e-01 6.168331e-02 4.062212e-01 2.112886e+02 8.100325e-02 9.962464e-01 3.052059e-02 -1.312727e+01 -4.028138e-01 6.073057e-02 -9.132649e-01 4.950162e+01
-9.232643e-01 6.147542e-02 3.792146e-01 2.117760e+02 7.885150e-02 9.964214e-01 3.044543e-02 -1.310228e+01 -3.759859e-01 5.801082e-02 -9.248077e-01 4.833825e+01
-9.341572e-01 6.034471e-02 3.517227e-01 2.122317e+02 7.634010e-02 9.965754e-01 3.177389e-02 -1.307394e+01 -3.486008e-01 5.653235e-02 -9.355649e-01 4.716747e+01
-9.442570e-01 5.898067e-02 3.238827e-01 2.126570e+02 7.407913e-02 9.966562e-01 3.447635e-02 -1.304731e+01 -3.207663e-01 5.654748e-02 -9.454689e-01 4.596215e+01
-9.535359e-01 5.791508e-02 2.956605e-01 2.130457e+02 7.204375e-02 9.967109e-01 3.710916e-02 -1.301296e+01 -2.925388e-01 5.668541e-02 -9.545720e-01 4.473983e+01
-9.617472e-01 5.795893e-02 2.677371e-01 2.133928e+02 7.079460e-02 9.967465e-01 3.853086e-02 -1.297591e+01 -2.646328e-01 5.601128e-02 -9.627213e-01 4.353290e+01
-9.692277e-01 5.757620e-02 2.393379e-01 2.137058e+02 6.879634e-02 9.968765e-01 3.878604e-02 -1.294270e+01 -2.363571e-01 5.405807e-02 -9.701613e-01 4.230176e+01
-9.762027e-01 5.665812e-02 2.093281e-01 2.139971e+02 6.605108e-02 9.970866e-01 3.815151e-02 -1.290147e+01 -2.065566e-01 5.106995e-02 -9.771009e-01 4.104372e+01
-9.825121e-01 5.115911e-02 1.790325e-01 2.142542e+02 5.939416e-02 9.973947e-01 4.094038e-02 -1.286130e+01 -1.764716e-01 5.085791e-02 -9.829910e-01 3.974910e+01
-9.875547e-01 4.882508e-02 1.495050e-01 2.144567e+02 5.590526e-02 9.974870e-01 4.352446e-02 -1.281544e+01 -1.470042e-01 5.134090e-02 -9.878026e-01 3.846926e+01
-9.916142e-01 4.747470e-02 1.201974e-01 2.146251e+02 5.339071e-02 9.974911e-01 4.648518e-02 -1.277140e+01 -1.176889e-01 5.251279e-02 -9.916611e-01 3.717673e+01
-9.948375e-01 4.653383e-02 9.018320e-02 2.147603e+02 5.098175e-02 9.975617e-01 4.766062e-02 -1.272156e+01 -8.774547e-02 5.201227e-02 -9.947841e-01 3.586125e+01
-9.971273e-01 4.633618e-02 5.991793e-02 2.148495e+02 4.928599e-02 9.975954e-01 4.872732e-02 -1.266973e+01 -5.751601e-02 5.154046e-02 -9.970133e-01 3.458547e+01
-9.984908e-01 4.651836e-02 2.919142e-02 2.148970e+02 4.792483e-02 9.976242e-01 4.948897e-02 -1.262690e+01 -2.681992e-02 5.081327e-02 -9.983480e-01 3.327811e+01
-9.988902e-01 4.707780e-02 -1.449059e-03 2.148998e+02 4.694035e-02 9.975627e-01 5.162635e-02 -1.257081e+01 3.875982e-03 5.150103e-02 -9.986654e-01 3.196146e+01
-9.982992e-01 4.842062e-02 -3.246716e-02 2.148618e+02 4.662719e-02 9.974577e-01 5.388918e-02 -1.251531e+01 3.499396e-02 5.228368e-02 -9.980190e-01 3.063801e+01
-9.967286e-01 4.850128e-02 -6.465072e-02 2.147910e+02 4.494686e-02 9.974552e-01 5.534404e-02 -1.244948e+01 6.717045e-02 5.225714e-02 -9.963721e-01 2.932751e+01
-9.940069e-01 4.949388e-02 -9.747139e-02 2.146860e+02 4.422953e-02 9.974814e-01 5.544976e-02 -1.239511e+01 9.997032e-02 5.080632e-02 -9.936924e-01 2.803492e+01
-9.902467e-01 4.976585e-02 -1.301342e-01 2.145218e+02 4.269547e-02 9.974853e-01 5.656973e-02 -1.233504e+01 1.326222e-01 5.046184e-02 -9.898813e-01 2.672623e+01
-9.853119e-01 4.909323e-02 -1.635551e-01 2.143155e+02 3.973833e-02 9.974078e-01 5.998787e-02 -1.227373e+01 1.660761e-01 5.260736e-02 -9.847087e-01 2.543034e+01
-9.790562e-01 4.908850e-02 -1.975835e-01 2.140639e+02 3.720045e-02 9.972922e-01 6.343775e-02 -1.221402e+01 2.001625e-01 5.475893e-02 -9.782313e-01 2.414430e+01
-9.714940e-01 4.808577e-02 -2.321360e-01 2.137787e+02 3.373773e-02 9.972893e-01 6.539020e-02 -1.214100e+01 2.346511e-01 5.569444e-02 -9.704829e-01 2.285750e+01
-9.626731e-01 4.750691e-02 -2.664651e-01 2.134458e+02 3.094421e-02 9.973385e-01 6.601734e-02 -1.207656e+01 2.688922e-01 5.530756e-02 -9.615810e-01 2.158448e+01
-9.525735e-01 4.667922e-02 -3.007070e-01 2.130665e+02 2.834583e-02 9.974795e-01 6.504695e-02 -1.200084e+01 3.029854e-01 5.343822e-02 -9.514958e-01 2.033232e+01
-9.413769e-01 4.548622e-02 -3.342762e-01 2.126397e+02 2.464537e-02 9.974935e-01 6.632728e-02 -1.193364e+01 3.364553e-01 5.420061e-02 -9.401383e-01 1.908385e+01
-9.290580e-01 4.526161e-02 -3.671547e-01 2.121692e+02 2.177663e-02 9.974572e-01 6.785903e-02 -1.186762e+01 3.692925e-01 5.504959e-02 -9.276813e-01 1.784745e+01
-9.158748e-01 4.425548e-02 -3.990174e-01 2.115716e+02 1.849059e-02 9.975008e-01 6.819207e-02 -1.176806e+01 4.010380e-01 5.507733e-02 -9.144042e-01 1.655370e+01
-9.020828e-01 4.474965e-02 -4.292365e-01 2.109822e+02 1.721290e-02 9.975488e-01 6.782391e-02 -1.169382e+01 4.312195e-01 5.379438e-02 -9.006419e-01 1.533682e+01
-8.878630e-01 4.451644e-02 -4.579494e-01 2.103691e+02 1.553143e-02 9.976410e-01 6.686687e-02 -1.162071e+01 4.598458e-01 5.225601e-02 -8.864599e-01 1.413764e+01
-8.730821e-01 4.528085e-02 -4.854660e-01 2.097065e+02 1.448446e-02 9.976476e-01 6.700409e-02 -1.154801e+01 4.873580e-01 5.146836e-02 -8.716841e-01 1.293508e+01
-8.580817e-01 4.655214e-02 -5.113988e-01 2.089733e+02 1.374343e-02 9.976076e-01 6.775100e-02 -1.146341e+01 5.133293e-01 5.110751e-02 -8.566686e-01 1.174582e+01
-8.430861e-01 4.790690e-02 -5.356405e-01 2.082641e+02 1.270879e-02 9.975209e-01 6.921345e-02 -1.139288e+01 5.376284e-01 5.154555e-02 -8.416048e-01 1.060914e+01
-8.281861e-01 5.056586e-02 -5.581674e-01 2.075148e+02 1.365641e-02 9.974466e-01 7.009850e-02 -1.131897e+01 5.602867e-01 5.043204e-02 -8.267620e-01 9.490094e+00
-8.134338e-01 5.340678e-02 -5.792005e-01 2.067274e+02 1.678208e-02 9.975161e-01 6.840985e-02 -1.123789e+01 5.814154e-01 4.592670e-02 -8.123096e-01 8.380343e+00
-7.988146e-01 5.711871e-02 -5.988594e-01 2.058912e+02 1.994763e-02 9.974498e-01 6.852791e-02 -1.116004e+01 6.012464e-01 4.279527e-02 -7.979168e-01 7.296373e+00
-7.835621e-01 6.014350e-02 -6.183957e-01 2.050406e+02 1.966715e-02 9.972060e-01 7.206555e-02 -1.108015e+01 6.210022e-01 4.430575e-02 -7.825556e-01 6.220254e+00
-7.675207e-01 6.185983e-02 -6.380324e-01 2.041411e+02 1.916943e-02 9.971026e-01 7.361327e-02 -1.099395e+01 6.407375e-01 4.426899e-02 -7.664827e-01 5.145752e+00
-7.513049e-01 5.784694e-02 -6.574152e-01 2.032423e+02 1.514764e-02 9.974002e-01 7.045176e-02 -1.091666e+01 6.597814e-01 4.297246e-02 -7.502279e-01 4.116068e+00
-7.348887e-01 5.306541e-02 -6.761084e-01 2.023288e+02 1.341927e-02 9.978767e-01 6.373396e-02 -1.082934e+01 6.780549e-01 3.776449e-02 -7.340404e-01 3.107266e+00
-7.192929e-01 4.948231e-02 -6.929425e-01 2.013403e+02 1.315878e-02 9.982516e-01 5.762495e-02 -1.075144e+01 6.945824e-01 3.233094e-02 -7.186863e-01 2.089987e+00
-7.041694e-01 4.684333e-02 -7.084852e-01 2.002966e+02 1.115183e-02 9.984279e-01 5.492975e-02 -1.067762e+01 7.099445e-01 3.077894e-02 -7.035848e-01 1.065511e+00
-6.886401e-01 4.369593e-02 -7.237855e-01 1.992026e+02 6.841057e-03 9.985297e-01 5.377374e-02 -1.059219e+01 7.250710e-01 3.207930e-02 -6.879265e-01 6.095815e-02
-6.721478e-01 3.843504e-02 -7.394188e-01 1.981414e+02 1.399202e-04 9.986583e-01 5.178314e-02 -1.051454e+01 7.404170e-01 3.470246e-02 -6.712514e-01 -9.159453e-01
-6.550070e-01 3.509211e-02 -7.548075e-01 1.970274e+02 -6.330629e-03 9.986311e-01 5.192143e-02 -1.043988e+01 7.555962e-01 3.878731e-02 -6.538883e-01 -1.904142e+00
-6.380812e-01 3.471722e-02 -7.691860e-01 1.957805e+02 -1.116832e-02 9.984606e-01 5.433025e-02 -1.036400e+01 7.698881e-01 4.325762e-02 -6.367112e-01 -2.905290e+00
-6.205565e-01 3.380236e-02 -7.834329e-01 1.945165e+02 -1.557622e-02 9.983420e-01 5.541285e-02 -1.026661e+01 7.840071e-01 4.658973e-02 -6.190011e-01 -3.893303e+00
-6.029616e-01 3.418602e-02 -7.970374e-01 1.932943e+02 -1.807173e-02 9.982398e-01 5.648719e-02 -1.019071e+01 7.975655e-01 4.846345e-02 -6.012825e-01 -4.838878e+00
-5.868012e-01 3.287989e-02 -8.090632e-01 1.920118e+02 -2.164197e-02 9.981814e-01 5.626214e-02 -1.010360e+01 8.094418e-01 5.052441e-02 -5.850224e-01 -5.774815e+00
-5.723446e-01 3.291536e-02 -8.193523e-01 1.906603e+02 -2.262440e-02 9.981798e-01 5.590319e-02 -1.001862e+01 8.197010e-01 5.053325e-02 -5.705582e-01 -6.700121e+00
-5.591271e-01 3.269421e-02 -8.284371e-01 1.893153e+02 -2.399502e-02 9.981655e-01 5.558720e-02 -9.924060e+00 8.287347e-01 5.095867e-02 -5.573168e-01 -7.597135e+00
-5.466344e-01 3.305203e-02 -8.367188e-01 1.879078e+02 -2.412709e-02 9.981842e-01 5.519263e-02 -9.831916e+00 8.370237e-01 5.035778e-02 -5.448444e-01 -8.510060e+00
-5.347476e-01 3.490280e-02 -8.442907e-01 1.865351e+02 -2.325618e-02 9.981602e-01 5.599347e-02 -9.760927e+00 8.446917e-01 4.957735e-02 -5.329521e-01 -9.384714e+00
-5.227889e-01 3.692168e-02 -8.516622e-01 1.851120e+02 -2.228380e-02 9.981283e-01 5.695017e-02 -9.676078e+00 8.521708e-01 4.875119e-02 -5.209877e-01 -1.025443e+01
-5.115204e-01 3.914988e-02 -8.583788e-01 1.836517e+02 -2.067291e-02 9.981117e-01 5.784225e-02 -9.589859e+00 8.590224e-01 4.733268e-02 -5.097451e-01 -1.111835e+01
-5.005623e-01 4.068178e-02 -8.647441e-01 1.820729e+02 -2.111073e-02 9.980246e-01 5.917201e-02 -9.467286e+00 8.654431e-01 4.787465e-02 -4.987146e-01 -1.199781e+01
-4.903165e-01 4.308335e-02 -8.704789e-01 1.805833e+02 -1.901425e-02 9.980109e-01 6.010560e-02 -9.385209e+00 8.713370e-01 4.602227e-02 -4.885220e-01 -1.285379e+01
-4.810867e-01 4.330284e-02 -8.756029e-01 1.790517e+02 -1.677229e-02 9.981419e-01 5.857827e-02 -9.285102e+00 8.765126e-01 4.286709e-02 -4.794665e-01 -1.369899e+01
-4.751490e-01 4.540187e-02 -8.787332e-01 1.774539e+02 -1.465622e-02 9.981210e-01 5.949525e-02 -9.193356e+00 8.797833e-01 4.114802e-02 -4.735908e-01 -1.454439e+01
-4.699152e-01 4.709800e-02 -8.814542e-01 1.758170e+02 -1.239797e-02 9.981249e-01 5.994149e-02 -9.087147e+00 8.826245e-01 3.909567e-02 -4.684502e-01 -1.539719e+01
