1.000000e+00 0.000000e+00 0.000000e+00 0.000000e+00 0.000000e+00 1.000000e+00 0.000000e+00 0.000000e+00 0.000000e+00 0.000000e+00 1.000000e+00 0.000000e+00
9.999863e-01 -3.803061e-03 -3.600820e-03 2.070978e-03 3.794589e-03 9.999900e-01 -2.356824e-03 -2.009835e-03 3.609747e-03 2.343128e-03 9.999907e-01 6.416133e-01
9.999651e-01 -3.299452e-03 -7.672868e-03 -8.083796e-03 3.272463e-03 9.999884e-01 -3.527343e-03 -9.425411e-03 7.684418e-03 3.502111e-03 9.999643e-01 1.290382e+00
9.999280e-01 -3.280610e-03 -1.154326e-02 -2.339493e-02 3.222038e-03 9.999819e-01 -5.089034e-03 -1.181538e-02 1.155974e-02 5.051475e-03 9.999204e-01 1.965133e+00
9.998668e-01 -2.006884e-03 -1.619795e-02 -4.296357e-02 1.913467e-03 9.999815e-01 -5.780650e-03 -1.781718e-02 1.620925e-02 5.748886e-03 9.998521e-01 2.648633e+00
9.997975e-01 -2.628806e-03 -1.995036e-02 -6.676960e-02 2.510277e-03 9.999791e-01 -5.963917e-03 -2.605201e-02 1.996562e-02 5.912629e-03 9.997832e-01 3.344912e+00
9.997102e-01 -8.962618e-04 -2.405462e-02 -9.226132e-02 7.223016e-04 9.999735e-01 -7.239594e-03 -3.416041e-02 2.406048e-02 7.220121e-03 9.996844e-01 4.049690e+00
9.995767e-01 1.727550e-03 -2.904257e-02 -1.200605e-01 -1.958644e-03 9.999666e-01 -7.930486e-03 -4.171480e-02 2.902790e-02 7.984013e-03 9.995467e-01 4.768142e+00
9.994132e-01 7.570990e-04 -3.424339e-02 -1.393826e-01 -9.751074e-04 9.999794e-01 -6.350186e-03 -4.942149e-02 3.423788e-02 6.379851e-03 9.993933e-01 5.508225e+00
9.992354e-01 -8.971968e-04 -3.908723e-02 -1.664279e-01 7.618327e-04 9.999937e-01 -3.477885e-03 -6.074623e-02 3.909010e-02 3.445448e-03 9.992297e-01 6.260011e+00
9.991016e-01 3.615036e-05 -4.237861e-02 -2.066401e-01 -8.354104e-05 9.999994e-01 -1.116498e-03 -6.833886e-02 4.237854e-02 1.119036e-03 9.991010e-01 7.042928e+00
9.990212e-01 3.147069e-03 -4.412115e-02 -2.602584e-01 -3.227877e-03 9.999932e-01 -1.760385e-03 -7.757858e-02 4.411532e-02 1.901080e-03 9.990246e-01 7.852499e+00
9.989453e-01 2.770730e-03 -4.583183e-02 -3.065005e-01 -2.867737e-03 9.999938e-01 -2.050969e-03 -8.387731e-02 4.582586e-02 2.180240e-03 9.989471e-01 8.658241e+00
9.988388e-01 -1.689088e-03 -4.814726e-02 -3.385619e-01 1.552509e-03 9.999947e-01 -2.873949e-03 -8.803502e-02 4.815186e-02 2.795863e-03 9.988361e-01 9.465356e+00
9.987607e-01 1.422434e-05 -4.977108e-02 -3.877935e-01 -1.322684e-04 9.999972e-01 -2.368448e-03 -9.511297e-02 4.977091e-02 2.372096e-03 9.987578e-01 1.027229e+01
9.987272e-01 -5.763062e-04 -5.043557e-02 -4.385012e-01 4.429655e-04 9.999964e-01 -2.654921e-03 -1.038902e-01 5.043692e-02 2.629201e-03 9.987238e-01 1.108021e+01
9.986212e-01 1.476558e-03 -5.247426e-02 -4.855574e-01 -1.759404e-03 9.999842e-01 -5.344414e-03 -1.101872e-01 5.246554e-02 5.429369e-03 9.986080e-01 1.190170e+01
9.985569e-01 1.187445e-03 -5.369082e-02 -5.359043e-01 -1.622612e-03 9.999662e-01 -8.062199e-03 -1.212645e-01 5.367943e-02 8.137684e-03 9.985251e-01 1.273319e+01
9.984780e-01 5.974121e-03 -5.482650e-02 -5.999052e-01 -6.536469e-03 9.999278e-01 -1.008329e-02 -1.297038e-01 5.476230e-02 1.042632e-02 9.984450e-01 1.357177e+01
9.984112e-01 7.142361e-03 -5.589416e-02 -6.528379e-01 -7.711859e-03 9.999205e-01 -9.979809e-03 -1.421899e-01 5.581843e-02 1.039500e-02 9.983868e-01 1.441179e+01
9.983399e-01 6.394168e-03 -5.724066e-02 -7.071980e-01 -6.895657e-03 9.999395e-01 -8.567833e-03 -1.574142e-01 5.718242e-02 8.948322e-03 9.983236e-01 1.528137e+01
9.982522e-01 5.822752e-03 -5.880973e-02 -7.592282e-01 -6.224192e-03 9.999585e-01 -6.645204e-03 -1.761143e-01 5.876860e-02 6.999633e-03 9.982471e-01 1.614476e+01
9.981927e-01 5.765772e-03 -5.981636e-02 -8.159515e-01 -6.179267e-03 9.999583e-01 -6.730065e-03 -1.904409e-01 5.977506e-02 7.087524e-03 9.981867e-01 1.701902e+01
9.981172e-01 5.901172e-03 -6.105083e-02 -8.786700e-01 -6.379336e-03 9.999505e-01 -7.640278e-03 -2.044394e-01 6.100272e-02 8.015357e-03 9.981054e-01 1.788829e+01
9.980333e-01 4.069754e-03 -6.255352e-02 -9.311661e-01 -4.603455e-03 9.999542e-01 -8.390157e-03 -2.172878e-01 6.251651e-02 8.661619e-03 9.980063e-01 1.875291e+01
9.980378e-01 5.292404e-03 -6.239064e-02 -9.978805e-01 -5.730141e-03 9.999602e-01 -6.839229e-03 -2.283887e-01 6.235196e-02 7.183316e-03 9.980284e-01 1.962388e+01
9.979966e-01 5.605746e-03 -6.301949e-02 -1.051232e+00 -5.853085e-03 9.999759e-01 -3.740871e-03 -2.393052e-01 6.299700e-02 4.102235e-03 9.980053e-01 2.048732e+01
9.980381e-01 5.282470e-03 -6.238706e-02 -1.107668e+00 -5.282778e-03 9.999860e-01 1.600194e-04 -2.519542e-01 6.238703e-02 1.698715e-04 9.980520e-01 2.137015e+01
9.981217e-01 3.799654e-03 -6.114387e-02 -1.162956e+00 -3.624838e-03 9.999890e-01 2.969766e-03 -2.596788e-01 6.115448e-02 -2.742552e-03 9.981245e-01 2.227656e+01
9.982430e-01 5.319082e-03 -5.901412e-02 -1.228460e+00 -5.135096e-03 9.999815e-01 3.268877e-03 -2.621880e-01 5.903041e-02 -2.960090e-03 9.982518e-01 2.319876e+01
9.983528e-01 6.088295e-03 -5.704866e-02 -1.290527e+00 -6.083293e-03 9.999815e-01 2.613432e-04 -2.689704e-01 5.704919e-02 8.613096e-05 9.983714e-01 2.411461e+01
9.983672e-01 5.838510e-03 -5.682211e-02 -1.336995e+00 -6.081399e-03 9.999731e-01 -4.102563e-03 -2.830678e-01 5.679663e-02 4.441422e-03 9.983759e-01 2.501692e+01
9.984324e-01 5.425975e-03 -5.570744e-02 -1.391999e+00 -5.835885e-03 9.999571e-01 -7.198213e-03 -2.918250e-01 5.566599e-02 7.512031e-03 9.984212e-01 2.592239e+01
9.985135e-01 4.169155e-03 -5.434469e-02 -1.446843e+00 -4.527011e-03 9.999689e-01 -6.463487e-03 -3.015548e-01 5.431605e-02 6.699899e-03 9.985013e-01 2.680329e+01
9.984766e-01 1.004534e-03 -5.516792e-02 -1.491607e+00 -1.088232e-03 9.999983e-01 -1.487134e-03 -3.136552e-01 5.516633e-02 1.544904e-03 9.984760e-01 2.772005e+01
9.983828e-01 -4.774662e-03 -5.664839e-02 -1.529913e+00 4.901893e-03 9.999858e-01 2.107237e-03 -3.288057e-01 5.663753e-02 -2.381513e-03 9.983920e-01 2.861132e+01
9.982477e-01 -1.211031e-02 -5.792057e-02 -1.570618e+00 1.220894e-02 9.999246e-01 1.349364e-03 -3.393021e-01 5.789985e-02 -2.054148e-03 9.983203e-01 2.952579e+01
9.980510e-01 -1.643452e-02 -6.020081e-02 -1.610059e+00 1.632386e-02 9.998640e-01 -2.329595e-03 -3.506580e-01 6.023092e-02 1.342345e-03 9.981836e-01 3.043477e+01
9.978302e-01 -1.899630e-02 -6.303968e-02 -1.652914e+00 1.862950e-02 9.998060e-01 -6.401240e-03 -3.617958e-01 6.314905e-02 5.212953e-03 9.979905e-01 3.135046e+01
9.977064e-01 -1.785683e-02 -6.529239e-02 -1.711950e+00 1.743179e-02 9.998230e-01 -7.073848e-03 -3.768215e-01 6.540715e-02 5.919460e-03 9.978411e-01 3.223122e+01
9.977223e-01 -1.677918e-02 -6.533509e-02 -1.781580e+00 1.645796e-02 9.998497e-01 -5.451746e-03 -3.929229e-01 6.541674e-02 4.364047e-03 9.978485e-01 3.311270e+01
9.977075e-01 -1.407124e-02 -6.619425e-02 -1.849888e+00 1.392353e-02 9.998994e-01 -2.692163e-03 -4.078534e-01 6.622548e-02 1.764333e-03 9.978031e-01 3.400176e+01
9.975729e-01 -1.515915e-02 -6.795931e-02 -1.910359e+00 1.510583e-02 9.998851e-01 -1.298457e-03 -4.250245e-01 6.797118e-02 2.687233e-04 9.976872e-01 3.490128e+01
9.974663e-01 -1.480558e-02 -6.958216e-02 -1.972248e+00 1.492165e-02 9.998880e-01 1.148619e-03 -4.356368e-01 6.955736e-02 -2.183989e-03 9.975756e-01 3.581696e+01
9.974443e-01 -1.539430e-02 -6.976988e-02 -2.035076e+00 1.573735e-02 9.998666e-01 4.369936e-03 -4.482183e-01 6.969330e-02 -5.456761e-03 9.975535e-01 3.673051e+01
9.974449e-01 -1.000669e-02 -7.073582e-02 -2.106038e+00 1.050604e-02 9.999224e-01 6.690838e-03 -4.561854e-01 7.066338e-02 -7.416896e-03 9.974726e-01 3.765849e+01
9.974094e-01 -1.058663e-02 -7.115018e-02 -2.176714e+00 1.105575e-02 9.999196e-01 6.202764e-03 -4.647763e-01 7.107880e-02 -6.973314e-03 9.974463e-01 3.862936e+01
9.974095e-01 -1.090072e-02 -7.110191e-02 -2.247766e+00 1.126378e-02 9.999255e-01 4.707158e-03 -4.727261e-01 7.104530e-02 -5.495840e-03 9.974579e-01 3.959440e+01
9.974079e-01 -9.288935e-03 -7.135193e-02 -2.319193e+00 9.482134e-03 9.999522e-01 2.369444e-03 -4.795826e-01 7.132652e-02 -3.039871e-03 9.974484e-01 4.054223e+01
9.972936e-01 -1.113107e-02 -7.267509e-02 -2.389612e+00 1.132762e-02 9.999332e-01 2.292848e-03 -4.872795e-01 7.264472e-02 -3.109878e-03 9.973530e-01 4.149432e+01
9.971587e-01 -1.253208e-02 -7.428002e-02 -2.457198e+00 1.282011e-02 9.999120e-01 3.402135e-03 -4.973140e-01 7.423085e-02 -4.344747e-03 9.972316e-01 4.246180e+01
9.969840e-01 -1.419298e-02 -7.629908e-02 -2.519087e+00 1.457885e-02 9.998836e-01 4.502735e-03 -5.090001e-01 7.622629e-02 -5.601508e-03 9.970748e-01 4.344183e+01
9.969931e-01 -1.249860e-02 -7.647635e-02 -2.605701e+00 1.262457e-02 9.999196e-01 1.163906e-03 -5.258044e-01 7.645566e-02 -2.125887e-03 9.970707e-01 4.444276e+01
9.969485e-01 -1.111705e-02 -7.726612e-02 -2.689779e+00 1.092409e-02 9.999361e-01 -2.919540e-03 -5.396907e-01 7.729364e-02 2.066569e-03 9.970062e-01 4.544325e+01
9.969510e-01 -9.762497e-03 -7.741692e-02 -2.779987e+00 9.467421e-03 9.999465e-01 -4.177641e-03 -5.534507e-01 7.745356e-02 3.431965e-03 9.969901e-01 4.643368e+01
9.969901e-01 -1.020977e-02 -7.685401e-02 -2.863891e+00 1.020961e-02 9.999478e-01 -3.949935e-04 -5.704887e-01 7.685403e-02 -3.908447e-04 9.970423e-01 4.736009e+01
9.970041e-01 -1.159950e-02 -7.647359e-02 -2.945728e+00 1.184845e-02 9.999259e-01 2.802452e-03 -5.844489e-01 7.643541e-02 -3.700150e-03 9.970677e-01 4.831187e+01
9.969408e-01 -1.435673e-02 -7.683036e-02 -3.019379e+00 1.465213e-02 9.998873e-01 3.282370e-03 -5.952867e-01 7.677458e-02 -4.398057e-03 9.970388e-01 4.927581e+01
9.968790e-01 -1.725788e-02 -7.703527e-02 -3.093662e+00 1.747926e-02 9.998448e-01 2.200249e-03 -6.094524e-01 7.698535e-02 -3.539901e-03 9.970259e-01 5.024764e+01
9.967825e-01 -1.958417e-02 -7.772438e-02 -3.163415e+00 1.971875e-02 9.998051e-01 9.642360e-04 -6.220169e-01 7.769035e-02 -2.493761e-03 9.969744e-01 5.118172e+01
9.967003e-01 -1.968560e-02 -7.874683e-02 -3.238942e+00 1.988779e-02 9.998006e-01 1.784132e-03 -6.283083e-01 7.869601e-02 -3.344345e-03 9.968931e-01 5.210297e+01
9.967034e-01 -2.102023e-02 -7.836097e-02 -3.325036e+00 2.152304e-02 9.997528e-01 5.577489e-03 -6.344072e-01 7.822435e-02 -7.245669e-03 9.969094e-01 5.301522e+01
9.966030e-01 -2.160837e-02 -7.947054e-02 -3.395939e+00 2.250934e-02 9.996919e-01 1.045878e-02 -6.392208e-01 7.922006e-02 -1.221208e-02 9.967823e-01 5.396159e+01
9.965232e-01 -2.160994e-02 -8.046397e-02 -3.471081e+00 2.271144e-02 9.996601e-01 1.279930e-02 -6.443656e-01 8.016003e-02 -1.458225e-02 9.966753e-01 5.494438e+01
9.963827e-01 -2.114907e-02 -8.230524e-02 -3.552762e+00 2.192861e-02 9.997227e-01 8.578773e-03 -6.480241e-01 8.210099e-02 -1.035258e-02 9.965702e-01 5.592223e+01
9.962371e-01 -2.052284e-02 -8.420472e-02 -3.628385e+00 2.066280e-02 9.997862e-01 7.909506e-04 -6.556136e-01 8.417048e-02 -2.527880e-03 9.964482e-01 5.685083e+01
9.960909e-01 -1.958646e-02 -8.613586e-02 -3.701820e+00 1.931984e-02 9.998056e-01 -3.927973e-03 -6.678484e-01 8.619606e-02 2.248486e-03 9.962757e-01 5.775109e+01
9.961357e-01 -1.328276e-02 -8.681757e-02 -3.793254e+00 1.304791e-02 9.999095e-01 -3.272058e-03 -6.799567e-01 8.685318e-02 2.126626e-03 9.962189e-01 5.860888e+01
9.960780e-01 -9.950949e-03 -8.791772e-02 -3.875823e+00 9.903799e-03 9.999505e-01 -9.724896e-04 -6.979727e-01 8.792304e-02 9.795611e-05 9.961273e-01 5.947026e+01
9.959698e-01 -7.372362e-03 -8.938542e-02 -3.957209e+00 7.435350e-03 9.999723e-01 3.717212e-04 -7.125523e-01 8.938020e-02 -1.034835e-03 9.959970e-01 6.033159e+01
9.958708e-01 -7.150279e-03 -9.049972e-02 -4.039100e+00 7.216983e-03 9.999739e-01 4.098396e-04 -7.268401e-01 9.049443e-02 -1.061282e-03 9.958964e-01 6.117991e+01
9.957190e-01 -5.949382e-03 -9.224002e-02 -4.122330e+00 6.063660e-03 9.999812e-01 9.587141e-04 -7.370157e-01 9.223257e-02 -1.513922e-03 9.957363e-01 6.201566e+01
9.955459e-01 -6.653578e-03 -9.404304e-02 -4.198654e+00 6.830722e-03 9.999755e-01 1.561864e-03 -7.535514e-01 9.403034e-02 -2.197289e-03 9.955669e-01 6.284359e+01
9.953889e-01 -7.341164e-03 -9.564036e-02 -4.279649e+00 7.555925e-03 9.999697e-01 1.883544e-03 -7.665750e-01 9.562363e-02 -2.597510e-03 9.954142e-01 6.366873e+01
9.953123e-01 -5.669200e-03 -9.654707e-02 -4.374395e+00 5.981689e-03 9.999778e-01 2.947519e-03 -7.796761e-01 9.652822e-02 -3.511216e-03 9.953241e-01 6.452172e+01
9.950538e-01 -5.750360e-03 -9.917094e-02 -4.446818e+00 6.320346e-03 9.999653e-01 5.434300e-03 -7.881636e-01 9.913625e-02 -6.034215e-03 9.950556e-01 6.537105e+01
9.949071e-01 -4.403851e-03 -1.007003e-01 -4.541589e+00 5.359800e-03 9.999431e-01 9.224431e-03 -7.949432e-01 1.006539e-01 -9.717185e-03 9.948740e-01 6.625498e+01
9.947489e-01 -8.287958e-05 -1.023455e-01 -4.646554e+00 1.189463e-03 9.999415e-01 1.075125e-02 -8.023036e-01 1.023386e-01 -1.081653e-02 9.946908e-01 6.713519e+01
9.946554e-01 2.919235e-03 -1.032091e-01 -4.759907e+00 -2.274979e-03 9.999772e-01 6.359405e-03 -8.102179e-01 1.032253e-01 -6.090618e-03 9.946394e-01 6.806127e+01
9.946462e-01 4.567484e-03 -1.032379e-01 -4.880920e+00 -4.732578e-03 9.999879e-01 -1.354269e-03 -8.209844e-01 1.032305e-01 1.835600e-03 9.946558e-01 6.895590e+01
9.945486e-01 4.365449e-03 -1.041826e-01 -4.971836e+00 -5.121886e-03 9.999624e-01 -6.994252e-03 -8.366328e-01 1.041482e-01 7.489735e-03 9.945336e-01 6.972597e+01
9.945676e-01 6.922744e-03 -1.038619e-01 -5.064813e+00 -7.834730e-03 9.999342e-01 -8.375353e-03 -8.475950e-01 1.037971e-01 9.143585e-03 9.945565e-01 7.045562e+01
9.945488e-01 1.151431e-02 -1.036346e-01 -5.158338e+00 -1.208457e-02 9.999151e-01 -4.876370e-03 -8.619197e-01 1.035697e-01 6.102168e-03 9.946035e-01 7.113217e+01
9.943674e-01 9.201257e-03 -1.055878e-01 -5.222309e+00 -9.524338e-03 9.999514e-01 -2.555998e-03 -8.819314e-01 1.055591e-01 3.547255e-03 9.944067e-01 7.180569e+01
9.943525e-01 8.447061e-03 -1.057909e-01 -5.300477e+00 -9.107266e-03 9.999419e-01 -5.759123e-03 -9.013554e-01 1.057361e-01 6.690065e-03 9.943717e-01 7.243875e+01
9.942666e-01 -1.611727e-03 -1.069174e-01 -5.338665e+00 4.789124e-04 9.999435e-01 -1.062006e-02 -9.234736e-01 1.069285e-01 1.050796e-02 9.942112e-01 7.302902e+01
9.943513e-01 -5.797455e-03 -1.059807e-01 -5.390820e+00 4.184641e-03 9.998721e-01 -1.543403e-02 -9.359297e-01 1.060567e-01 1.490336e-02 9.942484e-01 7.357519e+01
9.947266e-01 -2.618125e-03 -1.025283e-01 -5.451887e+00 1.014842e-03 9.998764e-01 -1.568651e-02 -9.505527e-01 1.025567e-01 1.549974e-02 9.946064e-01 7.408801e+01
9.951726e-01 2.078041e-03 -9.811834e-02 -5.514831e+00 -3.331669e-03 9.999149e-01 -1.261458e-02 -9.649353e-01 9.808378e-02 1.288058e-02 9.950948e-01 7.458768e+01
9.955582e-01 -5.582937e-04 -9.414644e-02 -5.551209e+00 -3.507289e-04 9.999535e-01 -9.638588e-03 -9.769174e-01 9.414744e-02 9.628795e-03 9.955117e-01 7.508498e+01
9.961436e-01 -2.138733e-03 -8.771128e-02 -5.598618e+00 1.668362e-03 9.999838e-01 -5.435672e-03 -9.898451e-01 8.772149e-02 5.268376e-03 9.961311e-01 7.558424e+01
9.967164e-01 -7.041383e-03 -8.066508e-02 -5.618964e+00 6.934572e-03 9.999747e-01 -1.604196e-03 -1.010630e+00 8.067433e-02 1.039550e-03 9.967400e-01 7.608983e+01
9.975240e-01 -4.512150e-03 -7.018267e-02 -5.649555e+00 4.420792e-03 9.999892e-01 -1.456991e-03 -1.024432e+00 7.018849e-02 1.143120e-03 9.975331e-01 7.659600e+01
9.985323e-01 1.693924e-03 -5.413326e-02 -5.690782e+00 -1.801694e-03 9.999965e-01 -1.942072e-03 -1.032607e+00 5.412978e-02 2.036753e-03 9.985318e-01 7.707957e+01
9.992863e-01 3.715229e-03 -3.759047e-02 -5.690657e+00 -3.770910e-03 9.999919e-01 -1.410463e-03 -1.038484e+00 3.758493e-02 1.551206e-03 9.992922e-01 7.756269e+01
9.998635e-01 3.429281e-04 -1.651749e-02 -5.674580e+00 -3.611568e-04 9.999993e-01 -1.100628e-03 -1.040384e+00 1.651710e-02 1.106443e-03 9.998630e-01 7.802875e+01
9.999469e-01 -5.786609e-03 8.526912e-03 -5.635716e+00 5.785552e-03 9.999833e-01 1.486076e-04 -1.050580e+00 -8.527629e-03 -9.926678e-05 9.999636e-01 7.848607e+01
9.992425e-01 -6.699677e-03 3.833526e-02 -5.603121e+00 6.620844e-03 9.999757e-01 2.182979e-03 -1.058152e+00 -3.834896e-02 -1.927514e-03 9.992625e-01 7.893581e+01
9.974909e-01 -8.579859e-03 7.027328e-02 -5.539442e+00 8.334721e-03 9.999581e-01 3.780827e-03 -1.062551e+00 -7.030278e-02 -3.185632e-03 9.975206e-01 7.937993e+01
9.942553e-01 -9.516809e-03 1.066110e-01 -5.457367e+00 9.072858e-03 9.999480e-01 4.648464e-03 -1.066204e+00 -1.066497e-01 -3.654493e-03 9.942899e-01 7.982414e+01
9.889866e-01 -9.612936e-03 1.476925e-01 -5.361328e+00 8.907451e-03 9.999455e-01 5.437397e-03 -1.072401e+00 -1.477367e-01 -4.061949e-03 9.890184e-01 8.026211e+01
9.814747e-01 -1.192777e-02 1.912201e-01 -5.231340e+00 1.098215e-02 9.999217e-01 6.004267e-03 -1.076858e+00 -1.912767e-01 -3.793029e-03 9.815288e-01 8.069113e+01
9.705626e-01 -9.701914e-03 2.406536e-01 -5.100501e+00 8.723785e-03 9.999488e-01 5.129520e-03 -1.086972e+00 -2.406910e-01 -2.879110e-03 9.705975e-01 8.110455e+01
9.562888e-01 -1.056152e-02 2.922331e-01 -4.923454e+00 1.012508e-02 9.999442e-01 3.005910e-03 -1.093381e+00 -2.922486e-01 8.436568e-05 9.563424e-01 8.150035e+01
9.378670e-01 -1.175898e-02 3.467958e-01 -4.731783e+00 1.175734e-02 9.999287e-01 2.108794e-03 -1.101036e+00 -3.467958e-01 2.099629e-03 9.379383e-01 8.186514e+01
9.138395e-01 -9.112081e-03 4.059734e-01 -4.555281e+00 9.196698e-03 9.999562e-01 1.742421e-03 -1.102304e+00 -4.059715e-01 2.141322e-03 9.138832e-01 8.222621e+01
8.857489e-01 -8.833951e-03 4.640807e-01 -4.335017e+00 9.599656e-03 9.999537e-01 7.125009e-04 -1.099698e+00 -4.640655e-01 3.823918e-03 8.857926e-01 8.256196e+01
8.549878e-01 -1.451065e-02 5.184450e-01 -4.062508e+00 1.750536e-02 9.998464e-01 -8.842765e-04 -1.102922e+00 -5.183525e-01 9.831614e-03 8.551105e-01 8.284536e+01
8.227643e-01 -1.838521e-02 5.680853e-01 -3.762117e+00 2.441540e-02 9.996974e-01 -3.007426e-03 -1.100760e+00 -5.678581e-01 1.634444e-02 8.229642e-01 8.308064e+01
7.862144e-01 -2.158467e-02 6.175767e-01 -3.468898e+00 2.829773e-02 9.995989e-01 -1.088243e-03 -1.101474e+00 -6.173056e-01 1.833161e-02 7.865099e-01 8.332514e+01
7.463584e-01 -2.397918e-02 6.651121e-01 -3.166798e+00 2.933951e-02 9.995647e-01 3.113680e-03 -1.107874e+00 -6.648972e-01 1.719014e-02 7.467370e-01 8.356627e+01
7.046216e-01 -2.632911e-02 7.090947e-01 -2.839586e+00 3.259291e-02 9.994575e-01 4.723148e-03 -1.103983e+00 -7.088344e-01 1.978343e-02 7.050975e-01 8.378059e+01
6.623392e-01 -3.031427e-02 7.485906e-01 -2.497384e+00 4.028381e-02 9.991767e-01 4.819411e-03 -1.104269e+00 -7.481203e-01 2.696399e-02 6.630150e-01 8.395535e+01
6.186899e-01 -3.382558e-02 7.849068e-01 -2.149500e+00 4.740569e-02 9.988596e-01 5.679130e-03 -1.100151e+00 -7.842037e-01 3.369542e-02 6.195878e-01 8.413037e+01
5.748947e-01 -3.232458e-02 8.175887e-01 -1.797315e+00 4.614633e-02 9.989098e-01 7.045191e-03 -1.102516e+00 -8.169251e-01 3.367847e-02 5.757596e-01 8.430658e+01
5.296263e-01 -2.973535e-02 8.477097e-01 -1.448190e+00 4.241574e-02 9.990635e-01 8.544206e-03 -1.105624e+00 -8.471699e-01 3.143100e-02 5.303916e-01 8.447940e+01
4.860803e-01 -2.752274e-02 8.734807e-01 -1.081253e+00 4.123016e-02 9.991132e-01 8.537300e-03 -1.104126e+00 -8.729410e-01 3.186394e-02 4.867840e-01 8.463384e+01
4.442091e-01 -2.996137e-02 8.954220e-01 -6.987093e-01 4.665418e-02 9.988582e-01 1.027778e-02 -1.100364e+00 -8.947076e-01 3.720969e-02 4.450998e-01 8.477726e+01
4.043962e-01 -3.801578e-02 9.137935e-01 -3.082764e-01 6.056868e-02 9.980555e-01 1.471680e-02 -1.093340e+00 -9.125761e-01 4.939584e-02 4.059125e-01 8.489765e+01
3.707472e-01 -4.141076e-02 9.278102e-01 8.893463e-02 6.449490e-02 9.977417e-01 1.876024e-02 -1.082454e+00 -9.264917e-01 5.288371e-02 3.725807e-01 8.499945e+01
3.391366e-01 -3.721383e-02 9.400008e-01 5.000337e-01 6.212759e-02 9.979218e-01 1.709228e-02 -1.076144e+00 -9.386834e-01 5.260337e-02 3.407438e-01 8.511212e+01
3.090607e-01 -2.909344e-02 9.505972e-01 8.970322e-01 5.057151e-02 9.986206e-01 1.412127e-02 -1.081668e+00 -9.496968e-01 4.370881e-02 3.101057e-01 8.523710e+01
2.812722e-01 -2.449902e-02 9.593152e-01 1.716353e+00 4.565179e-02 9.988838e-01 1.212437e-02 -1.092727e+00 -9.585415e-01 4.038421e-02 2.820767e-01 8.545537e+01
2.570503e-01 -2.273812e-02 9.661305e-01 2.695926e+00 4.655758e-02 9.988537e-01 1.112108e-02 -1.095882e+00 -9.652759e-01 4.212202e-02 2.578142e-01 8.563965e+01
2.339521e-01 -2.174397e-02 9.720049e-01 3.690048e+00 5.394448e-02 9.985001e-01 9.352761e-03 -1.085724e+00 -9.707504e-01 5.024620e-02 2.347742e-01 8.581291e+01
2.139686e-01 -1.557938e-02 9.767163e-01 4.777227e+00 6.008590e-02 9.981894e-01 2.758909e-03 -1.049608e+00 -9.749908e-01 5.809656e-02 2.145173e-01 8.597253e+01
1.941623e-01 -9.050212e-03 9.809277e-01 6.026715e+00 6.240228e-02 9.980461e-01 -3.143599e-03 -1.009760e+00 -9.789826e-01 6.182250e-02 1.943477e-01 8.618883e+01
1.768688e-01 -8.099372e-03 9.842011e-01 7.212570e+00 5.949293e-02 9.982257e-01 -2.476570e-03 -1.009080e+00 -9.824347e-01 5.899104e-02 1.770368e-01 8.638661e+01
1.613744e-01 -1.232985e-02 9.868162e-01 8.542115e+00 5.759115e-02 9.983356e-01 3.055872e-03 -1.030672e+00 -9.852114e-01 5.633875e-02 1.618159e-01 8.659094e+01
1.465331e-01 -1.514185e-02 9.890899e-01 9.567139e+00 5.721159e-02 9.983389e-01 6.807570e-03 -1.036146e+00 -9.875499e-01 5.558987e-02 1.471560e-01 8.674056e+01
1.339694e-01 -1.773540e-02 9.908268e-01 1.001703e+01 5.864798e-02 9.982293e-01 9.938124e-03 -1.037892e+00 -9.892485e-01 5.677858e-02 1.347723e-01 8.678469e+01
1.224439e-01 -1.859970e-02 9.923011e-01 1.048782e+01 6.157093e-02 9.980409e-01 1.110981e-02 -1.034614e+00 -9.905637e-01 5.973658e-02 1.233492e-01 8.683235e+01
1.130299e-01 -1.785998e-02 9.934311e-01 1.098788e+01 6.468596e-02 9.978496e-01 1.057962e-02 -1.029190e+00 -9.914837e-01 6.306523e-02 1.139421e-01 8.687262e+01
1.052040e-01 -1.758010e-02 9.942953e-01 1.149902e+01 6.637374e-02 9.977383e-01 1.061813e-02 -1.027817e+00 -9.922332e-01 6.487803e-02 1.061329e-01 8.691998e+01
9.951274e-02 -1.735607e-02 9.948849e-01 1.202357e+01 6.702431e-02 9.976940e-01 1.070101e-02 -1.025724e+00 -9.927764e-01 6.561659e-02 1.004465e-01 8.697007e+01
9.355164e-02 -1.624840e-02 9.954818e-01 1.256589e+01 6.793685e-02 9.976405e-01 9.899187e-03 -1.021175e+00 -9.932939e-01 6.670381e-02 9.443477e-02 8.702261e+01
8.755493e-02 -1.561455e-02 9.960373e-01 1.312509e+01 6.859885e-02 9.975980e-01 9.608950e-03 -1.016513e+00 -9.937949e-01 6.748570e-02 8.841577e-02 8.707218e+01
8.346388e-02 -1.522189e-02 9.963945e-01 1.370099e+01 7.011635e-02 9.974949e-01 9.365336e-03 -1.010464e+00 -9.940410e-01 6.908188e-02 8.432209e-02 8.711530e+01
8.021507e-02 -1.514383e-02 9.966625e-01 1.430962e+01 7.091514e-02 9.974376e-01 9.448095e-03 -1.006537e+00 -9.942518e-01 6.992059e-02 8.108345e-02 8.716645e+01
7.655100e-02 -1.514746e-02 9.969506e-01 1.491664e+01 7.032080e-02 9.974767e-01 9.755861e-03 -1.002329e+00 -9.945828e-01 6.935955e-02 7.742302e-02 8.722231e+01
7.383321e-02 -1.578295e-02 9.971457e-01 1.555933e+01 7.104436e-02 9.974176e-01 1.052680e-02 -1.000246e+00 -9.947368e-01 7.006435e-02 7.476383e-02 8.727396e+01
7.294164e-02 -1.622685e-02 9.972042e-01 1.624301e+01 7.556196e-02 9.970837e-01 1.069782e-02 -9.945621e-01 -9.944697e-01 7.457039e-02 7.395505e-02 8.732020e+01
7.329477e-02 -1.665287e-02 9.971713e-01 1.696499e+01 7.859606e-02 9.968473e-01 1.087044e-02 -9.903080e-01 -9.942085e-01 7.757699e-02 7.437254e-02 8.737578e+01
7.586220e-02 -1.714584e-02 9.969709e-01 1.770653e+01 8.018342e-02 9.967190e-01 1.104014e-02 -9.886244e-01 -9.938891e-01 7.910300e-02 7.698810e-02 8.743017e+01
7.975197e-02 -1.760894e-02 9.966592e-01 1.846544e+01 8.395512e-02 9.964101e-01 1.088651e-02 -9.866593e-01 -9.932730e-01 8.280642e-02 8.094403e-02 8.748845e+01
8.359086e-02 -1.821361e-02 9.963337e-01 1.921715e+01 8.395027e-02 9.964073e-01 1.117166e-02 -9.830602e-01 -9.929577e-01 8.270863e-02 8.481958e-02 8.756162e+01
8.757497e-02 -2.011628e-02 9.959548e-01 1.996911e+01 8.643897e-02 9.961785e-01 1.252016e-02 -9.795116e-01 -9.924006e-01 8.499285e-02 8.897913e-02 8.763029e+01
9.158435e-02 -2.164735e-02 9.955620e-01 2.072707e+01 8.637575e-02 9.961682e-01 1.371460e-02 -9.742356e-01 -9.920441e-01 8.473638e-02 9.310322e-02 8.770620e+01
9.613295e-02 -2.359702e-02 9.950888e-01 2.151037e+01 8.426330e-02 9.963232e-01 1.548583e-02 -9.676784e-01 -9.917954e-01 8.236076e-02 9.776785e-02 8.778797e+01
1.016453e-01 -2.503580e-02 9.945056e-01 2.229943e+01 8.553447e-02 9.962013e-01 1.633628e-02 -9.630524e-01 -9.911368e-01 8.340400e-02 1.034006e-01 8.785878e+01
1.057184e-01 -2.361911e-02 9.941156e-01 2.312004e+01 8.143512e-02 9.965655e-01 1.501717e-02 -9.583515e-01 -9.910560e-01 7.936833e-02 1.072787e-01 8.795870e+01
1.099172e-01 -1.956708e-02 9.937481e-01 2.395145e+01 8.083700e-02 9.966701e-01 1.068334e-02 -9.568161e-01 -9.906481e-01 7.915734e-02 1.111329e-01 8.804566e+01
1.120879e-01 -1.421059e-02 9.935967e-01 2.475096e+01 7.566069e-02 9.971172e-01 5.725643e-03 -9.589958e-01 -9.908137e-01 7.453444e-02 1.128399e-01 8.814260e+01
1.126568e-01 -1.097352e-02 9.935734e-01 2.556157e+01 7.346966e-02 9.972938e-01 2.684224e-03 -9.591054e-01 -9.909141e-01 7.269510e-02 1.131581e-01 8.823803e+01
1.127796e-01 -1.104364e-02 9.935587e-01 2.634981e+01 7.083294e-02 9.974835e-01 3.046968e-03 -9.625471e-01 -9.910921e-01 7.003305e-02 1.132780e-01 8.833978e+01
1.123977e-01 -1.304518e-02 9.935777e-01 2.715101e+01 6.722126e-02 9.977230e-01 5.495249e-03 -9.767565e-01 -9.913869e-01 6.617188e-02 1.130187e-01 8.844662e+01
1.126072e-01 -1.426264e-02 9.935372e-01 2.795704e+01 6.940581e-02 9.975676e-01 6.454065e-03 -9.818455e-01 -9.912126e-01 6.823048e-02 1.133232e-01 8.853326e+01
1.135932e-01 -1.542660e-02 9.934076e-01 2.877226e+01 6.954885e-02 9.975501e-01 7.538221e-03 -9.903214e-01 -9.910901e-01 6.823406e-02 1.143878e-01 8.862390e+01
1.166749e-01 -1.409311e-02 9.930702e-01 2.961076e+01 7.192016e-02 9.973941e-01 5.704646e-03 -9.817661e-01 -9.905627e-01 7.075618e-02 1.173844e-01 8.869366e+01
1.168888e-01 -1.283329e-02 9.930621e-01 3.040494e+01 6.900848e-02 9.976047e-01 4.769321e-03 -9.830883e-01 -9.907446e-01 6.797222e-02 1.174945e-01 8.879563e+01
1.164642e-01 -1.173312e-02 9.931256e-01 3.121754e+01 6.696078e-02 9.977478e-01 3.935217e-03 -9.939028e-01 -9.909351e-01 6.604215e-02 1.169875e-01 8.889079e+01
1.141576e-01 -1.195684e-02 9.933907e-01 3.203001e+01 6.489416e-02 9.978818e-01 4.553447e-03 -1.000033e+00 -9.913409e-01 6.394545e-02 1.146917e-01 8.898375e+01
1.111956e-01 -1.322244e-02 9.937106e-01 3.284294e+01 6.423343e-02 9.979163e-01 6.090718e-03 -1.005203e+00 -9.917205e-01 6.315218e-02 1.118132e-01 8.907120e+01
1.063237e-01 -1.564993e-02 9.942084e-01 3.368837e+01 6.198305e-02 9.980359e-01 9.081523e-03 -1.013271e+00 -9.923978e-01 6.065848e-02 1.070849e-01 8.916925e+01
1.001311e-01 -1.724924e-02 9.948247e-01 3.457685e+01 5.989024e-02 9.981412e-01 1.127867e-02 -1.015275e+00 -9.931701e-01 5.845095e-02 1.009781e-01 8.926901e+01
9.437839e-02 -1.696224e-02 9.953919e-01 3.540422e+01 5.995536e-02 9.981368e-01 1.132433e-02 -1.017399e+00 -9.937294e-01 5.861030e-02 9.521952e-02 8.933217e+01
8.447506e-02 -1.536711e-02 9.963071e-01 3.626840e+01 5.840028e-02 9.982386e-01 1.044525e-02 -1.016058e+00 -9.947127e-01 5.730225e-02 8.522371e-02 8.942316e+01
7.301578e-02 -1.447858e-02 9.972257e-01 3.710177e+01 5.700775e-02 9.983204e-01 1.032043e-02 -1.016017e+00 -9.957002e-01 5.609604e-02 7.371853e-02 8.950307e+01
6.270767e-02 -1.554341e-02 9.979109e-01 3.796455e+01 5.736366e-02 9.982819e-01 1.194451e-02 -1.019095e+00 -9.963820e-01 5.649480e-02 6.349155e-02 8.955837e+01
5.217784e-02 -1.633380e-02 9.985042e-01 3.881544e+01 5.618564e-02 9.983305e-01 1.339492e-02 -1.020408e+00 -9.970560e-01 5.540269e-02 5.300845e-02 8.960328e+01
4.109261e-02 -1.707457e-02 9.990094e-01 4.001480e+01 5.754046e-02 9.982350e-01 1.469450e-02 -1.017085e+00 -9.974971e-01 5.687962e-02 4.200257e-02 8.965167e+01
2.966169e-02 -1.699103e-02 9.994156e-01 4.183345e+01 5.841481e-02 9.981761e-01 1.523626e-02 -1.024238e+00 -9.978516e-01 5.792874e-02 3.060011e-02 8.971143e+01
1.865035e-02 -1.606187e-02 9.996970e-01 4.340305e+01 5.884709e-02 9.981552e-01 1.493925e-02 -1.019427e+00 -9.980928e-01 5.855064e-02 1.956114e-02 8.974229e+01
6.871183e-03 -1.464298e-02 9.998692e-01 4.547056e+01 5.678232e-02 9.982852e-01 1.422957e-02 -1.012917e+00 -9.983629e-01 5.667712e-02 7.690863e-03 8.979346e+01
-2.467166e-03 -1.315340e-02 9.999104e-01 4.709090e+01 5.866245e-02 9.981896e-01 1.327551e-02 -9.998826e-01 -9.982748e-01 5.868995e-02 -1.691089e-03 8.975892e+01
-1.180867e-02 -1.214925e-02 9.998565e-01 4.786998e+01 6.020423e-02 9.981035e-01 1.283898e-02 -9.987422e-01 -9.981162e-01 6.034720e-02 -1.105484e-02 8.974571e+01
-2.041156e-02 -1.171045e-02 9.997231e-01 4.864397e+01 6.281203e-02 9.979411e-01 1.297202e-02 -1.002826e+00 -9.978166e-01 6.305942e-02 -1.963398e-02 8.971493e+01
-3.003413e-02 -1.143371e-02 9.994835e-01 4.939045e+01 6.269991e-02 9.979438e-01 1.330021e-02 -1.004619e+00 -9.975804e-01 6.306699e-02 -2.925548e-02 8.969572e+01
-3.872980e-02 -1.169201e-02 9.991813e-01 5.012825e+01 6.212973e-02 9.979687e-01 1.408606e-02 -1.002533e+00 -9.973163e-01 6.262442e-02 -3.792471e-02 8.967018e+01
-4.616054e-02 -1.268125e-02 9.988535e-01 5.086092e+01 6.379206e-02 9.978410e-01 1.561645e-02 -1.000300e+00 -9.968951e-01 6.443979e-02 -4.525192e-02 8.963638e+01
-5.157695e-02 -1.451799e-02 9.985635e-01 5.159385e+01 6.686825e-02 9.976002e-01 1.795780e-02 -1.000107e+00 -9.964278e-01 6.769840e-02 -5.048239e-02 8.959609e+01
-5.517142e-02 -1.597863e-02 9.983490e-01 5.232125e+01 7.101843e-02 9.972768e-01 1.988613e-02 -9.968460e-01 -9.959480e-01 7.199832e-02 -5.388640e-02 8.954687e+01
-5.813078e-02 -1.688280e-02 9.981662e-01 5.304672e+01 7.367606e-02 9.970578e-01 2.115477e-02 -9.921184e-01 -9.955866e-01 7.477070e-02 -5.671589e-02 8.950401e+01
-5.947688e-02 -1.774262e-02 9.980720e-01 5.376697e+01 7.475000e-02 9.969557e-01 2.217726e-02 -9.879842e-01 -9.954270e-01 7.592491e-02 -5.796955e-02 8.945859e+01
-6.037631e-02 -1.739123e-02 9.980242e-01 5.445052e+01 7.609431e-02 9.968585e-01 2.197430e-02 -9.864667e-01 -9.952710e-01 7.727069e-02 -5.886326e-02 8.941747e+01
-6.052793e-02 -1.585156e-02 9.980406e-01 5.511290e+01 7.643897e-02 9.968641e-01 2.046865e-02 -9.803097e-01 -9.952354e-01 7.752812e-02 -5.912645e-02 8.939139e+01
-5.769720e-02 -1.408677e-02 9.982347e-01 5.575959e+01 7.775792e-02 9.967995e-01 1.856086e-02 -9.781529e-01 -9.953013e-01 7.869156e-02 -5.641718e-02 8.935703e+01
-5.293331e-02 -1.355582e-02 9.985060e-01 5.639293e+01 7.663583e-02 9.969039e-01 1.759672e-02 -9.781645e-01 -9.956531e-01 7.745279e-02 -5.173056e-02 8.933489e+01
-4.491058e-02 -1.284322e-02 9.989084e-01 5.701624e+01 7.689605e-02 9.969063e-01 1.627470e-02 -9.793192e-01 -9.960271e-01 7.754302e-02 -4.378405e-02 8.931371e+01
-3.356372e-02 -1.265546e-02 9.993565e-01 5.761448e+01 7.694160e-02 9.969196e-01 1.520871e-02 -9.800017e-01 -9.964705e-01 7.740255e-02 -3.248660e-02 8.929739e+01
-2.044176e-02 -1.218507e-02 9.997168e-01 5.818336e+01 7.517513e-02 9.970764e-01 1.369003e-02 -9.817403e-01 -9.969608e-01 7.543368e-02 -1.946598e-02 8.930681e+01
-3.393072e-03 -1.072953e-02 9.999367e-01 5.872609e+01 7.437357e-02 9.971703e-01 1.095221e-02 -9.881986e-01 -9.972247e-01 7.440603e-02 -2.585477e-03 8.932087e+01
1.860259e-02 -8.283312e-03 9.997926e-01 5.926389e+01 7.473237e-02 9.971800e-01 6.871162e-03 -9.952638e-01 -9.970301e-01 7.458906e-02 1.916917e-02 8.933931e+01
4.328556e-02 -4.764084e-03 9.990514e-01 5.977446e+01 7.357741e-02 9.972883e-01 1.567813e-03 -9.989530e-01 -9.963497e-01 7.343975e-02 4.351871e-02 8.937819e+01
7.151255e-02 -2.936415e-03 9.974354e-01 6.027797e+01 7.298707e-02 9.973302e-01 -2.296806e-03 -1.008974e+00 -9.947657e-01 7.296414e-02 7.153595e-02 8.943588e+01
1.049975e-01 -3.417065e-03 9.944666e-01 6.077042e+01 7.243056e-02 9.973645e-01 -4.220321e-03 -1.015710e+00 -9.918313e-01 7.247289e-02 1.049683e-01 8.950388e+01
1.416443e-01 -5.364107e-03 9.899031e-01 6.125165e+01 7.130100e-02 9.974433e-01 -4.797426e-03 -1.023662e+00 -9.873465e-01 7.126060e-02 1.416646e-01 8.960677e+01
1.831995e-01 -8.654253e-03 9.830377e-01 6.173170e+01 6.969488e-02 9.975595e-01 -4.206280e-03 -1.033147e+00 -9.806022e-01 6.928328e-02 1.833555e-01 8.972418e+01
2.264597e-01 -1.210617e-02 9.739453e-01 6.220496e+01 6.569629e-02 9.978355e-01 -2.872441e-03 -1.047584e+00 -9.718024e-01 6.463508e-02 2.267649e-01 8.988307e+01
2.746099e-01 -1.511270e-02 9.614370e-01 6.267303e+01 6.278724e-02 9.980244e-01 -2.245752e-03 -1.058792e+00 -9.595036e-01 6.098268e-02 2.750162e-01 9.004714e+01
3.239463e-01 -1.568735e-02 9.459454e-01 6.313314e+01 5.813865e-02 9.983029e-01 -3.354394e-03 -1.072107e+00 -9.442874e-01 5.608263e-02 3.243086e-01 9.025806e+01
3.757996e-01 -1.500970e-02 9.265794e-01 6.358101e+01 5.635766e-02 9.983883e-01 -6.684456e-03 -1.084079e+00 -9.249857e-01 5.473186e-02 3.760398e-01 9.049698e+01
4.308230e-01 -1.384022e-02 9.023303e-01 6.400500e+01 5.737417e-02 9.982796e-01 -1.208172e-02 -1.099742e+00 -9.006108e-01 5.697554e-02 4.308759e-01 9.075495e+01
4.882846e-01 -1.007597e-02 8.726263e-01 6.441061e+01 5.715029e-02 9.981561e-01 -2.045345e-02 -1.120139e+00 -8.708111e-01 5.985795e-02 4.879600e-01 9.103602e+01
5.433200e-01 -5.262906e-03 8.395092e-01 6.475894e+01 5.518460e-02 9.980415e-01 -2.945804e-02 -1.144863e+00 -8.377100e-01 6.233313e-02 5.425463e-01 9.134900e+01
5.968544e-01 4.064743e-04 8.023495e-01 6.507775e+01 4.886085e-02 9.981255e-01 -3.685242e-02 -1.167391e+00 -8.008605e-01 6.119901e-02 5.957157e-01 9.168673e+01
6.495568e-01 3.922206e-03 7.603030e-01 6.537479e+01 4.401755e-02 9.981155e-01 -4.275494e-02 -1.187717e+00 -7.590378e-01 6.123843e-02 6.481600e-01 9.202636e+01
7.011019e-01 3.977027e-03 7.130500e-01 6.566886e+01 4.250816e-02 9.979729e-01 -4.736206e-02 -1.214052e+00 -7.117929e-01 6.351607e-02 6.995116e-01 9.235794e+01
7.491640e-01 -2.238711e-04 6.623845e-01 6.593818e+01 4.407708e-02 9.978003e-01 -4.951441e-02 -1.241570e+00 -6.609164e-01 6.629039e-02 7.475260e-01 9.268686e+01
7.913326e-01 -3.252881e-03 6.113772e-01 6.615361e+01 4.074274e-02 9.980435e-01 -4.742497e-02 -1.267957e+00 -6.100268e-01 6.243811e-02 7.899169e-01 9.305212e+01
8.292102e-01 -5.500064e-03 5.589098e-01 6.633458e+01 3.651317e-02 9.983487e-01 -4.434725e-02 -1.288929e+00 -5.577429e-01 5.718076e-02 8.280418e-01 9.344298e+01
8.633463e-01 -7.713935e-03 5.045529e-01 6.651032e+01 3.280361e-02 9.986261e-01 -4.086298e-02 -1.313335e+00 -5.035445e-01 5.183006e-02 8.624132e-01 9.384997e+01
8.918368e-01 -8.753674e-03 4.522727e-01 6.665573e+01 2.826004e-02 9.989379e-01 -3.639169e-02 -1.336770e+00 -4.514738e-01 4.523669e-02 8.911370e-01 9.428349e+01
9.148111e-01 -4.478972e-03 4.038572e-01 6.676280e+01 1.970110e-02 9.992430e-01 -3.354453e-02 -1.364940e+00 -4.034013e-01 3.864334e-02 9.142068e-01 9.472538e+01
9.331213e-01 2.742150e-03 3.595512e-01 6.686332e+01 9.680990e-03 9.994168e-01 -3.274662e-02 -1.385709e+00 -3.594314e-01 3.403738e-02 9.325506e-01 9.518406e+01
9.470082e-01 1.138866e-02 3.210076e-01 6.695245e+01 -1.179359e-03 9.994878e-01 -3.198045e-02 -1.405100e+00 -3.212073e-01 2.990716e-02 9.465365e-01 9.565475e+01
9.577916e-01 1.709720e-02 2.869547e-01 6.703896e+01 -7.609741e-03 9.993879e-01 -3.414544e-02 -1.423520e+00 -2.873628e-01 3.052056e-02 9.573354e-01 9.613805e+01
9.663422e-01 1.990473e-02 2.564889e-01 6.713746e+01 -1.124105e-02 9.993171e-01 -3.520009e-02 -1.437862e+00 -2.570144e-01 3.113213e-02 9.659060e-01 9.661636e+01
9.718645e-01 1.559629e-02 2.350237e-01 6.723677e+01 -7.341884e-03 9.993264e-01 -3.595582e-02 -1.457586e+00 -2.354262e-01 3.321867e-02 9.713244e-01 9.710499e+01
9.753195e-01 1.415861e-02 2.203440e-01 6.732769e+01 -6.398499e-03 9.993352e-01 -3.589212e-02 -1.482486e+00 -2.207057e-01 3.359641e-02 9.747617e-01 9.759561e+01
9.781956e-01 1.728074e-02 2.069656e-01 6.742452e+01 -9.962828e-03 9.992895e-01 -3.634838e-02 -1.505959e+00 -2.074466e-01 3.349387e-02 9.776728e-01 9.811117e+01
9.802447e-01 2.181864e-02 1.965814e-01 6.751825e+01 -1.510095e-02 9.992518e-01 -3.560709e-02 -1.530789e+00 -1.972112e-01 3.193509e-02 9.798407e-01 9.863165e+01
9.811640e-01 2.907536e-02 1.909758e-01 6.759989e+01 -2.239387e-02 9.990624e-01 -3.705202e-02 -1.551340e+00 -1.918741e-01 3.207742e-02 9.808952e-01 9.916689e+01
9.814798e-01 3.551111e-02 1.882456e-01 6.768486e+01 -2.832494e-02 9.987687e-01 -4.072886e-02 -1.576914e+00 -1.894601e-01 3.464251e-02 9.812771e-01 9.970820e+01
9.815209e-01 3.709668e-02 1.877248e-01 6.786417e+01 -2.952856e-02 9.986406e-01 -4.295306e-02 -1.639127e+00 -1.890630e-01 3.661608e-02 9.812820e-01 1.007132e+02
9.813376e-01 3.450819e-02 1.891710e-01 6.798398e+01 -2.614989e-02 9.985758e-01 -4.650383e-02 -1.670705e+00 -1.905063e-01 4.068915e-02 9.808424e-01 1.012583e+02
9.806098e-01 3.310740e-02 1.931534e-01 6.809625e+01 -2.326703e-02 9.983237e-01 -5.299430e-02 -1.697922e+00 -1.945841e-01 4.747262e-02 9.797364e-01 1.018153e+02
9.796151e-01 3.369205e-02 1.980382e-01 6.820429e+01 -2.259051e-02 9.980579e-01 -5.805251e-02 -1.722621e+00 -1.996095e-01 5.239533e-02 9.784737e-01 1.023771e+02
9.787789e-01 3.768627e-02 2.014240e-01 6.832509e+01 -2.649880e-02 9.979675e-01 -5.795340e-02 -1.753030e+00 -2.031986e-01 5.138607e-02 9.777882e-01 1.029365e+02
9.770559e-01 4.325745e-02 2.085441e-01 6.841734e+01 -3.253498e-02 9.979794e-01 -5.457625e-02 -1.781149e+00 -2.104835e-01 4.653906e-02 9.764890e-01 1.034983e+02
9.758372e-01 4.314555e-02 2.141966e-01 6.853411e+01 -3.308666e-02 9.981845e-01 -5.032772e-02 -1.812773e+00 -2.159792e-01 4.202462e-02 9.754932e-01 1.040817e+02
9.750418e-01 3.935189e-02 2.185059e-01 6.866696e+01 -3.030015e-02 9.985442e-01 -4.462432e-02 -1.849507e+00 -2.199439e-01 3.688982e-02 9.748148e-01 1.046798e+02
9.741789e-01 3.733758e-02 2.226688e-01 6.880108e+01 -2.915509e-02 9.987773e-01 -3.992322e-02 -1.885424e+00 -2.238872e-01 3.240042e-02 9.740764e-01 1.052952e+02
9.734300e-01 3.486562e-02 2.263149e-01 6.894194e+01 -2.667064e-02 9.988766e-01 -3.916865e-02 -1.919285e+00 -2.274263e-01 3.209198e-02 9.732664e-01 1.059443e+02
9.733525e-01 3.178536e-02 2.271005e-01 6.909248e+01 -2.270702e-02 9.988394e-01 -4.247692e-02 -1.953749e+00 -2.281871e-01 3.618824e-02 9.729445e-01 1.066007e+02
9.734644e-01 3.189133e-02 2.266054e-01 6.925902e+01 -2.120314e-02 9.985517e-01 -4.944558e-02 -1.994116e+00 -2.278541e-01 4.332877e-02 9.727308e-01 1.073186e+02
9.735068e-01 3.486793e-02 2.259838e-01 6.951953e+01 -2.279078e-02 9.981799e-01 -5.583363e-02 -2.065829e+00 -2.275193e-01 4.920407e-02 9.725297e-01 1.085314e+02
9.737974e-01 3.950651e-02 2.239594e-01 6.979425e+01 -2.671575e-02 9.978493e-01 -5.985823e-02 -2.134543e+00 -2.258425e-01 5.230655e-02 9.727585e-01 1.098864e+02
9.743811e-01 3.743680e-02 2.217654e-01 6.994011e+01 -2.575053e-02 9.981346e-01 -5.535638e-02 -2.176518e+00 -2.234241e-01 4.822763e-02 9.735275e-01 1.105548e+02
9.746157e-01 3.429799e-02 2.212417e-01 7.009993e+01 -2.428378e-02 9.985604e-01 -4.782668e-02 -2.219625e+00 -2.225636e-01 4.124005e-02 9.740455e-01 1.112961e+02
9.750731e-01 3.549365e-02 2.190268e-01 7.025111e+01 -2.688662e-02 9.987493e-01 -4.215392e-02 -2.262514e+00 -2.202490e-01 3.521426e-02 9.748078e-01 1.120080e+02
9.753893e-01 3.872490e-02 2.170623e-01 7.041150e+01 -3.012229e-02 9.986293e-01 -4.280274e-02 -2.305886e+00 -2.184223e-01 3.521092e-02 9.752189e-01 1.127736e+02
9.755385e-01 4.477950e-02 2.152196e-01 7.057017e+01 -3.546681e-02 9.982678e-01 -4.694132e-02 -2.352068e+00 -2.169488e-01 3.815991e-02 9.754368e-01 1.135803e+02
9.764383e-01 4.404244e-02 2.112545e-01 7.072264e+01 -3.369162e-02 9.980603e-01 -5.235022e-02 -2.392034e+00 -2.131503e-01 4.399925e-02 9.760282e-01 1.142995e+02
9.773354e-01 4.263864e-02 2.073584e-01 7.087623e+01 -3.176274e-02 9.979533e-01 -5.550066e-02 -2.431037e+00 -2.093005e-01 4.765649e-02 9.766894e-01 1.150467e+02
9.784076e-01 3.886515e-02 2.029979e-01 7.103871e+01 -2.842961e-02 9.981322e-01 -5.407353e-02 -2.475681e+00 -2.047203e-01 4.713480e-02 9.776850e-01 1.158092e+02
9.789698e-01 3.585445e-02 2.008298e-01 7.118954e+01 -2.593706e-02 9.983207e-01 -5.179831e-02 -2.530319e+00 -2.023498e-01 4.550004e-02 9.782558e-01 1.166148e+02
9.792847e-01 3.548839e-02 1.993541e-01 7.135260e+01 -2.622763e-02 9.984590e-01 -4.890487e-02 -2.585199e+00 -2.007825e-01 4.266321e-02 9.787064e-01 1.174627e+02
9.795413e-01 3.250837e-02 1.986001e-01 7.151294e+01 -2.373155e-02 9.986403e-01 -4.641552e-02 -2.633698e+00 -1.998390e-01 4.075283e-02 9.789809e-01 1.182765e+02
