1.000000e+00 0.000000e+00 0.000000e+00 0.000000e+00 0.000000e+00 1.000000e+00 0.000000e+00 0.000000e+00 0.000000e+00 0.000000e+00 1.000000e+00 0.000000e+00
9.989805e-01 2.463389e-03 4.507673e-02 2.787349e-02 -2.352282e-03 9.999941e-01 -2.517717e-03 -2.343730e-02 -4.508267e-02 2.409117e-03 9.989804e-01 1.120996e+00
9.959351e-01 -2.620266e-03 9.003518e-02 1.331778e-01 3.306178e-03 9.999666e-01 -7.469972e-03 -4.939080e-02 -9.001261e-02 7.737280e-03 9.959106e-01 2.226406e+00
9.906620e-01 -5.945179e-04 1.363392e-01 2.643234e-01 2.135010e-03 9.999355e-01 -1.115302e-02 -8.067747e-02 -1.363238e-01 1.133996e-02 9.905994e-01 3.293413e+00
9.832870e-01 1.012715e-03 1.820596e-01 4.533550e-01 1.499483e-03 9.999056e-01 -1.366059e-02 -1.116389e-01 -1.820563e-01 1.370527e-02 9.831926e-01 4.336705e+00
9.737709e-01 -3.893500e-03 2.274972e-01 7.022667e-01 7.275677e-03 9.998751e-01 -1.403019e-02 -1.396418e-01 -2.274142e-01 1.531739e-02 9.736776e-01 5.374412e+00
9.618680e-01 -3.381037e-03 2.734931e-01 9.809704e-01 7.833269e-03 9.998540e-01 -1.518878e-02 -1.766847e-01 -2.734018e-01 1.675195e-02 9.617540e-01 6.410685e+00
9.484410e-01 -8.470325e-03 3.168405e-01 1.332206e+00 1.495926e-02 9.997251e-01 -1.805318e-02 -2.089199e-01 -3.166005e-01 2.186208e-02 9.483070e-01 7.428042e+00
9.329772e-01 -9.240189e-03 3.598169e-01 1.692380e+00 1.746438e-02 9.996551e-01 -1.961238e-02 -2.456559e-01 -3.595116e-01 2.458188e-02 9.328168e-01 8.381962e+00
9.157277e-01 -9.500905e-03 4.016871e-01 2.114518e+00 1.952041e-02 9.995919e-01 -2.085791e-02 -2.716416e-01 -4.013250e-01 2.694127e-02 9.155394e-01 9.336870e+00
8.960462e-01 -1.117584e-02 4.438201e-01 2.571694e+00 2.198101e-02 9.995739e-01 -1.920806e-02 -3.140254e-01 -4.434163e-01 2.696693e-02 8.959100e-01 1.025043e+01
8.744108e-01 -1.255052e-02 4.850239e-01 3.093271e+00 2.451589e-02 9.995313e-01 -1.833378e-02 -3.496871e-01 -4.845665e-01 2.792205e-02 8.743087e-01 1.116959e+01
8.500326e-01 -9.836515e-03 5.266383e-01 3.641542e+00 2.224253e-02 9.996041e-01 -1.723052e-02 -3.804822e-01 -5.262603e-01 2.636027e-02 8.499149e-01 1.209172e+01
8.246344e-01 -1.146514e-02 5.655498e-01 4.238666e+00 2.594463e-02 9.995090e-01 -1.756754e-02 -4.111400e-01 -5.650708e-01 2.915978e-02 8.245270e-01 1.294972e+01
7.975963e-01 -1.344225e-02 6.030419e-01 4.885237e+00 3.009944e-02 9.993931e-01 -1.753296e-02 -4.381137e-01 -6.024402e-01 3.213545e-02 7.975168e-01 1.379060e+01
7.700480e-01 -1.442901e-02 6.378228e-01 5.574605e+00 3.422302e-02 9.992390e-01 -1.871262e-02 -4.598945e-01 -6.370674e-01 3.623784e-02 7.699558e-01 1.458101e+01
7.404016e-01 -1.949970e-02 6.718819e-01 6.293026e+00 4.242340e-02 9.989419e-01 -1.775801e-02 -4.832139e-01 -6.708247e-01 4.165157e-02 7.404454e-01 1.533320e+01
7.083043e-01 -1.776092e-02 7.056837e-01 7.032910e+00 4.182590e-02 9.989830e-01 -1.683844e-02 -5.136227e-01 -7.046670e-01 4.144260e-02 7.083269e-01 1.608200e+01
6.731932e-01 -1.398218e-02 7.393345e-01 7.779095e+00 3.991116e-02 9.990509e-01 -1.744678e-02 -5.443870e-01 -7.383888e-01 4.125275e-02 6.731123e-01 1.679504e+01
6.366056e-01 -1.218394e-02 7.710933e-01 8.540242e+00 4.017486e-02 9.990415e-01 -1.738218e-02 -5.760285e-01 -7.701424e-01 4.204415e-02 6.364849e-01 1.745032e+01
5.996937e-01 -9.436540e-03 8.001740e-01 9.329765e+00 3.908175e-02 9.990826e-01 -1.750769e-02 -6.046346e-01 -7.992747e-01 4.177145e-02 5.995124e-01 1.804968e+01
5.617160e-01 -7.357069e-03 8.272974e-01 1.014460e+01 4.067957e-02 9.989966e-01 -1.873653e-02 -6.383856e-01 -8.263294e-01 4.417872e-02 5.614517e-01 1.860609e+01
5.220836e-01 -3.727491e-03 8.528862e-01 1.096577e+01 4.230533e-02 9.988727e-01 -2.153116e-02 -6.653123e-01 -8.518445e-01 4.732270e-02 5.216527e-01 1.912386e+01
4.837250e-01 -4.175888e-03 8.752101e-01 1.179876e+01 4.709737e-02 9.986639e-01 -2.126559e-02 -6.948377e-01 -8.739519e-01 5.150679e-02 4.832753e-01 1.956712e+01
4.446582e-01 -4.226818e-03 8.956904e-01 1.264867e+01 4.925176e-02 9.985913e-01 -1.973822e-02 -7.213742e-01 -8.943452e-01 5.289108e-02 4.442400e-01 1.999829e+01
4.080923e-01 -5.134074e-03 9.129262e-01 1.353638e+01 5.466331e-02 9.983274e-01 -1.882101e-02 -7.488222e-01 -9.113027e-01 5.758428e-02 4.076904e-01 2.037470e+01
3.729792e-01 -2.203067e-03 9.278371e-01 1.444333e+01 5.573730e-02 9.982444e-01 -2.003547e-02 -7.748098e-01 -9.261641e-01 5.918795e-02 3.724472e-01 2.073479e+01
3.399284e-01 -2.903037e-03 9.404468e-01 1.531438e+01 5.746052e-02 9.981911e-01 -1.768806e-02 -7.964815e-01 -9.386943e-01 6.005124e-02 3.394803e-01 2.104044e+01
3.064058e-01 -4.328452e-03 9.518911e-01 1.622308e+01 5.937426e-02 9.981294e-01 -1.457337e-02 -8.237670e-01 -9.500475e-01 6.098320e-02 3.060896e-01 2.133153e+01
2.732619e-01 -3.849734e-03 9.619320e-01 1.716974e+01 5.867508e-02 9.981967e-01 -1.267332e-02 -8.494365e-01 -9.601485e-01 5.990458e-02 2.729950e-01 2.160872e+01
2.404568e-01 -2.139939e-04 9.706598e-01 1.812421e+01 5.544293e-02 9.983704e-01 -1.351450e-02 -8.660377e-01 -9.690751e-01 5.706588e-02 2.400768e-01 2.186009e+01
2.086686e-01 1.928851e-03 9.779845e-01 1.907039e+01 5.415072e-02 9.984412e-01 -1.352311e-02 -8.835840e-01 -9.764861e-01 5.578041e-02 2.082388e-01 2.207509e+01
1.782647e-01 2.386988e-03 9.839797e-01 2.001169e+01 5.598571e-02 9.983525e-01 -1.256462e-02 -9.032772e-01 -9.823886e-01 5.732863e-02 1.778374e-01 2.224740e+01
1.469001e-01 2.402006e-03 9.891484e-01 2.099814e+01 5.704628e-02 9.983121e-01 -1.089630e-02 -9.208107e-01 -9.875050e-01 5.802791e-02 1.465151e-01 2.240256e+01
1.170917e-01 1.659702e-03 9.931197e-01 2.197521e+01 5.779469e-02 9.982925e-01 -8.482507e-03 -9.362704e-01 -9.914380e-01 5.839028e-02 1.167958e-01 2.251022e+01
8.755774e-02 1.607976e-03 9.961581e-01 2.296025e+01 5.907430e-02 9.982304e-01 -6.803682e-03 -9.498962e-01 -9.944063e-01 5.944306e-02 8.730781e-02 2.260302e+01
6.160292e-02 1.632523e-03 9.980994e-01 2.398359e+01 6.457696e-02 9.978969e-01 -5.617896e-03 -9.647043e-01 -9.960095e-01 6.480030e-02 6.136794e-02 2.264873e+01
3.655357e-02 2.178197e-03 9.993293e-01 2.501485e+01 7.058769e-02 9.974942e-01 -4.756161e-03 -9.780164e-01 -9.968356e-01 7.071420e-02 3.630822e-02 2.267815e+01
1.456705e-02 2.743637e-03 9.998901e-01 2.600798e+01 7.703459e-02 9.970210e-01 -3.858054e-03 -9.865724e-01 -9.969220e-01 7.708233e-02 1.431230e-02 2.267415e+01
-5.245502e-03 2.873778e-03 9.999821e-01 2.701794e+01 8.240064e-02 9.965963e-01 -2.431807e-03 -9.926386e-01 -9.965855e-01 8.238642e-02 -5.464449e-03 2.266048e+01
-2.230596e-02 2.456707e-03 9.997482e-01 2.804127e+01 8.794400e-02 9.961253e-01 -4.856350e-04 -9.970759e-01 -9.958756e-01 8.791102e-02 -2.243558e-02 2.262382e+01
-3.857666e-02 2.686310e-03 9.992520e-01 2.908717e+01 8.973226e-02 9.959656e-01 7.866865e-04 -1.000783e+00 -9.952186e-01 8.969549e-02 -3.866208e-02 2.259237e+01
-5.309619e-02 2.364423e-03 9.985866e-01 3.014493e+01 9.224721e-02 9.957329e-01 2.547242e-03 -1.003428e+00 -9.943195e-01 9.225208e-02 -5.308773e-02 2.253685e+01
-6.652693e-02 1.516524e-03 9.977835e-01 3.122187e+01 9.239574e-02 9.957115e-01 4.647085e-03 -1.004179e+00 -9.934975e-01 9.250010e-02 -6.638175e-02 2.247107e+01
-7.955337e-02 1.289888e-03 9.968298e-01 3.230602e+01 9.046262e-02 9.958822e-01 5.930832e-03 -1.013299e+00 -9.927174e-01 9.064765e-02 -7.934247e-02 2.239555e+01
-8.939011e-02 4.294250e-03 9.959874e-01 3.343263e+01 9.290677e-02 9.956666e-01 4.045538e-03 -1.016478e+00 -9.916540e-01 9.289561e-02 -8.940171e-02 2.227812e+01
-1.000185e-01 7.651606e-03 9.949562e-01 3.455097e+01 9.215115e-02 9.957437e-01 1.605884e-03 -1.020470e+00 -9.907091e-01 9.184697e-02 -1.002979e-01 2.217575e+01
-1.098999e-01 1.018024e-02 9.938905e-01 3.569628e+01 9.316737e-02 9.956505e-01 1.037593e-04 -1.024419e+00 -9.895665e-01 9.260957e-02 -1.103703e-01 2.205392e+01
-1.166477e-01 1.155961e-02 9.931061e-01 3.681048e+01 9.365328e-02 9.956047e-01 -5.884243e-04 -1.022849e+00 -9.887479e-01 9.293901e-02 -1.172176e-01 2.191492e+01
-1.221192e-01 1.238502e-02 9.924382e-01 3.791294e+01 9.331997e-02 9.956357e-01 -9.419272e-04 -1.024283e+00 -9.881186e-01 9.249927e-02 -1.227420e-01 2.177893e+01
-1.282311e-01 1.371902e-02 9.916494e-01 3.904290e+01 9.215434e-02 9.957430e-01 -1.859085e-03 -1.032291e+00 -9.874535e-01 9.114641e-02 -1.289495e-01 2.164927e+01
-1.326704e-01 1.578109e-02 9.910346e-01 4.018809e+01 9.189005e-02 9.957628e-01 -3.555001e-03 -1.033878e+00 -9.868915e-01 9.059457e-02 -1.335584e-01 2.149683e+01
-1.360216e-01 1.709027e-02 9.905585e-01 4.138795e+01 9.306127e-02 9.956507e-01 -4.399130e-03 -1.037022e+00 -9.863254e-01 9.158425e-02 -1.370204e-01 2.132670e+01
-1.397337e-01 1.615965e-02 9.900573e-01 4.256190e+01 9.234133e-02 9.957222e-01 -3.219335e-03 -1.044149e+00 -9.858740e-01 9.097336e-02 -1.406281e-01 2.117308e+01
-1.423764e-01 1.421099e-02 9.897106e-01 4.377790e+01 9.169613e-02 9.957864e-01 -1.107138e-03 -1.047009e+00 -9.855561e-01 9.059500e-02 -1.430796e-01 2.100550e+01
-1.439018e-01 1.323830e-02 9.895034e-01 4.501637e+01 9.261177e-02 9.957023e-01 1.471376e-04 -1.050208e+00 -9.852489e-01 9.166084e-02 -1.445093e-01 2.081772e+01
-1.458309e-01 1.422501e-02 9.892073e-01 4.629337e+01 9.503027e-02 9.954743e-01 -3.055800e-04 -1.052429e+00 -9.847348e-01 9.396007e-02 -1.465227e-01 2.063177e+01
-1.461784e-01 1.418577e-02 9.891565e-01 4.761955e+01 9.513226e-02 9.954646e-01 -2.175067e-04 -1.053213e+00 -9.846734e-01 9.406890e-02 -1.468650e-01 2.043233e+01
-1.466322e-01 1.592602e-02 9.890629e-01 4.891069e+01 9.666579e-02 9.953155e-01 -1.695648e-03 -1.050101e+00 -9.844566e-01 9.535990e-02 -1.474848e-01 2.023714e+01
-1.462077e-01 1.671832e-02 9.891126e-01 5.023171e+01 9.745312e-02 9.952372e-01 -2.416604e-03 -1.050071e+00 -9.844421e-01 9.603879e-02 -1.471406e-01 2.003828e+01
-1.457313e-01 1.815345e-02 9.891576e-01 5.151617e+01 9.689578e-02 9.952865e-01 -3.990406e-03 -1.059851e+00 -9.845677e-01 9.526368e-02 -1.468034e-01 1.985522e+01
-1.449339e-01 1.828645e-02 9.892723e-01 5.284301e+01 9.672396e-02 9.953023e-01 -4.227311e-03 -1.064994e+00 -9.847023e-01 9.507366e-02 -1.460218e-01 1.966654e+01
-1.409485e-01 1.768186e-02 9.898590e-01 5.420623e+01 9.904750e-02 9.950759e-01 -3.671430e-03 -1.072554e+00 -9.850498e-01 9.752558e-02 -1.420058e-01 1.943081e+01
-1.395561e-01 1.867302e-02 9.900381e-01 5.557334e+01 9.994444e-02 9.949820e-01 -4.678062e-03 -1.081550e+00 -9.851574e-01 9.829595e-02 -1.407221e-01 1.923595e+01
-1.384068e-01 1.939545e-02 9.901855e-01 5.691857e+01 9.950624e-02 9.950213e-01 -5.581316e-03 -1.092393e+00 -9.853639e-01 9.775715e-02 -1.396477e-01 1.905033e+01
-1.362496e-01 2.054525e-02 9.904615e-01 5.828478e+01 1.029633e-01 9.946641e-01 -6.468623e-03 -1.101348e+00 -9.853094e-01 1.010998e-01 -1.376380e-01 1.884599e+01
-1.354796e-01 2.060566e-02 9.905658e-01 5.964364e+01 1.020787e-01 9.947536e-01 -6.731483e-03 -1.109958e+00 -9.855076e-01 1.002037e-01 -1.368722e-01 1.866888e+01
-1.347870e-01 1.893327e-02 9.906937e-01 6.103815e+01 1.037830e-01 9.945880e-01 -4.887693e-03 -1.124764e+00 -9.854246e-01 1.021583e-01 -1.360225e-01 1.848155e+01
-1.325645e-01 1.715137e-02 9.910260e-01 6.248448e+01 1.079920e-01 9.941479e-01 -2.759860e-03 -1.140355e+00 -9.852738e-01 1.066570e-01 -1.336409e-01 1.826263e+01
-1.318633e-01 1.813096e-02 9.911021e-01 6.394873e+01 1.083862e-01 9.941017e-01 -3.765365e-03 -1.153194e+00 -9.853246e-01 1.069253e-01 -1.330507e-01 1.806961e+01
-1.315882e-01 2.007679e-02 9.911011e-01 6.539731e+01 1.094360e-01 9.939780e-01 -5.605278e-03 -1.163891e+00 -9.852453e-01 1.077246e-01 -1.329929e-01 1.789093e+01
-1.295345e-01 2.008314e-02 9.913715e-01 6.685287e+01 1.107367e-01 9.938336e-01 -5.663956e-03 -1.177158e+00 -9.853721e-01 1.090475e-01 -1.309596e-01 1.768643e+01
-1.286744e-01 2.002461e-02 9.914847e-01 6.830907e+01 1.124401e-01 9.936434e-01 -5.475782e-03 -1.193529e+00 -9.852919e-01 1.107780e-01 -1.301081e-01 1.748751e+01
-1.285760e-01 1.905541e-02 9.915166e-01 6.982479e+01 1.120835e-01 9.936883e-01 -4.562593e-03 -1.208560e+00 -9.853454e-01 1.105461e-01 -1.299002e-01 1.729800e+01
-1.261352e-01 2.029086e-02 9.918055e-01 7.126623e+01 1.198556e-01 9.927784e-01 -5.067848e-03 -1.220626e+00 -9.847459e-01 1.182343e-01 -1.276562e-01 1.709341e+01
-1.251535e-01 2.062328e-02 9.919230e-01 7.283565e+01 1.222758e-01 9.924825e-01 -5.207054e-03 -1.229314e+00 -9.845736e-01 1.206365e-01 -1.267344e-01 1.689052e+01
-1.255223e-01 2.206101e-02 9.918455e-01 7.432238e+01 1.228166e-01 9.924079e-01 -6.530556e-03 -1.242577e+00 -9.844594e-01 1.209954e-01 -1.272787e-01 1.670643e+01
-1.259267e-01 2.263803e-02 9.917812e-01 7.589103e+01 1.217510e-01 9.925346e-01 -7.196471e-03 -1.262973e+00 -9.845401e-01 1.198442e-01 -1.277428e-01 1.650178e+01
-1.264488e-01 2.355844e-02 9.916934e-01 7.741114e+01 1.213009e-01 9.925826e-01 -8.112742e-03 -1.280027e+00 -9.845287e-01 1.192674e-01 -1.283685e-01 1.630538e+01
-1.288482e-01 2.376222e-02 9.913796e-01 7.897151e+01 1.191869e-01 9.928371e-01 -8.306601e-03 -1.308670e+00 -9.844758e-01 1.170892e-01 -1.307574e-01 1.611957e+01
-1.296701e-01 2.335059e-02 9.912822e-01 8.059153e+01 1.202505e-01 9.927141e-01 -7.654299e-03 -1.329437e+00 -9.842385e-01 1.182096e-01 -1.315332e-01 1.593104e+01
-1.310703e-01 2.291439e-02 9.911082e-01 8.225769e+01 1.189161e-01 9.928780e-01 -7.229104e-03 -1.349643e+00 -9.842152e-01 1.169112e-01 -1.328617e-01 1.571429e+01
-1.325419e-01 2.200553e-02 9.909331e-01 8.391506e+01 1.148866e-01 9.933561e-01 -6.692726e-03 -1.369200e+00 -9.844967e-01 1.129579e-01 -1.341894e-01 1.551421e+01
-1.342648e-01 2.308931e-02 9.906765e-01 8.562143e+01 1.152276e-01 9.933105e-01 -7.534087e-03 -1.390030e+00 -9.842233e-01 1.131418e-01 -1.360272e-01 1.528140e+01
-1.370440e-01 2.392567e-02 9.902760e-01 8.731047e+01 1.131976e-01 9.935375e-01 -8.339099e-03 -1.408240e+00 -9.840758e-01 1.109540e-01 -1.388666e-01 1.505785e+01
-1.419504e-01 2.487253e-02 9.895612e-01 8.897839e+01 1.127472e-01 9.935847e-01 -8.800323e-03 -1.430446e+00 -9.834318e-01 1.103210e-01 -1.438441e-01 1.483833e+01
-1.460812e-01 2.459732e-02 9.889668e-01 9.068803e+01 1.121669e-01 9.936560e-01 -8.145672e-03 -1.450507e+00 -9.828931e-01 1.097394e-01 -1.479135e-01 1.458688e+01
-1.501956e-01 2.400949e-02 9.883647e-01 9.244147e+01 1.119114e-01 9.936926e-01 -7.132443e-03 -1.478365e+00 -9.823020e-01 1.095380e-01 -1.519352e-01 1.430593e+01
-1.537788e-01 2.501768e-02 9.877885e-01 9.415835e+01 1.118153e-01 9.936987e-01 -7.759975e-03 -1.502898e+00 -9.817583e-01 1.092565e-01 -1.556071e-01 1.401857e+01
-1.564344e-01 2.803547e-02 9.872904e-01 9.594203e+01 1.153759e-01 9.932723e-01 -9.924231e-03 -1.518206e+00 -9.809264e-01 1.123570e-01 -1.586166e-01 1.371802e+01
-1.612826e-01 2.969021e-02 9.864616e-01 9.769320e+01 1.139908e-01 9.934180e-01 -1.126254e-02 -1.546553e+00 -9.803030e-01 1.106311e-01 -1.636055e-01 1.343771e+01
-1.656358e-01 3.014802e-02 9.857261e-01 9.933137e+01 1.125674e-01 9.935779e-01 -1.147298e-02 -1.570244e+00 -9.797415e-01 1.090603e-01 -1.679658e-01 1.316653e+01
-1.695486e-01 3.054702e-02 9.850483e-01 1.011003e+02 1.130958e-01 9.935193e-01 -1.134342e-02 -1.597592e+00 -9.790110e-01 1.094816e-01 -1.719046e-01 1.285723e+01
-1.759120e-01 2.937322e-02 9.839676e-01 1.027532e+02 1.073967e-01 9.941610e-01 -1.047731e-02 -1.629652e+00 -9.785300e-01 1.038318e-01 -1.780394e-01 1.259241e+01
-1.806429e-01 2.901938e-02 9.831205e-01 1.044180e+02 1.059879e-01 9.943184e-01 -9.875231e-03 -1.653588e+00 -9.778214e-01 1.024149e-01 -1.826923e-01 1.229146e+01
-1.878434e-01 2.906298e-02 9.817689e-01 1.061845e+02 1.059391e-01 9.943304e-01 -9.165342e-03 -1.683513e+00 -9.764690e-01 1.022860e-01 -1.898573e-01 1.199256e+01
-1.935232e-01 3.072486e-02 9.806145e-01 1.079198e+02 1.066454e-01 9.942458e-01 -1.010561e-02 -1.716274e+00 -9.752823e-01 1.026223e-01 -1.956863e-01 1.166602e+01
-1.977334e-01 3.308912e-02 9.796972e-01 1.096733e+02 1.134290e-01 9.934889e-01 -1.066144e-02 -1.751189e+00 -9.736711e-01 1.090179e-01 -2.001992e-01 1.129416e+01
-2.022522e-01 3.425890e-02 9.787341e-01 1.114439e+02 1.203632e-01 9.926808e-01 -9.874416e-03 -1.787162e+00 -9.719088e-01 1.158064e-01 -2.048954e-01 1.091085e+01
-2.065030e-01 3.373340e-02 9.778643e-01 1.133010e+02 1.177450e-01 9.929995e-01 -9.390421e-03 -1.819909e+00 -9.713355e-01 1.131994e-01 -2.090293e-01 1.051628e+01
-2.127108e-01 3.400786e-02 9.765232e-01 1.150827e+02 1.139973e-01 9.934331e-01 -9.765334e-03 -1.851469e+00 -9.704425e-01 1.092438e-01 -2.151908e-01 1.014094e+01
-2.178650e-01 3.449587e-02 9.753691e-01 1.169469e+02 1.136471e-01 9.934733e-01 -9.751167e-03 -1.888398e+00 -9.693395e-01 1.087235e-01 -2.203635e-01 9.734519e+00
-2.177683e-01 3.708961e-02 9.752955e-01 1.197298e+02 1.281280e-01 9.917158e-01 -9.105084e-03 -1.927373e+00 -9.675537e-01 1.229798e-01 -2.207164e-01 9.008135e+00
-2.189302e-01 3.931585e-02 9.749481e-01 1.216574e+02 1.426360e-01 9.897438e-01 -7.882765e-03 -1.969623e+00 -9.652588e-01 1.373369e-01 -2.222927e-01 8.518272e+00
-2.215811e-01 4.120217e-02 9.742711e-01 1.235515e+02 1.477656e-01 9.889883e-01 -8.217824e-03 -1.995293e+00 -9.638813e-01 1.421429e-01 -2.252294e-01 8.066981e+00
-2.235557e-01 4.236066e-02 9.737702e-01 1.254223e+02 1.518444e-01 9.883709e-01 -8.135768e-03 -2.034205e+00 -9.627908e-01 1.460427e-01 -2.273882e-01 7.631468e+00
-2.242844e-01 4.358041e-02 9.735488e-01 1.272929e+02 1.569005e-01 9.875815e-01 -8.062119e-03 -2.059250e+00 -9.618101e-01 1.509421e-01 -2.283369e-01 7.169405e+00
-2.297320e-01 4.536705e-02 9.721960e-01 1.296636e+02 1.567906e-01 9.875905e-01 -9.035476e-03 -2.082245e+00 -9.605415e-01 1.503554e-01 -2.339943e-01 6.678426e+00
-2.356952e-01 4.575657e-02 9.707492e-01 1.319919e+02 1.516797e-01 9.883815e-01 -9.760254e-03 -2.117936e+00 -9.599172e-01 1.449425e-01 -2.398971e-01 6.158200e+00
-2.388740e-01 4.635056e-02 9.699437e-01 1.339317e+02 1.547572e-01 9.879107e-01 -9.096146e-03 -2.148898e+00 -9.586394e-01 1.479329e-01 -2.431592e-01 5.664060e+00
-2.423598e-01 4.766189e-02 9.690150e-01 1.358128e+02 1.560263e-01 9.877067e-01 -9.557605e-03 -2.172906e+00 -9.575581e-01 1.488755e-01 -2.468169e-01 5.185996e+00
-2.466322e-01 4.811716e-02 9.679139e-01 1.375435e+02 1.560807e-01 9.877002e-01 -9.330182e-03 -2.207341e+00 -9.564577e-01 1.487715e-01 -2.511089e-01 4.755371e+00
-2.496797e-01 4.823840e-02 9.671262e-01 1.392313e+02 1.575514e-01 9.874735e-01 -8.578777e-03 -2.240986e+00 -9.554253e-01 1.502301e-01 -2.541522e-01 4.305077e+00
-2.532374e-01 4.733821e-02 9.662453e-01 1.410218e+02 1.584413e-01 9.873447e-01 -6.846967e-03 -2.280696e+00 -9.543412e-01 1.513593e-01 -2.575330e-01 3.827597e+00
-2.589717e-01 4.637079e-02 9.647712e-01 1.428978e+02 1.566537e-01 9.876387e-01 -5.419627e-03 -2.321534e+00 -9.530967e-01 1.497315e-01 -2.630347e-01 3.349492e+00
-2.638358e-01 4.719190e-02 9.634125e-01 1.446981e+02 1.560098e-01 9.877393e-01 -5.659390e-03 -2.340520e+00 -9.518674e-01 1.488086e-01 -2.679634e-01 2.871079e+00
-2.655347e-01 4.920496e-02 9.628448e-01 1.464566e+02 1.592342e-01 9.872192e-01 -6.536743e-03 -2.359946e+00 -9.508605e-01 1.515821e-01 -2.699761e-01 2.359796e+00
-2.701026e-01 5.039269e-02 9.615119e-01 1.480469e+02 1.585533e-01 9.873241e-01 -7.205577e-03 -2.392548e+00 -9.496870e-01 1.505047e-01 -2.746688e-01 1.939711e+00
-2.710837e-01 5.215302e-02 9.611419e-01 1.497460e+02 1.621716e-01 9.867317e-01 -7.802130e-03 -2.416188e+00 -9.487961e-01 1.537549e-01 -2.759446e-01 1.424637e+00
-2.732247e-01 5.370697e-02 9.604498e-01 1.514248e+02 1.650753e-01 9.862470e-01 -8.189577e-03 -2.444021e+00 -9.476805e-01 1.563090e-01 -2.783327e-01 9.407427e-01
-2.734871e-01 5.518298e-02 9.602914e-01 1.530436e+02 1.700401e-01 9.854030e-01 -8.199290e-03 -2.461887e+00 -9.467266e-01 1.610457e-01 -2.788783e-01 4.403434e-01
-2.767312e-01 5.636476e-02 9.592929e-01 1.547068e+02 1.732887e-01 9.848396e-01 -7.876475e-03 -2.487394e+00 -9.451936e-01 1.640550e-01 -2.823032e-01 -2.324746e-02
-2.781338e-01 5.838030e-02 9.587666e-01 1.564042e+02 1.799563e-01 9.836445e-01 -7.690637e-03 -2.512819e+00 -9.435345e-01 1.703970e-01 -2.840907e-01 -5.447010e-01
-2.790368e-01 5.960976e-02 9.584285e-01 1.581548e+02 1.863541e-01 9.824588e-01 -6.849208e-03 -2.541898e+00 -9.420247e-01 1.766959e-01 -2.852507e-01 -1.083565e+00
-2.793346e-01 5.985959e-02 9.583262e-01 1.599445e+02 1.908295e-01 9.816067e-01 -5.690431e-03 -2.568620e+00 -9.410400e-01 1.812874e-01 -2.856197e-01 -1.657931e+00
-2.823442e-01 5.987071e-02 9.574431e-01 1.616562e+02 1.911792e-01 9.815424e-01 -5.000080e-03 -2.588274e+00 -9.400703e-01 1.816315e-01 -2.885789e-01 -2.151286e+00
-2.849709e-01 6.055876e-02 9.566212e-01 1.634720e+02 1.903342e-01 9.817042e-01 -5.447388e-03 -2.612436e+00 -9.394490e-01 1.805254e-01 -2.912836e-01 -2.689615e+00
-2.855107e-01 6.400364e-02 9.562359e-01 1.652823e+02 1.949801e-01 9.807791e-01 -7.429665e-03 -2.638434e+00 -9.383317e-01 1.843258e-01 -2.925024e-01 -3.267551e+00
-2.864652e-01 6.798486e-02 9.556755e-01 1.671526e+02 2.020602e-01 9.793308e-01 -9.099796e-03 -2.668069e+00 -9.365412e-01 1.904972e-01 -2.942813e-01 -3.871426e+00
-2.877652e-01 7.054412e-02 9.550993e-01 1.690756e+02 2.067139e-01 9.783505e-01 -9.979914e-03 -2.697680e+00 -9.351260e-01 1.945604e-01 -2.961177e-01 -4.497772e+00
-2.918442e-01 7.103375e-02 9.538245e-01 1.707886e+02 2.040242e-01 9.789098e-01 -1.047609e-02 -2.736960e+00 -9.344523e-01 1.915459e-01 -3.001817e-01 -5.008281e+00
-2.946515e-01 7.140234e-02 9.529335e-01 1.725763e+02 2.056658e-01 9.785739e-01 -9.730701e-03 -2.771911e+00 -9.332106e-01 1.931187e-01 -3.030233e-01 -5.580953e+00
-2.972637e-01 7.133661e-02 9.521268e-01 1.744936e+02 2.069600e-01 9.783109e-01 -8.683398e-03 -2.800601e+00 -9.320954e-01 1.944709e-01 -3.055801e-01 -6.191669e+00
-2.996943e-01 7.145907e-02 9.513553e-01 1.763375e+02 2.092858e-01 9.778256e-01 -7.518477e-03 -2.831754e+00 -9.307969e-01 1.968519e-01 -3.080041e-01 -6.795168e+00
-3.021549e-01 7.211070e-02 9.505275e-01 1.781015e+02 2.126642e-01 9.771036e-01 -6.524885e-03 -2.863026e+00 -9.292343e-01 2.001717e-01 -3.105720e-01 -7.370694e+00
-3.040932e-01 7.297904e-02 9.498428e-01 1.799584e+02 2.150189e-01 9.765902e-01 -6.195590e-03 -2.896193e+00 -9.280594e-01 2.023501e-01 -3.126663e-01 -7.998083e+00
-3.055110e-01 7.452523e-02 9.492676e-01 1.818472e+02 2.180906e-01 9.759074e-01 -6.426683e-03 -2.929225e+00 -9.268762e-01 2.050629e-01 -3.144037e-01 -8.645054e+00
-3.079078e-01 7.591392e-02 9.483828e-01 1.835792e+02 2.205549e-01 9.753531e-01 -6.466082e-03 -2.960632e+00 -9.254990e-01 2.071795e-01 -3.170620e-01 -9.215103e+00
-3.095173e-01 7.774202e-02 9.477105e-01 1.854211e+02 2.248054e-01 9.743819e-01 -6.509644e-03 -2.993557e+00 -9.239381e-01 2.110356e-01 -3.190649e-01 -9.838227e+00
-3.122185e-01 7.783193e-02 9.468167e-01 1.872300e+02 2.265950e-01 9.739744e-01 -5.343337e-03 -3.017018e+00 -9.225911e-01 2.128756e-01 -3.217291e-01 -1.044538e+01
-3.135091e-01 7.730806e-02 9.464331e-01 1.890003e+02 2.296369e-01 9.732703e-01 -3.432243e-03 -3.048209e+00 -9.214005e-01 2.162599e-01 -3.228818e-01 -1.106579e+01
-3.143726e-01 7.948225e-02 9.459664e-01 1.907714e+02 2.346921e-01 9.720628e-01 -3.679797e-03 -3.065318e+00 -9.198312e-01 2.208541e-01 -3.242438e-01 -1.168911e+01
-3.158660e-01 8.071900e-02 9.453640e-01 1.927236e+02 2.354079e-01 9.718870e-01 -4.328935e-03 -3.089527e+00 -9.191365e-01 2.211788e-01 -3.259879e-01 -1.236169e+01
-3.167760e-01 8.206471e-02 9.449436e-01 1.945499e+02 2.379729e-01 9.712610e-01 -4.573997e-03 -3.112525e+00 -9.181622e-01 2.234220e-01 -3.272013e-01 -1.300917e+01
-3.166384e-01 8.425012e-02 9.447974e-01 1.964258e+02 2.410460e-01 9.704966e-01 -5.757885e-03 -3.134401e+00 -9.174077e-01 2.259165e-01 -3.276046e-01 -1.370801e+01
-3.171912e-01 8.704863e-02 9.443581e-01 1.982932e+02 2.458364e-01 9.692876e-01 -6.774980e-03 -3.158103e+00 -9.159444e-01 2.300087e-01 -3.288492e-01 -1.439052e+01
-3.185485e-01 8.852853e-02 9.437635e-01 2.000859e+02 2.476258e-01 9.688283e-01 -7.298555e-03 -3.186541e+00 -9.149909e-01 2.313753e-01 -3.305407e-01 -1.502104e+01
-3.186122e-01 9.143988e-02 9.434644e-01 2.018287e+02 2.540494e-01 9.671586e-01 -7.942656e-03 -3.209538e+00 -9.132060e-01 2.371560e-01 -3.313788e-01 -1.566816e+01
-3.192605e-01 9.251202e-02 9.431406e-01 2.034605e+02 2.602731e-01 9.655125e-01 -6.601961e-03 -3.236615e+00 -9.112248e-01 2.433664e-01 -3.323284e-01 -1.625742e+01
-3.193400e-01 9.269148e-02 9.430961e-01 2.055229e+02 2.651348e-01 9.641984e-01 -4.988691e-03 -3.273057e+00 -9.097942e-01 2.484545e-01 -3.324829e-01 -1.703366e+01
-3.189152e-01 9.461545e-02 9.430488e-01 2.072683e+02 2.719679e-01 9.622954e-01 -4.573811e-03 -3.298534e+00 -9.079243e-01 2.550204e-01 -3.326230e-01 -1.768928e+01
-3.170045e-01 9.770035e-02 9.433784e-01 2.089010e+02 2.792381e-01 9.602055e-01 -5.610320e-03 -3.312829e+00 -9.063852e-01 2.616487e-01 -3.316712e-01 -1.834254e+01
-3.166921e-01 9.960112e-02 9.432845e-01 2.106439e+02 2.859843e-01 9.582204e-01 -5.163718e-03 -3.337289e+00 -9.043888e-01 2.681293e-01 -3.319452e-01 -1.900366e+01
-3.180164e-01 1.001858e-01 9.427769e-01 2.123221e+02 2.878751e-01 9.576566e-01 -4.661278e-03 -3.347962e+00 -9.033236e-01 2.699197e-01 -3.333915e-01 -1.961838e+01
-3.195659e-01 1.019367e-01 9.420651e-01 2.142575e+02 2.909302e-01 9.567321e-01 -4.834808e-03 -3.372158e+00 -9.017967e-01 2.725301e-01 -3.353954e-01 -2.031988e+01
-3.211231e-01 1.032741e-01 9.413896e-01 2.162687e+02 2.952899e-01 9.553990e-01 -4.082858e-03 -3.398720e+00 -8.998243e-01 2.766717e-01 -3.372965e-01 -2.106208e+01
-3.226045e-01 1.047312e-01 9.407219e-01 2.183918e+02 3.001101e-01 9.538989e-01 -3.280590e-03 -3.425257e+00 -8.976972e-01 2.812618e-01 -3.391630e-01 -2.185500e+01
-3.246677e-01 1.062221e-01 9.398445e-01 2.205739e+02 3.034545e-01 9.528416e-01 -2.863186e-03 -3.456754e+00 -8.958271e-01 2.842705e-01 -3.415904e-01 -2.265822e+01
-3.252891e-01 1.088573e-01 9.393280e-01 2.224327e+02 3.096509e-01 9.508457e-01 -2.960030e-03 -3.478321e+00 -8.934782e-01 2.899009e-01 -3.430075e-01 -2.338762e+01
-3.257936e-01 1.108667e-01 9.389180e-01 2.243097e+02 3.152083e-01 9.490187e-01 -2.685738e-03 -3.501745e+00 -8.913486e-01 2.950797e-01 -3.441303e-01 -2.411264e+01
-3.284630e-01 1.108729e-01 9.379868e-01 2.260055e+02 3.163197e-01 9.486517e-01 -1.365034e-03 -3.530482e+00 -8.899741e-01 2.962554e-01 -3.466683e-01 -2.473727e+01
-3.331237e-01 1.115122e-01 9.362658e-01 2.278570e+02 3.139911e-01 9.494250e-01 -1.361341e-03 -3.546936e+00 -8.890659e-01 2.935256e-01 -3.512898e-01 -2.540089e+01
-3.344672e-01 1.134258e-01 9.355567e-01 2.298509e+02 3.193658e-01 9.476313e-01 -7.145566e-04 -3.561911e+00 -8.866438e-01 2.985458e-01 -3.531759e-01 -2.618809e+01
-3.353265e-01 1.151065e-01 9.350437e-01 2.321354e+02 3.234991e-01 9.462284e-01 -4.697523e-04 -3.586619e+00 -8.848189e-01 3.023282e-01 -3.545323e-01 -2.707428e+01
-3.370822e-01 1.171514e-01 9.341580e-01 2.342255e+02 3.271106e-01 9.449860e-01 -4.745007e-04 -3.593639e+00 -8.828218e-01 3.054130e-01 -3.568594e-01 -2.790496e+01
-3.379658e-01 1.206789e-01 9.333894e-01 2.361220e+02 3.334951e-01 9.427512e-01 -1.135861e-03 -3.603763e+00 -8.800910e-01 3.108969e-01 -3.588635e-01 -2.866550e+01
-3.401020e-01 1.217893e-01 9.324688e-01 2.380835e+02 3.358869e-01 9.419022e-01 -5.123947e-04 -3.623639e+00 -8.783568e-01 3.130298e-01 -3.612502e-01 -2.943170e+01
-3.415309e-01 1.244349e-01 9.315968e-01 2.401166e+02 3.393931e-01 9.406438e-01 -1.219063e-03 -3.638322e+00 -8.764525e-01 3.157612e-01 -3.634912e-01 -3.024525e+01
-3.436300e-01 1.281841e-01 9.303157e-01 2.419883e+02 3.432852e-01 9.392276e-01 -2.613061e-03 -3.650531e+00 -8.741131e-01 3.184657e-01 -3.667505e-01 -3.095680e+01
-3.452536e-01 1.297438e-01 9.294980e-01 2.439394e+02 3.466193e-01 9.380034e-01 -2.182421e-03 -3.658745e+00 -8.721554e-01 3.214285e-01 -3.688208e-01 -3.173728e+01
-3.492093e-01 1.306380e-01 9.278936e-01 2.459474e+02 3.453041e-01 9.384883e-01 -2.175739e-03 -3.668955e+00 -8.711015e-01 3.196457e-01 -3.728387e-01 -3.251884e+01
-3.529052e-01 1.307463e-01 9.264790e-01 2.477031e+02 3.440372e-01 9.389549e-01 -1.459656e-03 -3.676374e+00 -8.701128e-01 3.182282e-01 -3.763437e-01 -3.322439e+01
-3.550445e-01 1.333436e-01 9.252907e-01 2.493775e+02 3.478897e-01 9.375341e-01 -1.618814e-03 -3.683567e+00 -8.677074e-01 3.213244e-01 -3.792552e-01 -3.391463e+01
-3.562437e-01 1.349828e-01 9.245919e-01 2.513199e+02 3.500784e-01 9.367185e-01 -1.868569e-03 -3.690452e+00 -8.663346e-01 3.230140e-01 -3.809546e-01 -3.473353e+01
-3.571659e-01 1.366016e-01 9.239981e-01 2.530556e+02 3.517038e-01 9.361082e-01 -2.442937e-03 -3.691999e+00 -8.652959e-01 3.241011e-01 -3.823892e-01 -3.545780e+01
-3.579470e-01 1.383213e-01 9.234399e-01 2.548153e+02 3.559550e-01 9.345009e-01 -2.001604e-03 -3.698331e+00 -8.632323e-01 3.279866e-01 -3.837380e-01 -3.619778e+01
-3.575351e-01 1.395473e-01 9.234150e-01 2.566095e+02 3.592664e-01 9.332331e-01 -1.927415e-03 -3.686112e+00 -8.620303e-01 3.310629e-01 -3.837982e-01 -3.697159e+01
-3.572848e-01 1.407990e-01 9.233218e-01 2.584592e+02 3.634257e-01 9.316221e-01 -1.434961e-03 -3.690436e+00 -8.603890e-01 3.350462e-01 -3.840244e-01 -3.776210e+01
-3.571702e-01 1.416224e-01 9.232402e-01 2.604244e+02 3.656152e-01 9.307651e-01 -1.332609e-03 -3.688414e+00 -8.595086e-01 3.370747e-01 -3.842209e-01 -3.860801e+01
-3.591043e-01 1.411636e-01 9.225600e-01 2.623176e+02 3.661369e-01 9.305610e-01 1.301281e-04 -3.699539e+00 -8.584800e-01 3.378300e-01 -3.858537e-01 -3.939534e+01
-3.599091e-01 1.424899e-01 9.220423e-01 2.644528e+02 3.681632e-01 9.297612e-01 2.568911e-05 -3.677137e+00 -8.572755e-01 3.394713e-01 -3.870891e-01 -4.031822e+01
-3.611789e-01 1.432811e-01 9.214230e-01 2.666696e+02 3.703461e-01 9.288936e-01 7.253024e-04 -3.682851e+00 -8.558000e-01 3.415074e-01 -3.885603e-01 -4.124324e+01
-3.618065e-01 1.453258e-01 9.208564e-01 2.688286e+02 3.714361e-01 9.284583e-01 -5.875046e-04 -3.681618e+00 -8.550622e-01 3.418267e-01 -3.899015e-01 -4.217702e+01
-3.645095e-01 1.479282e-01 9.193749e-01 2.713543e+02 3.699331e-01 9.290541e-01 -2.816191e-03 -3.697345e+00 -8.545656e-01 3.390807e-01 -3.933725e-01 -4.323449e+01
-3.655577e-01 1.494296e-01 9.187156e-01 2.736011e+02 3.722649e-01 9.281222e-01 -2.835063e-03 -3.689410e+00 -8.531040e-01 3.409692e-01 -3.949096e-01 -4.422361e+01
-3.655093e-01 1.504183e-01 9.185735e-01 2.755836e+02 3.768816e-01 9.262598e-01 -1.712083e-03 -3.691469e+00 -8.510953e-01 3.455677e-01 -3.952464e-01 -4.511954e+01
-3.727199e-01 1.494482e-01 9.158303e-01 2.775658e+02 3.755244e-01 9.268112e-01 1.588913e-03 -3.707529e+00 -8.485643e-01 3.445088e-01 -4.015624e-01 -4.593118e+01
-3.747504e-01 1.517482e-01 9.146227e-01 2.800646e+02 3.816940e-01 9.242837e-01 3.041227e-03 -3.691387e+00 -8.449093e-01 3.502457e-01 -4.042971e-01 -4.703437e+01
-3.790851e-01 1.522619e-01 9.127490e-01 2.819531e+02 3.829768e-01 9.237446e-01 4.962701e-03 -3.717846e+00 -8.423914e-01 3.514430e-01 -4.084906e-01 -4.784207e+01
-3.822623e-01 1.545376e-01 9.110399e-01 2.839901e+02 3.862544e-01 9.223752e-01 5.607686e-03 -3.705314e+00 -8.394540e-01 3.540368e-01 -4.122801e-01 -4.876268e+01
-3.876648e-01 1.565549e-01 9.084088e-01 2.859711e+02 3.884866e-01 9.214279e-01 6.988586e-03 -3.716724e+00 -8.359391e-01 3.556138e-01 -4.180246e-01 -4.960402e+01
-3.955716e-01 1.554055e-01 9.051918e-01 2.896629e+02 3.843395e-01 9.231433e-01 9.470096e-03 -3.742941e+00 -8.341500e-01 3.516471e-01 -4.248977e-01 -5.118436e+01
-3.996626e-01 1.539845e-01 9.036363e-01 2.914483e+02 3.832064e-01 9.235834e-01 1.210197e-02 -3.729103e+00 -8.327200e-01 3.511160e-01 -4.281296e-01 -5.203643e+01
-4.008567e-01 1.556712e-01 9.028180e-01 2.933081e+02 3.884874e-01 9.213533e-01 1.362351e-02 -3.707964e+00 -8.296936e-01 3.561945e-01 -4.298069e-01 -5.294311e+01
-4.057170e-01 1.555256e-01 9.006695e-01 2.952689e+02 3.868894e-01 9.220030e-01 1.506939e-02 -3.703375e+00 -8.280763e-01 3.545733e-01 -4.342435e-01 -5.385748e+01
-4.083759e-01 1.568304e-01 8.992404e-01 2.972784e+02 3.890095e-01 9.210944e-01 1.602072e-02 -3.675715e+00 -8.257728e-01 3.563556e-01 -4.371613e-01 -5.483803e+01
-4.101465e-01 1.588356e-01 8.980819e-01 2.999537e+02 3.931015e-01 9.193392e-01 1.693104e-02 -3.631487e+00 -8.229526e-01 3.599815e-01 -4.395023e-01 -5.615511e+01
-4.145441e-01 1.576542e-01 8.962691e-01 3.017035e+02 3.908731e-01 9.202502e-01 1.891497e-02 -3.613178e+00 -8.218098e-01 3.581686e-01 -4.431071e-01 -5.700866e+01
-4.166578e-01 1.578942e-01 8.952461e-01 3.036621e+02 3.911052e-01 9.201342e-01 1.974116e-02 -3.587490e+00 -8.206296e-01 3.583608e-01 -4.451344e-01 -5.798626e+01
-4.182212e-01 1.575441e-01 8.945786e-01 3.057492e+02 3.924487e-01 9.195217e-01 2.153545e-02 -3.558112e+00 -8.191917e-01 3.600828e-01 -4.463915e-01 -5.905178e+01
-4.209991e-01 1.569175e-01 8.933849e-01 3.074917e+02 3.934969e-01 9.190123e-01 2.401291e-02 -3.540715e+00 -8.172637e-01 3.616536e-01 -4.486499e-01 -5.991790e+01
-4.256187e-01 1.570030e-01 8.911783e-01 3.093786e+02 3.918195e-01 9.196996e-01 2.510172e-02 -3.524219e+00 -8.156753e-01 3.598648e-01 -4.529582e-01 -6.083029e+01
-4.277261e-01 1.571254e-01 8.901472e-01 3.112252e+02 3.896603e-01 9.206266e-01 2.473075e-02 -3.489957e+00 -8.156073e-01 3.574330e-01 -4.550015e-01 -6.178925e+01
-4.297261e-01 1.583676e-01 8.889630e-01 3.131352e+02 3.880108e-01 9.213571e-01 2.342650e-02 -3.442477e+00 -8.153423e-01 3.549942e-01 -4.573795e-01 -6.279134e+01
-4.310731e-01 1.570365e-01 8.885469e-01 3.151027e+02 3.867721e-01 9.218440e-01 2.471894e-02 -3.398764e+00 -8.152198e-01 3.543208e-01 -4.581194e-01 -6.382225e+01
-4.341663e-01 1.571032e-01 8.870278e-01 3.178396e+02 3.888893e-01 9.208815e-01 2.724736e-02 -3.348997e+00 -8.125668e-01 3.567855e-01 -4.609114e-01 -6.523198e+01
-4.367916e-01 1.570991e-01 8.857387e-01 3.204190e+02 3.873859e-01 9.215046e-01 2.759211e-02 -3.296735e+00 -8.118776e-01 3.551747e-01 -4.633635e-01 -6.658116e+01
-4.403372e-01 1.564752e-01 8.840920e-01 3.222726e+02 3.869000e-01 9.216471e-01 2.958006e-02 -3.265695e+00 -8.101923e-01 3.550804e-01 -4.663758e-01 -6.755089e+01
-4.438142e-01 1.552911e-01 8.825608e-01 3.241392e+02 3.903119e-01 9.200401e-01 3.439078e-02 -3.236736e+00 -8.066508e-01 3.597372e-01 -4.689389e-01 -6.852051e+01
-4.452001e-01 1.529035e-01 8.822796e-01 3.260745e+02 3.871298e-01 9.213348e-01 3.567455e-02 -3.165067e+00 -8.074202e-01 3.574391e-01 -4.693719e-01 -6.957344e+01
-4.479317e-01 1.506071e-01 8.812915e-01 3.281599e+02 3.828861e-01 9.230598e-01 3.686341e-02 -3.112359e+00 -8.079328e-01 3.539465e-01 -4.711331e-01 -7.068373e+01
-4.496302e-01 1.495489e-01 8.806065e-01 3.303425e+02 3.798060e-01 9.243279e-01 3.695176e-02 -3.061264e+00 -8.084430e-01 3.510742e-01 -4.724053e-01 -7.184901e+01
-4.507195e-01 1.498366e-01 8.800005e-01 3.323021e+02 3.816103e-01 9.235334e-01 3.820466e-02 -3.010003e+00 -8.069854e-01 3.530368e-01 -4.734337e-01 -7.291693e+01
-4.531013e-01 1.485384e-01 8.789969e-01 3.349903e+02 3.794212e-01 9.243859e-01 3.937383e-02 -2.925069e+00 -8.066838e-01 3.513504e-01 -4.751990e-01 -7.436878e+01
-4.546775e-01 1.503138e-01 8.778805e-01 3.372749e+02 3.820565e-01 9.232820e-01 3.978962e-02 -2.850085e+00 -8.045503e-01 3.534914e-01 -4.772239e-01 -7.563750e+01
-4.579487e-01 1.523458e-01 8.758275e-01 3.393603e+02 3.795619e-01 9.243991e-01 3.766898e-02 -2.762779e+00 -8.038754e-01 3.496812e-01 -4.811521e-01 -7.679002e+01
-4.670814e-01 1.524023e-01 8.709814e-01 3.406700e+02 3.631529e-01 9.311863e-01 3.181133e-02 -2.757236e+00 -8.061978e-01 3.311579e-01 -4.902851e-01 -7.745046e+01
-4.708161e-01 1.701413e-01 8.656697e-01 3.416006e+02 3.885802e-01 9.209153e-01 3.033963e-02 -2.722057e+00 -7.920465e-01 3.506665e-01 -4.996953e-01 -7.797678e+01
-4.709555e-01 1.747576e-01 8.646738e-01 3.425212e+02 4.038581e-01 9.141438e-01 3.521053e-02 -2.692642e+00 -7.842829e-01 3.657881e-01 -5.010983e-01 -7.850132e+01
-4.744017e-01 1.659614e-01 8.645229e-01 3.433701e+02 4.044621e-01 9.133663e-01 4.660833e-02 -2.667726e+00 -7.818909e-01 3.717778e-01 -5.004276e-01 -7.899479e+01
-4.789840e-01 1.531764e-01 8.643560e-01 3.444197e+02 3.944196e-01 9.172211e-01 5.602327e-02 -2.631020e+00 -7.842241e-01 3.677532e-01 -4.997500e-01 -7.957904e+01
-4.831819e-01 1.432858e-01 8.637155e-01 3.465650e+02 3.812037e-01 9.225282e-01 6.021147e-02 -2.558239e+00 -7.881744e-01 3.583446e-01 -5.003700e-01 -8.079244e+01
-4.879445e-01 1.370521e-01 8.620481e-01 3.480247e+02 3.689521e-01 9.274186e-01 6.139280e-02 -2.489828e+00 -7.910654e-01 3.480107e-01 -5.030945e-01 -8.161155e+01
-4.927152e-01 1.313543e-01 8.602196e-01 3.494181e+02 3.539316e-01 9.333315e-01 6.020603e-02 -2.434773e+00 -7.949617e-01 3.341234e-01 -5.063570e-01 -8.240286e+01
-4.976550e-01 1.304492e-01 8.575095e-01 3.504761e+02 3.436377e-01 9.373812e-01 5.683015e-02 -2.386685e+00 -7.963998e-01 3.229544e-01 -5.113197e-01 -8.300365e+01
-5.030457e-01 1.250609e-01 8.551636e-01 3.515071e+02 3.271474e-01 9.434017e-01 5.447777e-02 -2.347356e+00 -7.999497e-01 3.071694e-01 -5.154875e-01 -8.356955e+01
-5.030457e-01 1.250609e-01 8.551636e-01 3.515071e+02 3.271474e-01 9.434017e-01 5.447777e-02 -2.347356e+00 -7.999497e-01 3.071694e-01 -5.154875e-01 -8.356955e+01
-5.158715e-01 1.074305e-01 8.499031e-01 3.529027e+02 2.911845e-01 9.550251e-01 5.602403e-02 -2.285423e+00 -8.056601e-01 2.763798e-01 -5.239523e-01 -8.430482e+01
-5.227640e-01 9.586870e-02 8.470696e-01 3.541449e+02 2.707312e-01 9.608862e-01 5.833005e-02 -2.237163e+00 -8.083455e-01 2.598210e-01 -5.282714e-01 -8.500900e+01
-5.271517e-01 8.367470e-02 8.456416e-01 3.551120e+02 2.469932e-01 9.672642e-01 5.826032e-02 -2.195319e+00 -8.130839e-01 2.395798e-01 -5.305620e-01 -8.557273e+01
-5.302223e-01 6.980935e-02 8.449799e-01 3.558706e+02 2.202163e-01 9.737408e-01 5.773788e-02 -2.157002e+00 -8.187607e-01 2.166922e-01 -5.316722e-01 -8.602554e+01
-5.323412e-01 5.675826e-02 8.446250e-01 3.569245e+02 1.948927e-01 9.791648e-01 5.703562e-02 -2.101971e+00 -8.237899e-01 1.949737e-01 -5.323115e-01 -8.665179e+01
-5.359039e-01 4.763026e-02 8.429344e-01 3.581122e+02 1.789605e-01 9.821286e-01 5.828043e-02 -2.035286e+00 -8.250940e-01 1.820847e-01 -5.348504e-01 -8.732951e+01
-5.395496e-01 3.560194e-02 8.412008e-01 3.593486e+02 1.593679e-01 9.853627e-01 6.051592e-02 -1.976781e+00 -8.267334e-01 1.667117e-01 -5.373259e-01 -8.806042e+01
-5.420156e-01 2.079562e-02 8.401111e-01 3.604571e+02 1.345564e-01 9.889435e-01 6.233222e-02 -1.932047e+00 -8.295262e-01 1.468274e-01 -5.388210e-01 -8.871926e+01
-5.444537e-01 6.359048e-03 8.387668e-01 3.616247e+02 1.049421e-01 9.926306e-01 6.059365e-02 -1.883937e+00 -8.322003e-01 1.210124e-01 -5.411087e-01 -8.940818e+01
-5.474592e-01 -4.207328e-03 8.368218e-01 3.628590e+02 7.876593e-02 9.952888e-01 5.653371e-02 -1.835522e+00 -8.331173e-01 9.686294e-02 -5.445486e-01 -9.013727e+01
-5.500402e-01 -1.716611e-02 8.349618e-01 3.639592e+02 5.068290e-02 9.972598e-01 5.389073e-02 -1.776466e+00 -8.335989e-01 7.196035e-02 -5.476629e-01 -9.080071e+01
-5.538311e-01 -2.969066e-02 8.320995e-01 3.653811e+02 2.646853e-02 9.982311e-01 5.323550e-02 -1.699019e+00 -8.322083e-01 5.150792e-02 -5.520655e-01 -9.165106e+01
-5.567281e-01 -4.635998e-02 8.294001e-01 3.667410e+02 -6.414773e-03 9.986516e-01 5.151456e-02 -1.633652e+00 -8.306700e-01 2.335919e-02 -5.562748e-01 -9.244603e+01
-5.559491e-01 -6.791208e-02 8.284374e-01 3.681704e+02 -5.012976e-02 9.975820e-01 4.813674e-02 -1.548798e+00 -8.297033e-01 -1.476780e-02 -5.580092e-01 -9.331023e+01
-5.577793e-01 -8.436772e-02 8.256902e-01 3.695186e+02 -8.212190e-02 9.955487e-01 4.624770e-02 -1.468742e+00 -8.259166e-01 -4.201125e-02 -5.622248e-01 -9.412318e+01
-5.555989e-01 -1.026898e-01 8.250847e-01 3.709708e+02 -1.139579e-01 9.923839e-01 4.677433e-02 -1.390892e+00 -8.236040e-01 -6.803716e-02 -5.630697e-01 -9.501887e+01
-5.541840e-01 -1.179332e-01 8.239975e-01 3.723411e+02 -1.375346e-01 9.892798e-01 4.908931e-02 -1.311455e+00 -8.209533e-01 -8.612366e-02 -5.644629e-01 -9.587659e+01
-5.532996e-01 -1.296546e-01 8.228300e-01 3.739569e+02 -1.512512e-01 9.870291e-01 5.382110e-02 -1.230494e+00 -8.191353e-01 -9.467480e-02 -5.657332e-01 -9.692881e+01
-5.529239e-01 -1.366219e-01 8.219547e-01 3.758155e+02 -1.572554e-01 9.858487e-01 5.807890e-02 -1.126093e+00 -8.182578e-01 -9.714364e-02 -5.665838e-01 -9.813602e+01
-5.477716e-01 -1.512901e-01 8.228351e-01 3.778083e+02 -1.879112e-01 9.806331e-01 5.520866e-02 -9.882643e-01 -8.152519e-01 -1.243782e-01 -5.655921e-01 -9.940196e+01
-5.430146e-01 -1.639985e-01 8.235531e-01 3.798882e+02 -2.210548e-01 9.740687e-01 4.821773e-02 -8.556322e-01 -8.101049e-01 -1.558674e-01 -5.651861e-01 -1.006648e+02
