1.000000e+00 0.000000e+00 0.000000e+00 0.000000e+00 0.000000e+00 1.000000e+00 0.000000e+00 0.000000e+00 0.000000e+00 0.000000e+00 1.000000e+00 0.000000e+00
9.999997e-01 -7.435026e-04 -7.822378e-05 -1.837734e-02 7.437296e-04 9.999954e-01 2.943103e-03 -1.863276e-02 7.603522e-05 -2.943160e-03 9.999957e-01 1.447298e+00
9.999990e-01 -1.176521e-03 -7.399369e-04 -3.154326e-02 1.179227e-03 9.999926e-01 3.667105e-03 -3.807865e-02 7.356170e-04 -3.667974e-03 9.999930e-01 2.927463e+00
9.999988e-01 1.504087e-03 -3.130495e-04 -6.498192e-02 -1.502961e-03 9.999925e-01 3.565960e-03 -5.661405e-02 3.184107e-04 -3.565485e-03 9.999936e-01 4.407222e+00
9.999972e-01 2.164931e-03 -9.916823e-04 -8.402596e-02 -2.161597e-03 9.999920e-01 3.351181e-03 -7.286129e-02 9.989295e-04 -3.349028e-03 9.999939e-01 5.928799e+00
9.999921e-01 1.570184e-03 -3.646565e-03 -7.093606e-02 -1.556972e-03 9.999922e-01 3.623253e-03 -8.642813e-02 3.652226e-03 -3.617546e-03 9.999868e-01 7.501284e+00
9.999864e-01 1.559479e-03 -4.984252e-03 -8.909674e-02 -1.540135e-03 9.999913e-01 3.882532e-03 -9.949339e-02 4.990263e-03 -3.874803e-03 9.999800e-01 9.044627e+00
9.999859e-01 4.874328e-04 -5.294731e-03 -1.213194e-01 -4.702645e-04 9.999946e-01 3.243290e-03 -1.202764e-01 5.296284e-03 -3.240754e-03 9.999807e-01 1.063028e+01
9.999816e-01 3.572287e-04 -6.054915e-03 -1.434762e-01 -3.353385e-04 9.999934e-01 3.615909e-03 -1.351755e-01 6.056167e-03 -3.613812e-03 9.999751e-01 1.212809e+01
9.999695e-01 2.219549e-03 -7.492082e-03 -1.599005e-01 -2.193035e-03 9.999913e-01 3.545324e-03 -1.493062e-01 7.499886e-03 -3.528785e-03 9.999656e-01 1.360917e+01
9.999530e-01 3.913438e-03 -8.871804e-03 -1.744910e-01 -3.884644e-03 9.999871e-01 3.260437e-03 -1.585290e-01 8.884449e-03 -3.225820e-03 9.999553e-01 1.509984e+01
9.999529e-01 4.575396e-03 -8.560986e-03 -2.066972e-01 -4.541165e-03 9.999816e-01 4.013715e-03 -1.810527e-01 8.579193e-03 -3.974649e-03 9.999553e-01 1.658583e+01
9.999380e-01 6.806235e-03 -8.814426e-03 -2.397645e-01 -6.767456e-03 9.999673e-01 4.421917e-03 -1.967446e-01 8.844234e-03 -4.361992e-03 9.999514e-01 1.820594e+01
9.999501e-01 3.971964e-03 -9.165408e-03 -2.470171e-01 -3.920712e-03 9.999766e-01 5.603159e-03 -2.267159e-01 9.187450e-03 -5.566944e-03 9.999423e-01 1.966358e+01
9.999514e-01 4.897971e-03 -8.551918e-03 -2.855539e-01 -4.852516e-03 9.999740e-01 5.327901e-03 -2.401625e-01 8.577792e-03 -5.286144e-03 9.999492e-01 2.116079e+01
9.999057e-01 1.237192e-02 -5.957527e-03 -3.512111e-01 -1.234108e-02 9.999104e-01 5.186088e-03 -2.512391e-01 6.021155e-03 -5.112076e-03 9.999688e-01 2.258891e+01
9.998945e-01 1.391552e-02 -4.159708e-03 -3.844931e-01 -1.389176e-02 9.998873e-01 5.688025e-03 -2.682681e-01 4.238391e-03 -5.629639e-03 9.999752e-01 2.401635e+01
9.998239e-01 1.860111e-02 -2.495816e-03 -4.244509e-01 -1.858361e-02 9.998038e-01 6.862357e-03 -2.800724e-01 2.622974e-03 -6.814767e-03 9.999733e-01 2.550421e+01
9.998471e-01 1.723734e-02 -2.931538e-03 -4.231639e-01 -1.722186e-02 9.998380e-01 5.225995e-03 -2.881669e-01 3.021146e-03 -5.174710e-03 9.999820e-01 2.695344e+01
9.998026e-01 1.983354e-02 -1.218158e-03 -4.571155e-01 -1.982943e-02 9.997979e-01 3.295104e-03 -3.048296e-01 1.283265e-03 -3.270298e-03 9.999938e-01 2.836981e+01
9.998292e-01 1.847803e-02 2.102012e-04 -4.716963e-01 -1.847860e-02 9.998243e-01 3.136028e-03 -3.232328e-01 -1.522167e-04 -3.139377e-03 9.999951e-01 2.975072e+01
9.998321e-01 1.825476e-02 1.573595e-03 -4.901378e-01 -1.826405e-02 9.998146e-01 6.104525e-03 -3.447391e-01 -1.461867e-03 -6.132241e-03 9.999801e-01 3.109842e+01
9.998974e-01 1.419309e-02 1.910615e-03 -4.830708e-01 -1.420651e-02 9.998731e-01 7.202159e-03 -3.614358e-01 -1.808152e-03 -7.228563e-03 9.999722e-01 3.248738e+01
9.998851e-01 1.496843e-02 2.394722e-03 -4.939470e-01 -1.498333e-02 9.998677e-01 6.329419e-03 -3.722411e-01 -2.299664e-03 -6.364572e-03 9.999771e-01 3.382541e+01
9.998557e-01 1.666504e-02 3.300685e-03 -5.063142e-01 -1.667995e-02 9.998506e-01 4.543042e-03 -3.864483e-01 -3.224482e-03 -4.597442e-03 9.999842e-01 3.516042e+01
9.999227e-01 1.214087e-02 2.683986e-03 -4.884192e-01 -1.215164e-02 9.999180e-01 4.036225e-03 -4.137542e-01 -2.634762e-03 -4.068528e-03 9.999883e-01 3.652658e+01
9.999310e-01 1.134125e-02 3.066703e-03 -4.847721e-01 -1.135151e-02 9.999300e-01 3.349250e-03 -4.335385e-01 -3.028504e-03 -3.383830e-03 9.999897e-01 3.783710e+01
9.998769e-01 1.459112e-02 5.770783e-03 -5.077402e-01 -1.461497e-02 9.998847e-01 4.113345e-03 -4.471280e-01 -5.710099e-03 -4.197178e-03 9.999749e-01 3.915635e+01
9.998822e-01 1.370661e-02 6.910731e-03 -5.023639e-01 -1.375013e-02 9.998857e-01 6.290493e-03 -4.689473e-01 -6.823719e-03 -6.384775e-03 9.999563e-01 4.047215e+01
9.998382e-01 1.558146e-02 8.992604e-03 -5.096970e-01 -1.564497e-02 9.998529e-01 7.035346e-03 -4.769784e-01 -8.881659e-03 -7.174897e-03 9.999348e-01 4.178697e+01
9.997823e-01 1.659028e-02 1.265008e-02 -5.153241e-01 -1.669090e-02 9.998296e-01 7.890427e-03 -4.990825e-01 -1.251702e-02 -8.099851e-03 9.998889e-01 4.306202e+01
9.996785e-01 1.876138e-02 1.705472e-02 -5.140793e-01 -1.888807e-02 9.997950e-01 7.297910e-03 -5.154472e-01 -1.691430e-02 -7.617695e-03 9.998279e-01 4.433480e+01
9.994733e-01 2.295076e-02 2.294163e-02 -5.318656e-01 -2.307568e-02 9.997202e-01 5.195266e-03 -5.289039e-01 -2.281597e-02 -5.721923e-03 9.997233e-01 4.560117e+01
9.994359e-01 2.120207e-02 2.604410e-02 -5.000110e-01 -2.130033e-02 9.997670e-01 3.500910e-03 -5.465670e-01 -2.596381e-02 -4.053683e-03 9.996547e-01 4.682872e+01
9.992359e-01 2.435824e-02 3.056743e-02 -4.831088e-01 -2.448673e-02 9.996928e-01 3.836190e-03 -5.554989e-01 -3.046459e-02 -4.581755e-03 9.995253e-01 4.801721e+01
9.988322e-01 2.918636e-02 3.850114e-02 -4.798468e-01 -2.933882e-02 9.995637e-01 3.400830e-03 -5.746655e-01 -3.838509e-02 -4.526437e-03 9.992528e-01 4.918725e+01
9.980411e-01 3.998769e-02 4.811390e-02 -4.894814e-01 -4.012784e-02 9.991927e-01 1.950230e-03 -5.924570e-01 -4.799707e-02 -3.877117e-03 9.988400e-01 5.036080e+01
9.973688e-01 4.588050e-02 5.612908e-02 -4.549725e-01 -4.603853e-02 9.989385e-01 1.524973e-03 -6.023368e-01 -5.599953e-02 -4.105061e-03 9.984224e-01 5.150592e+01
9.965498e-01 5.100059e-02 6.547811e-02 -4.070530e-01 -5.123568e-02 9.986848e-01 1.915073e-03 -6.138471e-01 -6.529432e-02 -5.263281e-03 9.978522e-01 5.267177e+01
9.956423e-01 5.362109e-02 7.629654e-02 -3.347134e-01 -5.393190e-02 9.985426e-01 2.017618e-03 -6.301768e-01 -7.607716e-02 -6.123643e-03 9.970831e-01 5.380257e+01
9.944983e-01 5.528799e-02 8.897362e-02 -2.443712e-01 -5.562711e-02 9.984507e-01 1.334460e-03 -6.481292e-01 -8.876200e-02 -6.276463e-03 9.960331e-01 5.495025e+01
9.929415e-01 5.714931e-02 1.039281e-01 -1.429279e-01 -5.757112e-02 9.983408e-01 1.060995e-03 -6.636800e-01 -1.036950e-01 -7.036763e-03 9.945842e-01 5.604418e+01
9.908843e-01 6.089150e-02 1.201685e-01 -2.701504e-02 -6.154508e-02 9.981028e-01 1.731504e-03 -6.804179e-01 -1.198350e-01 -9.111498e-03 9.927520e-01 5.714349e+01
9.885085e-01 6.145235e-02 1.381104e-01 1.078921e-01 -6.226994e-02 9.980581e-01 1.602759e-03 -6.996420e-01 -1.377438e-01 -1.018447e-02 9.904155e-01 5.822864e+01
9.858978e-01 6.000993e-02 1.562188e-01 2.755606e-01 -6.074492e-02 9.981533e-01 -6.929411e-05 -7.216007e-01 -1.559345e-01 -9.421183e-03 9.877225e-01 5.929537e+01
9.821733e-01 6.265552e-02 1.772284e-01 4.362009e-01 -6.329963e-02 9.979925e-01 -2.023026e-03 -7.362254e-01 -1.769994e-01 -9.231533e-03 9.841677e-01 6.035092e+01
9.781877e-01 6.135355e-02 1.984554e-01 6.277372e-01 -6.195700e-02 9.980738e-01 -3.173451e-03 -7.568112e-01 -1.982678e-01 -9.191469e-03 9.801048e-01 6.137277e+01
9.743996e-01 5.154560e-02 2.188343e-01 8.757326e-01 -5.232995e-02 9.986274e-01 -2.214302e-03 -7.815801e-01 -2.186481e-01 -9.293977e-03 9.757595e-01 6.238231e+01
9.687380e-01 4.900216e-02 2.431983e-01 1.113530e+00 -5.000464e-02 9.987469e-01 -2.053279e-03 -8.034789e-01 -2.429941e-01 -1.017195e-02 9.699744e-01 6.341974e+01
9.627943e-01 4.286526e-02 2.668139e-01 1.397412e+00 -4.339559e-02 9.990503e-01 -3.911061e-03 -8.267832e-01 -2.667281e-01 -7.812997e-03 9.637401e-01 6.443576e+01
9.555121e-01 3.776077e-02 2.925249e-01 1.697443e+00 -3.739496e-02 9.992771e-01 -6.844331e-03 -8.539026e-01 -2.925719e-01 -4.399115e-03 9.562334e-01 6.544490e+01
9.472522e-01 3.436604e-02 3.186413e-01 2.017701e+00 -3.376600e-02 9.994023e-01 -7.408272e-03 -8.781314e-01 -3.187054e-01 -3.741741e-03 9.478464e-01 6.640102e+01
9.374736e-01 3.208212e-02 3.465748e-01 2.354872e+00 -3.184821e-02 9.994724e-01 -6.371903e-03 -9.066389e-01 -3.465963e-01 -5.064296e-03 9.380007e-01 6.735061e+01
9.269292e-01 2.895855e-02 3.741171e-01 2.743300e+00 -2.914146e-02 9.995619e-01 -5.168971e-03 -9.253031e-01 -3.741029e-01 -6.111048e-03 9.273670e-01 6.832267e+01
9.153299e-01 2.654042e-02 4.018292e-01 3.170638e+00 -2.592063e-02 9.996396e-01 -6.980394e-03 -9.527277e-01 -4.018697e-01 -4.026303e-03 9.156880e-01 6.928713e+01
9.031596e-01 2.448655e-02 4.286061e-01 3.651275e+00 -2.115686e-02 9.996976e-01 -1.253163e-02 -9.782839e-01 -4.287833e-01 2.250101e-03 9.034046e-01 7.023821e+01
8.893006e-01 2.427264e-02 4.566785e-01 4.117600e+00 -1.727282e-02 9.996607e-01 -1.949658e-02 -1.004719e+00 -4.569968e-01 9.450192e-03 8.894181e-01 7.115025e+01
8.743216e-01 2.298045e-02 4.848028e-01 4.596304e+00 -1.339760e-02 9.996405e-01 -2.322261e-02 -1.037062e+00 -4.851622e-01 1.380883e-02 8.743152e-01 7.200642e+01
8.574085e-01 2.264498e-02 5.141380e-01 5.077295e+00 -1.347680e-02 9.996768e-01 -2.155557e-02 -1.069326e+00 -5.144600e-01 1.155299e-02 8.574366e-01 7.282572e+01
8.385558e-01 2.241244e-02 5.443546e-01 5.597860e+00 -1.548780e-02 9.997303e-01 -1.730308e-02 -1.106861e+00 -5.445956e-01 6.078747e-03 8.386768e-01 7.363473e+01
8.172057e-01 2.457604e-02 5.758218e-01 6.149859e+00 -1.933816e-02 9.996971e-01 -1.522231e-02 -1.143544e+00 -5.760215e-01 1.304427e-03 8.174335e-01 7.445982e+01
7.949767e-01 3.056130e-02 6.058696e-01 6.769394e+00 -2.181031e-02 9.995244e-01 -2.180020e-02 -1.179376e+00 -6.062477e-01 4.116445e-03 7.952652e-01 7.528166e+01
7.724066e-01 3.640686e-02 6.340841e-01 7.397454e+00 -2.200246e-02 9.992903e-01 -3.057352e-02 -1.213667e+00 -6.347472e-01 9.663778e-03 7.726594e-01 7.604484e+01
7.490090e-01 3.890846e-02 6.614164e-01 8.028061e+00 -2.177573e-02 9.991805e-01 -3.411824e-02 -1.252057e+00 -6.622019e-01 1.115205e-02 7.492425e-01 7.676193e+01
7.244495e-01 3.744085e-02 6.883104e-01 8.680028e+00 -2.078132e-02 9.992562e-01 -3.248242e-02 -1.294032e+00 -6.890146e-01 9.227876e-03 7.246887e-01 7.745612e+01
6.985425e-01 3.800238e-02 7.145588e-01 9.364361e+00 -2.049221e-02 9.992416e-01 -3.310978e-02 -1.346982e+00 -7.152751e-01 8.485697e-03 6.987914e-01 7.814349e+01
6.729247e-01 3.959243e-02 7.386507e-01 1.009676e+01 -1.793269e-02 9.991462e-01 -3.721824e-02 -1.396491e+00 -7.394936e-01 1.179908e-02 6.730602e-01 7.879917e+01
6.456037e-01 4.276407e-02 7.624743e-01 1.083538e+01 -1.757471e-02 9.989984e-01 -4.114885e-02 -1.443349e+00 -7.634704e-01 1.316558e-02 6.457087e-01 7.942987e+01
6.175467e-01 4.498957e-02 7.852465e-01 1.157985e+01 -1.754474e-02 9.989023e-01 -4.343285e-02 -1.493353e+00 -7.863385e-01 1.304487e-02 6.176581e-01 8.002119e+01
5.887688e-01 4.643021e-02 8.069668e-01 1.236687e+01 -1.590755e-02 9.988211e-01 -4.586260e-02 -1.549348e+00 -8.081449e-01 1.416561e-02 5.888133e-01 8.059684e+01
5.603891e-01 5.209314e-02 8.265896e-01 1.318268e+01 -1.404342e-02 9.984742e-01 -5.340483e-02 -1.609426e+00 -8.281104e-01 1.831935e-02 5.602656e-01 8.113124e+01
5.291487e-01 6.211111e-02 8.462528e-01 1.398458e+01 -1.483002e-02 9.978420e-01 -6.396409e-02 -1.673929e+00 -8.483995e-01 2.129656e-02 5.289279e-01 8.164682e+01
4.971063e-01 7.102323e-02 8.647780e-01 1.477489e+01 -1.494870e-02 9.971975e-01 -7.330562e-02 -1.737338e+00 -8.675609e-01 2.351338e-02 4.967749e-01 8.211377e+01
4.647115e-01 7.571687e-02 8.822189e-01 1.555837e+01 -1.563436e-02 9.968835e-01 -7.732257e-02 -1.807930e+00 -8.853241e-01 2.213976e-02 4.644470e-01 8.253223e+01
4.315556e-01 7.506186e-02 8.989580e-01 1.633672e+01 -1.561224e-02 9.970043e-01 -7.575376e-02 -1.879737e+00 -9.019512e-01 1.865721e-02 4.314347e-01 8.291207e+01
3.979319e-01 7.330119e-02 9.144819e-01 1.715500e+01 -1.853181e-02 9.972418e-01 -7.187087e-02 -1.959531e+00 -9.172278e-01 1.165271e-02 3.981928e-01 8.327399e+01
3.626185e-01 7.466411e-02 9.289419e-01 1.800834e+01 -2.135503e-02 9.971894e-01 -7.181346e-02 -2.034822e+00 -9.316930e-01 6.203300e-03 3.631938e-01 8.362402e+01
3.259692e-01 7.807016e-02 9.421513e-01 1.888046e+01 -2.842688e-02 9.969432e-01 -7.277518e-02 -2.108333e+00 -9.449529e-01 -3.059957e-03 3.271921e-01 8.394915e+01
2.897271e-01 7.980124e-02 9.537767e-01 1.974933e+01 -3.148530e-02 9.967734e-01 -7.383449e-02 -2.184142e+00 -9.565913e-01 -8.638096e-03 2.913048e-01 8.422537e+01
2.533110e-01 7.870925e-02 9.641776e-01 2.066750e+01 -3.155803e-02 9.968264e-01 -7.308349e-02 -2.264514e+00 -9.668700e-01 -1.191470e-02 2.549910e-01 8.447656e+01
2.167232e-01 7.808916e-02 9.731049e-01 2.159927e+01 -3.047931e-02 9.968509e-01 -7.320657e-02 -2.345516e+00 -9.757572e-01 -1.379400e-02 2.184209e-01 8.469429e+01
1.812334e-01 7.720962e-02 9.804046e-01 2.255469e+01 -2.683540e-02 9.969304e-01 -7.355040e-02 -2.428489e+00 -9.830739e-01 -1.297976e-02 1.827491e-01 8.486831e+01
1.455422e-01 7.609822e-02 9.864211e-01 2.352001e+01 -2.266367e-02 9.970323e-01 -7.357290e-02 -2.506421e+00 -9.890924e-01 -1.164796e-02 1.468350e-01 8.501603e+01
1.114586e-01 7.549250e-02 9.908975e-01 2.452724e+01 -1.310696e-02 9.971354e-01 -7.449344e-02 -2.591856e+00 -9.936826e-01 -4.684722e-03 1.121287e-01 8.512112e+01
7.802096e-02 7.913410e-02 9.938061e-01 2.554335e+01 -9.567740e-03 9.968583e-01 -7.862601e-02 -2.679517e+00 -9.969058e-01 -3.374002e-03 7.853297e-02 8.519761e+01
4.626366e-02 8.425366e-02 9.953698e-01 2.655069e+01 -6.013329e-03 9.964421e-01 -8.406494e-02 -2.766439e+00 -9.989112e-01 -2.096334e-03 4.660570e-02 8.523622e+01
1.762943e-02 8.844870e-02 9.959247e-01 2.754111e+01 2.467349e-03 9.960726e-01 -8.850551e-02 -2.856168e+00 -9.998415e-01 4.017596e-03 1.734196e-02 8.524790e+01
-7.051983e-03 8.672037e-02 9.962077e-01 2.852313e+01 6.772325e-03 9.962138e-01 -8.667295e-02 -2.946910e+00 -9.999522e-01 6.135426e-03 -7.612581e-03 8.523039e+01
-2.890694e-02 8.396479e-02 9.960493e-01 2.954461e+01 9.965469e-03 9.964404e-01 -8.370855e-02 -3.039893e+00 -9.995324e-01 7.506341e-03 -2.964080e-02 8.519962e+01
-4.827625e-02 8.136739e-02 9.955143e-01 3.059135e+01 1.099508e-02 9.966593e-01 -8.092778e-02 -3.139707e+00 -9.987735e-01 7.038871e-03 -4.900962e-02 8.515649e+01
-6.444231e-02 8.454158e-02 9.943339e-01 3.167237e+01 1.362061e-02 9.963867e-01 -8.383337e-02 -3.240216e+00 -9.978285e-01 8.141022e-03 -6.536097e-02 8.508583e+01
-7.789072e-02 8.883569e-02 9.929961e-01 3.273291e+01 1.839379e-02 9.959806e-01 -8.765988e-02 -3.340228e+00 -9.967922e-01 1.143707e-02 -7.921167e-02 8.499070e+01
-8.983530e-02 9.401349e-02 9.915095e-01 3.381353e+01 2.325232e-02 9.954614e-01 -9.228144e-02 -3.446718e+00 -9.956852e-01 1.476476e-02 -9.161361e-02 8.489290e+01
-9.770289e-02 9.777618e-02 9.904009e-01 3.486678e+01 2.969786e-02 9.950054e-01 -9.530106e-02 -3.552448e+00 -9.947724e-01 2.010160e-02 -1.001186e-01 8.477266e+01
-1.030765e-01 1.034574e-01 9.892784e-01 3.592750e+01 3.395640e-02 9.943624e-01 -1.004511e-01 -3.659765e+00 -9.940937e-01 2.323819e-02 -1.060085e-01 8.465469e+01
-1.068179e-01 1.083165e-01 9.883610e-01 3.697218e+01 3.586763e-02 9.938211e-01 -1.050385e-01 -3.772454e+00 -9.936314e-01 2.423017e-02 -1.100430e-01 8.454215e+01
-1.088470e-01 1.126709e-01 9.876526e-01 3.799366e+01 3.975646e-02 9.932543e-01 -1.089285e-01 -3.889556e+00 -9.932632e-01 2.740902e-02 -1.125922e-01 8.442005e+01
-1.110836e-01 1.158651e-01 9.870338e-01 3.899206e+01 4.183489e-02 9.928453e-01 -1.118391e-01 -4.006391e+00 -9.929301e-01 2.886896e-02 -1.151360e-01 8.430038e+01
-1.137990e-01 1.191986e-01 9.863273e-01 3.997450e+01 4.202247e-02 9.924656e-01 -1.150920e-01 -4.127323e+00 -9.926147e-01 2.835056e-02 -1.179506e-01 8.419028e+01
-1.148317e-01 1.232304e-01 9.857119e-01 4.095393e+01 4.455870e-02 9.919161e-01 -1.188151e-01 -4.246172e+00 -9.923851e-01 3.027830e-02 -1.193944e-01 8.406276e+01
-1.168501e-01 1.249070e-01 9.852636e-01 4.194662e+01 4.764282e-02 9.916224e-01 -1.200628e-01 -4.369036e+00 -9.920062e-01 3.291138e-02 -1.218221e-01 8.393921e+01
-1.183970e-01 1.237852e-01 9.852205e-01 4.291374e+01 4.872190e-02 9.917284e-01 -1.187478e-01 -4.490979e+00 -9.917703e-01 3.394243e-02 -1.234487e-01 8.381531e+01
-1.202546e-01 1.238233e-01 9.849907e-01 4.393402e+01 4.869136e-02 9.917324e-01 -1.187263e-01 -4.615974e+00 -9.915483e-01 3.368316e-02 -1.252895e-01 8.368205e+01
-1.205993e-01 1.256033e-01 9.847231e-01 4.500462e+01 5.097470e-02 9.914381e-01 -1.202169e-01 -4.748697e+00 -9.913916e-01 3.569789e-02 -1.259693e-01 8.352478e+01
-1.225632e-01 1.279136e-01 9.841831e-01 4.612014e+01 5.037354e-02 9.911831e-01 -1.225502e-01 -4.888158e+00 -9.911815e-01 3.455664e-02 -1.279260e-01 8.337692e+01
-1.258418e-01 1.292768e-01 9.835910e-01 4.716013e+01 4.839528e-02 9.910925e-01 -1.240710e-01 -5.037588e+00 -9.908692e-01 3.198784e-02 -1.309773e-01 8.324977e+01
-1.274718e-01 1.330630e-01 9.828760e-01 4.816885e+01 4.658134e-02 9.906697e-01 -1.280769e-01 -5.168690e+00 -9.907478e-01 2.945749e-02 -1.324807e-01 8.310662e+01
-1.297964e-01 1.370767e-01 9.820198e-01 4.913780e+01 4.363467e-02 9.902281e-01 -1.324552e-01 -5.302477e+00 -9.905801e-01 2.565791e-02 -1.345093e-01 8.298206e+01
-1.317505e-01 1.396696e-01 9.813940e-01 5.008187e+01 4.278644e-02 9.899027e-01 -1.351366e-01 -5.430592e+00 -9.903591e-01 2.418604e-02 -1.363962e-01 8.285017e+01
-1.341377e-01 1.381085e-01 9.812916e-01 5.101565e+01 4.156450e-02 9.901533e-01 -1.336740e-01 -5.564209e+00 -9.900906e-01 2.285617e-02 -1.385573e-01 8.271770e+01
-1.389441e-01 1.341032e-01 9.811783e-01 5.197529e+01 3.688070e-02 9.908021e-01 -1.301958e-01 -5.692463e+00 -9.896132e-01 1.809659e-02 -1.426120e-01 8.260922e+01
-1.403371e-01 1.327824e-01 9.811597e-01 5.296795e+01 3.841412e-02 9.909506e-01 -1.286130e-01 -5.828794e+00 -9.893583e-01 1.964122e-02 -1.441678e-01 8.246062e+01
-1.426912e-01 1.327976e-01 9.808180e-01 5.396294e+01 3.751926e-02 9.909718e-01 -1.287140e-01 -5.970758e+00 -9.890559e-01 1.843322e-02 -1.463854e-01 8.232236e+01
-1.445268e-01 1.355927e-01 9.801666e-01 5.496273e+01 3.868311e-02 9.905837e-01 -1.313299e-01 -6.108692e+00 -9.887445e-01 1.893520e-02 -1.484111e-01 8.218155e+01
-1.476164e-01 1.380761e-01 9.793592e-01 5.596580e+01 3.656215e-02 9.902922e-01 -1.341066e-01 -6.249637e+00 -9.883687e-01 1.601115e-02 -1.512317e-01 8.205751e+01
-1.484709e-01 1.385641e-01 9.791611e-01 5.697338e+01 3.445071e-02 9.902587e-01 -1.349108e-01 -6.392563e+00 -9.883165e-01 1.370247e-02 -1.517982e-01 8.191166e+01
-1.496084e-01 1.369156e-01 9.792198e-01 5.793804e+01 2.941907e-02 9.905440e-01 -1.340042e-01 -6.531684e+00 -9.883076e-01 8.759589e-03 -1.522216e-01 8.178045e+01
-1.502690e-01 1.362421e-01 9.792126e-01 5.891197e+01 2.523893e-02 9.906650e-01 -1.339624e-01 -6.669959e+00 -9.883229e-01 4.583887e-03 -1.523048e-01 8.164229e+01
-1.506575e-01 1.373277e-01 9.790012e-01 5.989150e+01 2.226066e-02 9.905247e-01 -1.355185e-01 -6.810419e+00 -9.883354e-01 1.376346e-03 -1.522869e-01 8.150152e+01
-1.502300e-01 1.376053e-01 9.790280e-01 6.084777e+01 2.037312e-02 9.904870e-01 -1.360897e-01 -6.947808e+00 -9.884411e-01 -4.988949e-04 -1.516043e-01 8.135407e+01
-1.508791e-01 1.369946e-01 9.790138e-01 6.182563e+01 1.740399e-02 9.905657e-01 -1.359288e-01 -7.087924e+00 -9.883990e-01 -3.470085e-03 -1.518400e-01 8.121388e+01
-1.516243e-01 1.320541e-01 9.795774e-01 6.281733e+01 1.782634e-02 9.912397e-01 -1.308670e-01 -7.226549e+00 -9.882774e-01 -2.380335e-03 -1.526501e-01 8.107009e+01
-1.524032e-01 1.234376e-01 9.805796e-01 6.382553e+01 2.089326e-02 9.923504e-01 -1.216721e-01 -7.365667e+00 -9.880975e-01 1.944294e-03 -1.538164e-01 8.092171e+01
-1.525424e-01 1.184134e-01 9.811774e-01 6.489557e+01 2.581797e-02 9.929348e-01 -1.158185e-01 -7.504004e+00 -9.879596e-01 7.664783e-03 -1.545218e-01 8.075728e+01
-1.512057e-01 1.212709e-01 9.810353e-01 6.600230e+01 3.465091e-02 9.924864e-01 -1.173458e-01 -7.641888e+00 -9.878948e-01 1.625041e-02 -1.542718e-01 8.057395e+01
-1.495595e-01 1.269313e-01 9.805715e-01 6.712166e+01 3.993931e-02 9.916918e-01 -1.222791e-01 -7.782550e+00 -9.879458e-01 2.087535e-02 -1.533864e-01 8.039161e+01
-1.484551e-01 1.323824e-01 9.800184e-01 6.822060e+01 4.313757e-02 9.909231e-01 -1.273208e-01 -7.931191e+00 -9.879778e-01 2.337418e-02 -1.528183e-01 8.022048e+01
-1.476951e-01 1.368696e-01 9.795166e-01 6.929351e+01 4.422515e-02 9.903015e-01 -1.317082e-01 -8.076185e+00 -9.880437e-01 2.386661e-02 -1.523158e-01 8.005559e+01
-1.482604e-01 1.340114e-01 9.798264e-01 7.034142e+01 4.010574e-02 9.907758e-01 -1.294404e-01 -8.215999e+00 -9.881348e-01 2.010578e-02 -1.522674e-01 7.990591e+01
-1.476829e-01 1.298671e-01 9.804715e-01 7.142267e+01 4.043019e-02 9.913058e-01 -1.252124e-01 -8.360262e+00 -9.882080e-01 2.114892e-02 -1.516495e-01 7.974041e+01
-1.473229e-01 1.278139e-01 9.807954e-01 7.252179e+01 3.819002e-02 9.916111e-01 -1.234869e-01 -8.505368e+00 -9.883509e-01 1.926413e-02 -1.509683e-01 7.957605e+01
-1.467012e-01 1.285056e-01 9.807982e-01 7.367766e+01 3.738865e-02 9.915375e-01 -1.243204e-01 -8.657904e+00 -9.884740e-01 1.843278e-02 -1.502644e-01 7.940104e+01
-1.469882e-01 1.337994e-01 9.800470e-01 7.489260e+01 3.793507e-02 9.908426e-01 -1.295838e-01 -8.820521e+00 -9.884105e-01 1.813087e-02 -1.507179e-01 7.922549e+01
-1.470066e-01 1.365172e-01 9.796694e-01 7.600860e+01 3.704641e-02 9.904949e-01 -1.324666e-01 -8.969262e+00 -9.884415e-01 1.681976e-02 -1.506668e-01 7.906299e+01
-1.474719e-01 1.355047e-01 9.797400e-01 7.709379e+01 3.616028e-02 9.906471e-01 -1.315703e-01 -9.116700e+00 -9.884050e-01 1.602474e-02 -1.509925e-01 7.890691e+01
-1.464871e-01 1.288169e-01 9.807893e-01 7.815605e+01 3.794220e-02 9.914870e-01 -1.245550e-01 -9.264525e+00 -9.884847e-01 1.896760e-02 -1.501276e-01 7.874044e+01
-1.473776e-01 1.271988e-01 9.808671e-01 7.927209e+01 3.732824e-02 9.917049e-01 -1.229956e-01 -9.413218e+00 -9.883757e-01 1.848724e-02 -1.509032e-01 7.858073e+01
-1.463713e-01 1.308558e-01 9.805367e-01 8.040495e+01 3.728260e-02 9.912378e-01 -1.267185e-01 -9.557539e+00 -9.885269e-01 1.800900e-02 -1.499675e-01 7.840569e+01
-1.467330e-01 1.341145e-01 9.800422e-01 8.148206e+01 3.653189e-02 9.908250e-01 -1.301204e-01 -9.698247e+00 -9.885013e-01 1.670983e-02 -1.502862e-01 7.825200e+01
-1.468681e-01 1.335322e-01 9.801015e-01 8.258870e+01 3.599573e-02 9.909113e-01 -1.296111e-01 -9.851386e+00 -9.885009e-01 1.624374e-02 -1.503398e-01 7.809118e+01
-1.472505e-01 1.299205e-01 9.805294e-01 8.369255e+01 3.464282e-02 9.914049e-01 -1.261591e-01 -1.000293e+01 -9.884924e-01 1.539132e-02 -1.504857e-01 7.793444e+01
-1.462680e-01 1.287437e-01 9.808317e-01 8.480946e+01 3.539132e-02 9.915415e-01 -1.248717e-01 -1.015413e+01 -9.886117e-01 1.644820e-02 -1.495872e-01 7.776527e+01
-1.447370e-01 1.292512e-01 9.809920e-01 8.594392e+01 3.625842e-02 9.914586e-01 -1.252806e-01 -1.030544e+01 -9.888056e-01 1.743647e-02 -1.481872e-01 7.759361e+01
-1.440670e-01 1.292616e-01 9.810893e-01 8.705224e+01 3.761577e-02 9.914307e-01 -1.251005e-01 -1.045487e+01 -9.888527e-01 1.888157e-02 -1.476948e-01 7.743666e+01
-1.429595e-01 1.288740e-01 9.813022e-01 8.822362e+01 3.772782e-02 9.914752e-01 -1.247137e-01 -1.060949e+01 -9.890092e-01 1.919337e-02 -1.466030e-01 7.726693e+01
-1.408559e-01 1.297689e-01 9.814885e-01 8.938616e+01 3.999494e-02 9.913089e-01 -1.253276e-01 -1.076438e+01 -9.892219e-01 2.160144e-02 -1.448219e-01 7.709090e+01
-1.407093e-01 1.279532e-01 9.817479e-01 9.052846e+01 3.902466e-02 9.915596e-01 -1.236388e-01 -1.091432e+01 -9.892815e-01 2.091524e-02 -1.445150e-01 7.693761e+01
-1.405272e-01 1.265632e-01 9.819541e-01 9.170064e+01 3.706496e-02 9.917731e-01 -1.225244e-01 -1.107457e+01 -9.893828e-01 1.917808e-02 -1.440621e-01 7.678455e+01
-1.389317e-01 1.263954e-01 9.822027e-01 9.291107e+01 3.872710e-02 9.917562e-01 -1.221469e-01 -1.122548e+01 -9.895444e-01 2.106779e-02 -1.426813e-01 7.661332e+01
-1.374578e-01 1.273714e-01 9.822840e-01 9.413869e+01 3.637829e-02 9.916777e-01 -1.234988e-01 -1.138517e+01 -9.898394e-01 1.875794e-02 -1.409474e-01 7.644546e+01
-1.351116e-01 1.301620e-01 9.822437e-01 9.537752e+01 3.732475e-02 9.912988e-01 -1.262278e-01 -1.154782e+01 -9.901271e-01 1.960716e-02 -1.387942e-01 7.626663e+01
-1.336925e-01 1.295344e-01 9.825208e-01 9.667735e+01 3.520352e-02 9.914160e-01 -1.259170e-01 -1.171189e+01 -9.903974e-01 1.775403e-02 -1.371050e-01 7.608684e+01
-1.347457e-01 1.281838e-01 9.825541e-01 9.804696e+01 2.994984e-02 9.916710e-01 -1.252659e-01 -1.189219e+01 -9.904275e-01 1.254830e-02 -1.374624e-01 7.592404e+01
-1.346533e-01 1.288116e-01 9.824846e-01 9.941599e+01 2.815891e-02 9.916116e-01 -1.261490e-01 -1.208080e+01 -9.904926e-01 1.067933e-02 -1.371509e-01 7.574266e+01
-1.356845e-01 1.283226e-01 9.824068e-01 1.006991e+02 2.482864e-02 9.917058e-01 -1.261080e-01 -1.224577e+01 -9.904409e-01 7.280918e-03 -1.377452e-01 7.557839e+01
-1.366644e-01 1.257721e-01 9.826007e-01 1.019284e+02 2.310940e-02 9.920422e-01 -1.237665e-01 -1.240915e+01 -9.903478e-01 5.792853e-03 -1.384833e-01 7.541371e+01
-1.377722e-01 1.245601e-01 9.826004e-01 1.031708e+02 2.197360e-02 9.922010e-01 -1.226962e-01 -1.257007e+01 -9.902202e-01 4.687144e-03 -1.394348e-01 7.524791e+01
-1.403794e-01 1.237016e-01 9.823398e-01 1.044370e+02 1.986425e-02 9.923166e-01 -1.221193e-01 -1.273774e+01 -9.898985e-01 2.370409e-03 -1.417580e-01 7.509042e+01
-1.425517e-01 1.236455e-01 9.820340e-01 1.057540e+02 1.855346e-02 9.923261e-01 -1.222481e-01 -1.291106e+01 -9.896135e-01 7.934516e-04 -1.437518e-01 7.490692e+01
-1.449578e-01 1.226506e-01 9.818065e-01 1.070464e+02 1.713659e-02 9.924496e-01 -1.214501e-01 -1.307239e+01 -9.892894e-01 -7.803240e-04 -1.459652e-01 7.471982e+01
-1.474078e-01 1.178656e-01 9.820278e-01 1.083495e+02 1.476881e-02 9.930258e-01 -1.169687e-01 -1.324294e+01 -9.889655e-01 -2.738718e-03 -1.481205e-01 7.452329e+01
-1.512541e-01 1.174812e-01 9.814888e-01 1.096310e+02 1.368341e-02 9.930661e-01 -1.167583e-01 -1.341340e+01 -9.884002e-01 -4.230058e-03 -1.518129e-01 7.433053e+01
-1.581500e-01 1.226599e-01 9.797669e-01 1.109245e+02 8.497906e-03 9.923866e-01 -1.228681e-01 -1.358802e+01 -9.873785e-01 -1.110562e-02 -1.579883e-01 7.415225e+01
-1.640144e-01 1.261282e-01 9.783614e-01 1.121679e+02 1.118798e-02 9.919663e-01 -1.260066e-01 -1.375219e+01 -9.863945e-01 -9.721005e-03 -1.641078e-01 7.393953e+01
-1.723721e-01 1.221477e-01 9.774292e-01 1.134156e+02 1.452764e-02 9.924891e-01 -1.214678e-01 -1.392344e+01 -9.849248e-01 -6.737920e-03 -1.728520e-01 7.372361e+01
-1.861146e-01 1.199350e-01 9.751805e-01 1.146648e+02 1.458495e-02 9.927497e-01 -1.193122e-01 -1.408858e+01 -9.824198e-01 -7.982786e-03 -1.865145e-01 7.353384e+01
-1.973927e-01 1.217627e-01 9.727332e-01 1.159144e+02 1.733493e-02 9.925348e-01 -1.207237e-01 -1.424566e+01 -9.801712e-01 -6.967711e-03 -1.980298e-01 7.327086e+01
-2.100352e-01 1.228917e-01 9.699396e-01 1.171512e+02 2.327021e-02 9.924162e-01 -1.207005e-01 -1.440652e+01 -9.774169e-01 -2.780652e-03 -2.113020e-01 7.299324e+01
-2.230342e-01 1.210651e-01 9.672637e-01 1.184272e+02 2.708053e-02 9.926446e-01 -1.179975e-01 -1.458041e+01 -9.744344e-01 -1.234701e-04 -2.246721e-01 7.269081e+01
-2.379949e-01 1.238313e-01 9.633401e-01 1.197158e+02 3.264676e-02 9.922987e-01 -1.194883e-01 -1.475300e+01 -9.707176e-01 3.012324e-03 -2.402048e-01 7.237624e+01
-2.528726e-01 1.271727e-01 9.591051e-01 1.210356e+02 3.464914e-02 9.918780e-01 -1.223828e-01 -1.493354e+01 -9.668789e-01 2.284913e-03 -2.552252e-01 7.203229e+01
-2.674760e-01 1.312131e-01 9.545888e-01 1.222828e+02 3.663551e-02 9.913534e-01 -1.260013e-01 -1.510702e+01 -9.628678e-01 1.269524e-03 -2.699703e-01 7.168349e+01
-2.845641e-01 1.283456e-01 9.500267e-01 1.234023e+02 3.252171e-02 9.917195e-01 -1.242368e-01 -1.526567e+01 -9.581052e-01 -4.456855e-03 -2.863818e-01 7.137545e+01
-2.997632e-01 1.223582e-01 9.461345e-01 1.245324e+02 2.882631e-02 9.924499e-01 -1.192149e-01 -1.542852e+01 -9.535780e-01 -8.462683e-03 -3.010271e-01 7.102426e+01
-3.152925e-01 1.183814e-01 9.415819e-01 1.257090e+02 2.662588e-02 9.929019e-01 -1.159178e-01 -1.558974e+01 -9.486209e-01 -1.147758e-02 -3.162066e-01 7.064591e+01
-3.297743e-01 1.201665e-01 9.363807e-01 1.268649e+02 2.653751e-02 9.926539e-01 -1.180421e-01 -1.574128e+01 -9.436867e-01 -1.407804e-02 -3.305407e-01 7.024548e+01
-3.446612e-01 1.219443e-01 9.307729e-01 1.280111e+02 2.624866e-02 9.923908e-01 -1.202974e-01 -1.589343e+01 -9.383601e-01 -1.703029e-02 -3.452395e-01 6.984210e+01
-3.585172e-01 1.243498e-01 9.252041e-01 1.291238e+02 2.882283e-02 9.920905e-01 -1.221707e-01 -1.604729e+01 -9.330781e-01 -1.713329e-02 -3.592656e-01 6.941945e+01
-3.710537e-01 1.248530e-01 9.201798e-01 1.302104e+02 3.357870e-02 9.920761e-01 -1.210678e-01 -1.620406e+01 -9.280041e-01 -1.402421e-02 -3.723059e-01 6.897199e+01
-3.851768e-01 1.226586e-01 9.146549e-01 1.313107e+02 3.313363e-02 9.923267e-01 -1.191216e-01 -1.635516e+01 -9.222478e-01 -1.557704e-02 -3.862854e-01 6.852136e+01
-3.989507e-01 1.213800e-01 9.089033e-01 1.324272e+02 3.423964e-02 9.924810e-01 -1.175124e-01 -1.651543e+01 -9.163329e-01 -1.576114e-02 -4.001069e-01 6.803222e+01
-4.145722e-01 1.221814e-01 9.017769e-01 1.335522e+02 3.279090e-02 9.923079e-01 -1.193725e-01 -1.667589e+01 -9.094254e-01 -1.991847e-02 -4.153897e-01 6.754034e+01
-4.293374e-01 1.237490e-01 8.946260e-01 1.346574e+02 3.331136e-02 9.920640e-01 -1.212407e-01 -1.683082e+01 -9.025297e-01 -2.225196e-02 -4.300524e-01 6.701983e+01
-4.436865e-01 1.254362e-01 8.873602e-01 1.357302e+02 3.449294e-02 9.918127e-01 -1.229548e-01 -1.698080e+01 -8.955180e-01 -2.394573e-02 -4.443805e-01 6.648829e+01
-4.571395e-01 1.282389e-01 8.801013e-01 1.367600e+02 3.844692e-02 9.914748e-01 -1.244971e-01 -1.713369e+01 -8.885636e-01 -2.307535e-02 -4.581727e-01 6.594870e+01
-4.729828e-01 1.311286e-01 8.712592e-01 1.378086e+02 3.873133e-02 9.910016e-01 -1.281242e-01 -1.729663e+01 -8.802199e-01 -2.685552e-02 -4.738055e-01 6.540793e+01
-4.876320e-01 1.340833e-01 8.626915e-01 1.388203e+02 4.157591e-02 9.905815e-01 -1.304600e-01 -1.744643e+01 -8.720587e-01 -2.774928e-02 -4.886139e-01 6.484498e+01
-5.025831e-01 1.314327e-01 8.544798e-01 1.398030e+02 4.145750e-02 9.909031e-01 -1.280326e-01 -1.760053e+01 -8.635343e-01 -2.892242e-02 -5.034600e-01 6.427517e+01
-5.189385e-01 1.263539e-01 8.454215e-01 1.407869e+02 3.840185e-02 9.914625e-01 -1.246088e-01 -1.775107e+01 -8.539485e-01 -3.219855e-02 -5.193603e-01 6.369549e+01
-5.337016e-01 1.273698e-01 8.360260e-01 1.418032e+02 3.995484e-02 9.912865e-01 -1.255176e-01 -1.790373e+01 -8.447285e-01 -3.358564e-02 -5.341403e-01 6.304761e+01
-5.498741e-01 1.261850e-01 8.256609e-01 1.428089e+02 3.879008e-02 9.913137e-01 -1.256681e-01 -1.805599e+01 -8.343464e-01 -3.707420e-02 -5.499924e-01 6.240090e+01
-5.659967e-01 1.253381e-01 8.148240e-01 1.438146e+02 3.973329e-02 9.913740e-01 -1.248956e-01 -1.821702e+01 -8.234495e-01 -3.831488e-02 -5.660945e-01 6.172885e+01
-5.811559e-01 1.251038e-01 8.041187e-01 1.447848e+02 3.972043e-02 9.912959e-01 -1.255177e-01 -1.837064e+01 -8.128223e-01 -4.100540e-02 -5.810666e-01 6.104020e+01
-5.964112e-01 1.244145e-01 7.929784e-01 1.457411e+02 4.034459e-02 9.913124e-01 -1.251884e-01 -1.852694e+01 -8.016645e-01 -4.267136e-02 -5.962492e-01 6.034434e+01
-6.104707e-01 1.223587e-01 7.825304e-01 1.466879e+02 4.153914e-02 9.915814e-01 -1.226408e-01 -1.868207e+01 -7.909488e-01 -4.236301e-02 -6.104141e-01 5.960644e+01
-6.252463e-01 1.190435e-01 7.712949e-01 1.476596e+02 4.253773e-02 9.920271e-01 -1.186288e-01 -1.883846e+01 -7.792674e-01 -4.136311e-02 -6.253251e-01 5.883630e+01
-6.401850e-01 1.177220e-01 7.591473e-01 1.486326e+02 4.473354e-02 9.922247e-01 -1.161421e-01 -1.899554e+01 -7.669172e-01 -4.039307e-02 -6.404736e-01 5.804150e+01
-6.541221e-01 1.161939e-01 7.474110e-01 1.495939e+02 4.481388e-02 9.923481e-01 -1.150519e-01 -1.915179e+01 -7.550603e-01 -4.176361e-02 -6.543239e-01 5.720495e+01
-6.684220e-01 1.172206e-01 7.344871e-01 1.505414e+02 4.422768e-02 9.920196e-01 -1.180720e-01 -1.930447e+01 -7.424661e-01 -4.643728e-02 -6.682722e-01 5.636214e+01
-6.834340e-01 1.166219e-01 7.206367e-01 1.514484e+02 4.302052e-02 9.918755e-01 -1.197173e-01 -1.945484e+01 -7.287435e-01 -5.081672e-02 -6.828986e-01 5.552737e+01
-6.983770e-01 1.135696e-01 7.066623e-01 1.523293e+02 4.233635e-02 9.921567e-01 -1.176122e-01 -1.960810e+01 -7.144769e-01 -5.222018e-02 -6.977075e-01 5.467658e+01
-7.143300e-01 1.062403e-01 6.916977e-01 1.531997e+02 3.994500e-02 9.929877e-01 -1.112645e-01 -1.975960e+01 -6.986681e-01 -5.184974e-02 -7.135647e-01 5.380678e+01
-7.301331e-01 1.046883e-01 6.752378e-01 1.540728e+02 4.114681e-02 9.931366e-01 -1.094832e-01 -1.990932e+01 -6.820650e-01 -5.215342e-02 -7.294295e-01 5.287821e+01
-7.467263e-01 1.022790e-01 6.572205e-01 1.549014e+02 4.093265e-02 9.932999e-01 -1.080737e-01 -2.005527e+01 -6.638707e-01 -5.379968e-02 -7.459097e-01 5.196050e+01
-7.628539e-01 9.939618e-02 6.388852e-01 1.557628e+02 3.970290e-02 9.934496e-01 -1.071516e-01 -2.020610e+01 -6.453507e-01 -5.637545e-02 -7.618033e-01 5.094463e+01
-7.781893e-01 9.844824e-02 6.202655e-01 1.565806e+02 4.199055e-02 9.935833e-01 -1.050194e-01 -2.035099e+01 -6.266244e-01 -5.567969e-02 -7.773298e-01 4.992909e+01
-7.935548e-01 1.003004e-01 6.001754e-01 1.573616e+02 4.466624e-02 9.932623e-01 -1.069346e-01 -2.049657e+01 -6.068572e-01 -5.805089e-02 -7.926881e-01 4.892224e+01
-8.074152e-01 1.004174e-01 5.813751e-01 1.580967e+02 4.955359e-02 9.934695e-01 -1.027759e-01 -2.064073e+01 -5.878989e-01 -5.417356e-02 -8.071184e-01 4.791168e+01
-8.211042e-01 1.016291e-01 5.616577e-01 1.588413e+02 5.395858e-02 9.934350e-01 -1.008734e-01 -2.078639e+01 -5.682220e-01 -5.252130e-02 -8.211974e-01 4.684183e+01
-8.346898e-01 1.025850e-01 5.410815e-01 1.595600e+02 5.611752e-02 9.932270e-01 -1.017397e-01 -2.093169e+01 -5.478537e-01 -5.455690e-02 -8.347933e-01 4.574918e+01
-8.471341e-01 1.059765e-01 5.207041e-01 1.602532e+02 5.960153e-02 9.926773e-01 -1.050692e-01 -2.106989e+01 -5.280260e-01 -5.797292e-02 -8.472471e-01 4.463196e+01
-8.596250e-01 1.061643e-01 4.997740e-01 1.609141e+02 6.246759e-02 9.926740e-01 -1.034223e-01 -2.121122e+01 -5.070924e-01 -5.768473e-02 -8.599592e-01 4.353278e+01
-8.710359e-01 1.033670e-01 4.802205e-01 1.615346e+02 6.319994e-02 9.930662e-01 -9.912282e-02 -2.135231e+01 -4.871367e-01 -5.598963e-02 -8.715291e-01 4.245251e+01
-8.809282e-01 1.048770e-01 4.614827e-01 1.621349e+02 6.617573e-02 9.928533e-01 -9.931344e-02 -2.148837e+01 -4.686003e-01 -5.694905e-02 -8.815728e-01 4.133830e+01
-8.896146e-01 1.084448e-01 4.436503e-01 1.626687e+02 7.027537e-02 9.923353e-01 -1.016466e-01 -2.161289e+01 -4.512729e-01 -5.924865e-02 -8.904170e-01 4.028002e+01
-8.983717e-01 1.060918e-01 4.262309e-01 1.631819e+02 6.895519e-02 9.924241e-01 -1.016835e-01 -2.174063e+01 -4.337897e-01 -6.195874e-02 -8.988813e-01 3.924108e+01
-9.050014e-01 1.067809e-01 4.117892e-01 1.636211e+02 7.165330e-02 9.924173e-01 -9.986885e-02 -2.185653e+01 -4.193308e-01 -6.087538e-02 -9.057902e-01 3.825307e+01
-9.118323e-01 1.050061e-01 3.969075e-01 1.640554e+02 7.098730e-02 9.925027e-01 -9.949492e-02 -2.196481e+01 -4.043794e-01 -6.254729e-02 -9.124501e-01 3.727940e+01
-9.176492e-01 1.045895e-01 3.833809e-01 1.644725e+02 7.211264e-02 9.925535e-01 -9.817007e-02 -2.207541e+01 -3.907936e-01 -6.243908e-02 -9.183582e-01 3.627826e+01
-9.233643e-01 1.033559e-01 3.697513e-01 1.648874e+02 7.242357e-02 9.926827e-01 -9.662247e-02 -2.218732e+01 -3.770322e-01 -6.243902e-02 -9.240931e-01 3.526201e+01
-9.294012e-01 9.682377e-02 3.561439e-01 1.652972e+02 6.816945e-02 9.934063e-01 -9.217785e-02 -2.229360e+01 -3.627206e-01 -6.139208e-02 -9.298735e-01 3.426652e+01
-9.335842e-01 9.619215e-02 3.452067e-01 1.656689e+02 6.980424e-02 9.936624e-01 -8.810486e-02 -2.239848e+01 -3.514939e-01 -5.815642e-02 -9.343821e-01 3.325095e+01
-9.375459e-01 9.567478e-02 3.344457e-01 1.660549e+02 7.144005e-02 9.938967e-01 -8.405705e-02 -2.250186e+01 -3.404467e-01 -5.491453e-02 -9.386589e-01 3.219639e+01
-9.400978e-01 9.992133e-02 3.259324e-01 1.664310e+02 7.610826e-02 9.934660e-01 -8.504598e-02 -2.261102e+01 -3.323006e-01 -5.514539e-02 -9.415600e-01 3.111230e+01
-9.420817e-01 1.044551e-01 3.187024e-01 1.668037e+02 8.098185e-02 9.929922e-01 -8.607272e-02 -2.271495e+01 -3.254597e-01 -5.527843e-02 -9.439387e-01 3.003845e+01
-9.439076e-01 1.064892e-01 3.125677e-01 1.671739e+02 8.276753e-02 9.926543e-01 -8.824339e-02 -2.282162e+01 -3.196686e-01 -5.742314e-02 -9.457878e-01 2.894433e+01
-9.459546e-01 1.034163e-01 3.073677e-01 1.675414e+02 8.025609e-02 9.929620e-01 -8.709383e-02 -2.292570e+01 -3.142114e-01 -5.771868e-02 -9.475968e-01 2.786776e+01
-9.481002e-01 9.693235e-02 3.028367e-01 1.679148e+02 7.501357e-02 9.937040e-01 -8.321874e-02 -2.303420e+01 -3.089966e-01 -5.618285e-02 -9.494022e-01 2.674707e+01
-9.498972e-01 9.199185e-02 2.987186e-01 1.682884e+02 7.072798e-02 9.941807e-01 -8.125445e-02 -2.314349e+01 -3.044551e-01 -5.605561e-02 -9.508759e-01 2.557993e+01
-9.522263e-01 8.419113e-02 2.935591e-01 1.686774e+02 6.250611e-02 9.946288e-01 -8.250116e-02 -2.325290e+01 -2.989282e-01 -6.021054e-02 -9.523742e-01 2.440031e+01
-9.537985e-01 8.076180e-02 2.893890e-01 1.690580e+02 5.841178e-02 9.946615e-01 -8.506748e-02 -2.336664e+01 -2.947144e-01 -6.423350e-02 -9.534241e-01 2.321248e+01
-9.548437e-01 7.970988e-02 2.862164e-01 1.694329e+02 5.668235e-02 9.945179e-01 -8.787099e-02 -2.347730e+01 -2.916515e-01 -6.767964e-02 -9.541273e-01 2.202744e+01
-9.548918e-01 8.129577e-02 2.856092e-01 1.697904e+02 5.777682e-02 9.942787e-01 -8.984315e-02 -2.359484e+01 -2.912790e-01 -6.928890e-02 -9.541256e-01 2.083531e+01
-9.547519e-01 8.415332e-02 2.852490e-01 1.701471e+02 6.029643e-02 9.939848e-01 -9.142534e-02 -2.371732e+01 -2.912269e-01 -7.008902e-02 -9.540830e-01 1.966778e+01
-9.545878e-01 8.412536e-02 2.858061e-01 1.705040e+02 5.967261e-02 9.938548e-01 -9.322983e-02 -2.383619e+01 -2.918928e-01 -7.194125e-02 -9.537416e-01 1.850667e+01
-9.539493e-01 8.462910e-02 2.877822e-01 1.708506e+02 5.942538e-02 9.936800e-01 -9.522980e-02 -2.396058e+01 -2.940227e-01 -7.374283e-02 -9.529495e-01 1.734697e+01
-9.531032e-01 8.701477e-02 2.898666e-01 1.712018e+02 6.170865e-02 9.935298e-01 -9.534407e-02 -2.408016e+01 -2.962875e-01 -7.298546e-02 -9.523061e-01 1.619573e+01
-9.522535e-01 8.679960e-02 2.927100e-01 1.715574e+02 6.113692e-02 9.935284e-01 -9.572623e-02 -2.420599e+01 -2.991247e-01 -7.326025e-02 -9.513976e-01 1.503888e+01
-9.512146e-01 8.606331e-02 2.962835e-01 1.719177e+02 5.990502e-02 9.935501e-01 -9.627834e-02 -2.432666e+01 -3.026585e-01 -7.383249e-02 -9.502350e-01 1.391104e+01
-9.497449e-01 8.586624e-02 3.010177e-01 1.722848e+02 5.990449e-02 9.937249e-01 -9.445772e-02 -2.444624e+01 -3.072395e-01 -7.167842e-02 -9.489289e-01 1.278636e+01
-9.479919e-01 8.303060e-02 3.072740e-01 1.726647e+02 5.734699e-02 9.941334e-01 -9.170647e-02 -2.457459e+01 -3.130858e-01 -6.931575e-02 -9.471920e-01 1.163848e+01
-9.461371e-01 7.944905e-02 3.138668e-01 1.730542e+02 5.386899e-02 9.945413e-01 -8.936246e-02 -2.469341e+01 -3.192533e-01 -6.764146e-02 -9.452523e-01 1.051226e+01
-9.436022e-01 8.215708e-02 3.207260e-01 1.734639e+02 5.591087e-02 9.943514e-01 -9.021838e-02 -2.481020e+01 -3.263264e-01 -6.719818e-02 -9.428656e-01 9.330297e+00
-9.405618e-01 8.232639e-02 3.294934e-01 1.738814e+02 5.517443e-02 9.943267e-01 -9.094074e-02 -2.493575e+01 -3.351109e-01 -6.735578e-02 -9.397680e-01 8.141330e+00
-9.372642e-01 8.439959e-02 3.382492e-01 1.743101e+02 5.552219e-02 9.940062e-01 -9.417539e-02 -2.506123e+01 -3.441701e-01 -6.948689e-02 -9.363325e-01 6.978308e+00
-9.332413e-01 8.605475e-02 3.487913e-01 1.747331e+02 5.645368e-02 9.939532e-01 -9.418093e-02 -2.517907e+01 -3.547869e-01 -6.820297e-02 -9.324562e-01 5.854128e+00
-9.287692e-01 8.692207e-02 3.603224e-01 1.751656e+02 5.543600e-02 9.937554e-01 -9.683555e-02 -2.530025e+01 -3.664895e-01 -6.996305e-02 -9.277880e-01 4.747109e+00
-9.237891e-01 8.698183e-02 3.728912e-01 1.756346e+02 5.366060e-02 9.936549e-01 -9.884608e-02 -2.543180e+01 -3.791230e-01 -7.130337e-02 -9.225950e-01 3.622620e+00
