1.000000e+00 0.000000e+00 0.000000e+00 0.000000e+00 0.000000e+00 1.000000e+00 0.000000e+00 0.000000e+00 0.000000e+00 0.000000e+00 1.000000e+00 0.000000e+00
9.999971e-01 1.654333e-03 1.751210e-03 -8.840859e-03 -1.645901e-03 9.999871e-01 -4.805641e-03 -1.842286e-03 -1.759138e-03 4.802745e-03 9.999869e-01 8.881949e-01
9.999936e-01 1.276249e-03 3.353990e-03 -1.924372e-02 -1.257457e-03 9.999835e-01 -5.598843e-03 -1.023119e-03 -3.361080e-03 5.594589e-03 9.999787e-01 1.779412e+00
9.999909e-01 1.128838e-03 4.105164e-03 -2.632598e-02 -1.122149e-03 9.999980e-01 -1.631306e-03 -1.563651e-03 -4.106997e-03 1.626685e-03 9.999902e-01 2.658019e+00
9.999919e-01 -7.731572e-04 3.937698e-03 -3.017258e-02 7.571392e-04 9.999914e-01 4.067714e-03 -1.832381e-03 -3.940809e-03 -4.064700e-03 9.999840e-01 3.528703e+00
9.999845e-01 -5.118940e-03 2.195657e-03 -2.175291e-02 5.110051e-03 9.999788e-01 4.035156e-03 4.999751e-04 -2.216266e-03 -4.023873e-03 9.999894e-01 4.417642e+00
9.999723e-01 -7.365749e-03 1.055825e-03 -2.028511e-02 7.364761e-03 9.999724e-01 9.360396e-04 5.044036e-03 -1.062691e-03 -9.282378e-04 9.999990e-01 5.346082e+00
9.999702e-01 -7.710080e-03 3.500244e-04 -2.233198e-02 7.711019e-03 9.999664e-01 -2.765503e-03 6.863867e-03 -3.286904e-04 2.768119e-03 9.999961e-01 6.228853e+00
9.999760e-01 -6.931702e-03 -6.224336e-05 -3.139419e-02 6.931435e-03 9.999696e-01 -3.576163e-03 7.503654e-03 8.703037e-05 3.575646e-03 9.999936e-01 7.098194e+00
9.999766e-01 -6.760580e-03 -1.037110e-03 -3.737529e-02 6.758785e-03 9.999757e-01 -1.724525e-03 5.189714e-03 1.048743e-03 1.717475e-03 9.999980e-01 7.985148e+00
9.999763e-01 -6.675408e-03 -1.684531e-03 -4.342072e-02 6.677646e-03 9.999768e-01 1.326167e-03 1.467124e-03 1.675639e-03 -1.337385e-03 9.999977e-01 8.890089e+00
9.999725e-01 -6.943453e-03 -2.599498e-03 -4.925005e-02 6.950784e-03 9.999719e-01 2.821888e-03 1.927269e-03 2.579831e-03 -2.839879e-03 9.999926e-01 9.774945e+00
9.999535e-01 -9.002135e-03 -3.444950e-03 -5.151468e-02 9.014146e-03 9.999533e-01 3.487073e-03 5.439595e-03 3.413398e-03 -3.517964e-03 9.999880e-01 1.067295e+01
9.999480e-01 -9.084632e-03 -4.631911e-03 -5.523549e-02 9.101408e-03 9.999521e-01 3.613791e-03 5.246991e-03 4.598859e-03 -3.655760e-03 9.999827e-01 1.156373e+01
9.999538e-01 -8.063535e-03 -5.239138e-03 -6.677915e-02 8.075289e-03 9.999649e-01 2.226227e-03 6.338554e-03 5.221003e-03 -2.268432e-03 9.999838e-01 1.245278e+01
9.999319e-01 -9.408572e-03 -6.906501e-03 -7.287530e-02 9.410087e-03 9.999557e-01 1.868797e-04 7.771076e-03 6.904437e-03 -2.518578e-04 9.999761e-01 1.331311e+01
9.999214e-01 -9.724759e-03 -7.907662e-03 -8.942717e-02 9.717279e-03 9.999523e-01 -9.837047e-04 6.589747e-03 7.916851e-03 9.067865e-04 9.999683e-01 1.420057e+01
9.999243e-01 -8.475057e-03 -8.920680e-03 -1.088637e-01 8.460510e-03 9.999628e-01 -1.667216e-03 5.415303e-03 8.934478e-03 1.591616e-03 9.999588e-01 1.505112e+01
9.999322e-01 -6.147183e-03 -9.885474e-03 -1.305791e-01 6.120777e-03 9.999776e-01 -2.699237e-03 4.747911e-03 9.901846e-03 2.638547e-03 9.999475e-01 1.590152e+01
9.999318e-01 -4.005477e-03 -1.097487e-02 -1.521771e-01 3.978060e-03 9.999889e-01 -2.518887e-03 1.032080e-03 1.098483e-02 2.475056e-03 9.999366e-01 1.675604e+01
9.999070e-01 -4.162169e-03 -1.298370e-02 -1.630805e-01 4.138347e-03 9.999897e-01 -1.861065e-03 7.633833e-04 1.299131e-02 1.807161e-03 9.999140e-01 1.759725e+01
9.998885e-01 -3.650592e-03 -1.448186e-02 -1.801605e-01 3.644423e-03 9.999933e-01 -4.523741e-04 -2.218235e-03 1.448341e-02 3.995456e-04 9.998950e-01 1.844095e+01
9.998698e-01 -3.063633e-03 -1.584553e-02 -1.981492e-01 3.064849e-03 9.999953e-01 5.246168e-05 -1.747300e-03 1.584530e-02 -1.010190e-04 9.998745e-01 1.928003e+01
9.998383e-01 -4.390555e-03 -1.743922e-02 -2.147948e-01 4.387443e-03 9.999904e-01 -2.167129e-04 -2.061225e-03 1.744001e-02 1.401643e-04 9.998479e-01 2.010164e+01
9.998011e-01 -4.885873e-03 -1.933482e-02 -2.307974e-01 4.873511e-03 9.999879e-01 -6.864551e-04 -3.665505e-03 1.933794e-02 5.920902e-04 9.998128e-01 2.089210e+01
9.997727e-01 -5.455739e-03 -2.061008e-02 -2.475671e-01 5.453391e-03 9.999851e-01 -1.701242e-04 -4.898357e-03 2.061070e-02 5.769072e-05 9.997876e-01 2.166830e+01
9.997364e-01 -5.772097e-03 -2.222323e-02 -2.619747e-01 5.813942e-03 9.999814e-01 1.818795e-03 -4.499086e-03 2.221232e-02 -1.947520e-03 9.997514e-01 2.243021e+01
9.997322e-01 -5.969939e-03 -2.236001e-02 -2.866753e-01 6.070002e-03 9.999719e-01 4.409855e-03 -2.442594e-03 2.233305e-02 -4.544399e-03 9.997403e-01 2.318657e+01
9.997075e-01 -6.574041e-03 -2.327279e-02 -3.041485e-01 6.706781e-03 9.999617e-01 5.630220e-03 5.849621e-04 2.323488e-02 -5.784659e-03 9.997133e-01 2.393756e+01
9.997041e-01 -6.222198e-03 -2.351608e-02 -3.302606e-01 6.326591e-03 9.999704e-01 4.367401e-03 2.646153e-03 2.348821e-02 -4.514885e-03 9.997139e-01 2.469641e+01
9.997004e-01 -4.772184e-03 -2.400716e-02 -3.564919e-01 4.812062e-03 9.999871e-01 1.603608e-03 4.938578e-03 2.399920e-02 -1.718651e-03 9.997105e-01 2.544540e+01
9.997094e-01 -3.075448e-03 -2.390740e-02 -3.888882e-01 3.068341e-03 9.999952e-01 -3.339443e-04 7.239689e-03 2.390831e-02 2.604912e-04 9.997141e-01 2.617706e+01
9.996902e-01 -1.697106e-03 -2.483113e-02 -4.136132e-01 1.682186e-03 9.999984e-01 -6.217513e-04 5.343062e-03 2.483215e-02 5.797881e-04 9.996915e-01 2.689381e+01
9.996725e-01 -1.319622e-03 -2.555682e-02 -4.404840e-01 1.289827e-03 9.999985e-01 -1.182282e-03 2.897019e-03 2.555834e-02 1.148931e-03 9.996727e-01 2.760906e+01
9.996220e-01 3.825833e-04 -2.749065e-02 -4.670408e-01 -4.380766e-04 9.999979e-01 -2.012632e-03 3.278227e-04 2.748982e-02 2.023914e-03 9.996200e-01 2.831334e+01
9.995605e-01 8.071545e-04 -2.963402e-02 -4.915206e-01 -8.705660e-04 9.999974e-01 -2.126981e-03 -1.654899e-03 2.963223e-02 2.151845e-03 9.995586e-01 2.900476e+01
9.994857e-01 -2.630722e-04 -3.206741e-02 -5.108993e-01 2.288867e-04 9.999994e-01 -1.069719e-03 -6.763901e-04 3.206768e-02 1.061829e-03 9.994851e-01 2.967600e+01
9.994141e-01 -2.326343e-04 -3.422679e-02 -5.370485e-01 2.809509e-04 9.999990e-01 1.406859e-03 -3.264775e-03 3.422643e-02 -1.415650e-03 9.994131e-01 3.034679e+01
9.993503e-01 1.403942e-03 -3.601386e-02 -5.696059e-01 -1.292837e-03 9.999943e-01 3.108182e-03 -6.052913e-03 3.601802e-02 -3.059602e-03 9.993465e-01 3.101016e+01
9.992814e-01 2.474009e-03 -3.782161e-02 -6.012682e-01 -2.350653e-03 9.999918e-01 3.305654e-03 -6.725312e-03 3.782948e-02 -3.214373e-03 9.992790e-01 3.167481e+01
9.992138e-01 5.131749e-03 -3.931273e-02 -6.341279e-01 -5.040882e-03 9.999844e-01 2.410157e-03 -6.165547e-03 3.932448e-02 -2.210091e-03 9.992240e-01 3.228969e+01
9.991160e-01 6.386676e-03 -4.155048e-02 -6.616794e-01 -6.325632e-03 9.999787e-01 1.600466e-03 -4.671531e-03 4.155981e-02 -1.336219e-03 9.991351e-01 3.289999e+01
9.990455e-01 6.294115e-03 -4.322686e-02 -6.906617e-01 -6.183729e-03 9.999773e-01 2.686901e-03 -2.321940e-03 4.324279e-02 -2.417033e-03 9.990617e-01 3.349675e+01
9.989874e-01 6.654580e-03 -4.449522e-02 -7.209272e-01 -6.452955e-03 9.999683e-01 4.673490e-03 -2.451728e-03 4.452491e-02 -4.381632e-03 9.989987e-01 3.410574e+01
9.989453e-01 9.114519e-03 -4.500240e-02 -7.520120e-01 -8.886080e-03 9.999466e-01 5.273589e-03 -1.759186e-03 4.504807e-02 -4.868132e-03 9.989730e-01 3.470989e+01
9.989540e-01 1.257007e-02 -4.396486e-02 -7.861491e-01 -1.243868e-02 9.999173e-01 3.260709e-03 -2.615582e-03 4.400221e-02 -2.710434e-03 9.990278e-01 3.530641e+01
9.990257e-01 1.459786e-02 -4.164777e-02 -8.219616e-01 -1.461449e-02 9.998932e-01 -9.494817e-05 3.922536e-04 4.164193e-02 7.035166e-04 9.991324e-01 3.590274e+01
9.990905e-01 1.430828e-02 -4.016803e-02 -8.404850e-01 -1.439549e-02 9.998946e-01 -1.882700e-03 1.282504e-03 4.013686e-02 2.459226e-03 9.991912e-01 3.647615e+01
9.991933e-01 1.622268e-02 -3.673708e-02 -8.683560e-01 -1.628194e-02 9.998666e-01 -1.314332e-03 5.014466e-03 3.671085e-02 1.911423e-03 9.993241e-01 3.704249e+01
9.992215e-01 2.058424e-02 -3.365608e-02 -8.930869e-01 -2.055299e-02 9.997880e-01 1.274275e-03 3.964861e-03 3.367517e-02 -5.815496e-04 9.994327e-01 3.760735e+01
9.992505e-01 2.397084e-02 -3.039475e-02 -9.128857e-01 -2.383062e-02 9.997037e-01 4.967207e-03 -2.646870e-04 3.050481e-02 -4.239159e-03 9.995256e-01 3.816002e+01
9.991872e-01 3.100830e-02 -2.575627e-02 -9.425685e-01 -3.087190e-02 9.995072e-01 5.676942e-03 2.695298e-03 2.591961e-02 -4.877183e-03 9.996521e-01 3.871321e+01
9.991959e-01 3.455376e-02 -2.033843e-02 -9.602457e-01 -3.443986e-02 9.993892e-01 5.924264e-03 4.344613e-03 2.053071e-02 -5.219048e-03 9.997756e-01 3.924560e+01
9.991617e-01 3.817965e-02 -1.477077e-02 -9.723778e-01 -3.806817e-02 9.992450e-01 7.756843e-03 8.174183e-03 1.505577e-02 -7.188044e-03 9.998608e-01 3.977345e+01
9.990799e-01 4.204726e-02 -8.443906e-03 -9.803928e-01 -4.197021e-02 9.990774e-01 9.103849e-03 7.873881e-03 8.818907e-03 -8.741080e-03 9.999229e-01 4.029116e+01
9.989945e-01 4.481349e-02 -1.282580e-03 -9.877056e-01 -4.480072e-02 9.989582e-01 8.680859e-03 8.066562e-03 1.670264e-03 -8.614670e-03 9.999615e-01 4.078848e+01
9.987834e-01 4.886382e-02 6.642939e-03 -9.959476e-01 -4.892041e-02 9.987653e-01 8.641485e-03 7.903576e-03 -6.212481e-03 -8.955946e-03 9.999406e-01 4.127196e+01
9.984788e-01 5.335016e-02 1.392361e-02 -9.925708e-01 -5.346721e-02 9.985362e-01 8.173593e-03 9.473638e-03 -1.346717e-02 -8.905616e-03 9.998697e-01 4.173091e+01
9.980852e-01 5.804816e-02 2.136359e-02 -9.888849e-01 -5.817385e-02 9.982924e-01 5.309078e-03 1.080981e-02 -2.101893e-02 -6.541714e-03 9.997577e-01 4.215991e+01
9.977720e-01 5.989744e-02 2.938328e-02 -9.812229e-01 -5.999086e-02 9.981963e-01 2.307177e-03 8.667023e-03 -2.919209e-02 -4.064765e-03 9.995656e-01 4.256774e+01
9.975816e-01 5.931042e-02 3.623958e-02 -9.559393e-01 -5.939777e-02 9.982335e-01 1.337655e-03 1.483086e-02 -3.609623e-02 -3.486971e-03 9.993422e-01 4.294866e+01
9.974911e-01 5.633749e-02 4.286759e-02 -9.216556e-01 -5.647747e-02 9.984017e-01 2.060420e-03 1.983228e-02 -4.268300e-02 -4.476303e-03 9.990786e-01 4.331169e+01
9.969300e-01 5.903930e-02 5.142904e-02 -9.092842e-01 -5.926137e-02 9.982386e-01 2.802527e-03 1.861876e-02 -5.117300e-02 -5.841679e-03 9.986727e-01 4.365774e+01
9.963780e-01 6.067810e-02 5.957377e-02 -8.840920e-01 -6.096088e-02 9.981358e-01 2.939094e-03 1.787110e-02 -5.928438e-02 -6.560118e-03 9.982196e-01 4.398422e+01
9.955449e-01 6.520084e-02 6.811238e-02 -8.659940e-01 -6.551214e-02 9.978490e-01 2.344236e-03 1.667889e-02 -6.781303e-02 -6.795980e-03 9.976749e-01 4.428794e+01
9.942695e-01 7.206420e-02 7.896196e-02 -8.673240e-01 -7.243991e-02 9.973710e-01 1.900259e-03 1.570136e-02 -7.861743e-02 -7.609367e-03 9.968758e-01 4.457614e+01
9.938863e-01 6.887714e-02 8.629001e-02 -8.185207e-01 -6.931760e-02 9.975924e-01 2.115067e-03 1.466841e-02 -8.593658e-02 -8.083553e-03 9.962678e-01 4.483596e+01
9.925628e-01 7.112307e-02 9.879532e-02 -8.095752e-01 -7.148127e-02 9.974419e-01 8.629473e-05 1.050618e-02 -9.853646e-02 -7.147668e-03 9.951078e-01 4.509198e+01
9.911024e-01 7.163630e-02 1.121801e-01 -7.907323e-01 -7.154056e-02 9.974257e-01 -4.883880e-03 1.143983e-02 -1.122411e-01 -3.185000e-03 9.936759e-01 4.533732e+01
9.904072e-01 6.616763e-02 1.213068e-01 -7.070881e-01 -6.535489e-02 9.978050e-01 -1.067074e-02 8.878180e-03 -1.217466e-01 2.640390e-03 9.925577e-01 4.556523e+01
9.904072e-01 6.616763e-02 1.213068e-01 -7.070881e-01 -6.535489e-02 9.978050e-01 -1.067074e-02 8.878180e-03 -1.217466e-01 2.640390e-03 9.925577e-01 4.556523e+01
9.856250e-01 7.039426e-02 1.535836e-01 -6.306929e-01 -6.897355e-02 9.975121e-01 -1.456585e-02 4.878708e-03 -1.542268e-01 3.763259e-03 9.880283e-01 4.603409e+01
9.836639e-01 6.661949e-02 1.672341e-01 -5.479574e-01 -6.473776e-02 9.977628e-01 -1.668475e-02 1.023520e-05 -1.679715e-01 5.585818e-03 9.857760e-01 4.624840e+01
9.796307e-01 6.985072e-02 1.882674e-01 -5.267910e-01 -6.753216e-02 9.975417e-01 -1.870967e-02 -9.222607e-04 -1.891114e-01 5.614467e-03 9.819396e-01 4.647305e+01
9.796307e-01 6.985072e-02 1.882674e-01 -5.267910e-01 -6.753216e-02 9.975417e-01 -1.870967e-02 -9.222607e-04 -1.891114e-01 5.614467e-03 9.819396e-01 4.647305e+01
9.713896e-01 6.906085e-02 2.272284e-01 -3.995030e-01 -6.604303e-02 9.975986e-01 -2.086661e-02 -5.975195e-03 -2.281238e-01 5.262753e-03 9.736179e-01 4.690602e+01
9.648421e-01 7.668716e-02 2.513936e-01 -3.671422e-01 -7.291255e-02 9.970420e-01 -2.430938e-02 -3.486421e-03 -2.525142e-01 5.124970e-03 9.675796e-01 4.713339e+01
9.648421e-01 7.668716e-02 2.513936e-01 -3.671422e-01 -7.291255e-02 9.970420e-01 -2.430938e-02 -3.486421e-03 -2.525142e-01 5.124970e-03 9.675796e-01 4.713339e+01
9.514697e-01 7.782049e-02 2.977406e-01 -2.019072e-01 -7.276766e-02 9.969548e-01 -2.803547e-02 -1.803101e-02 -2.990156e-01 5.009012e-03 9.542351e-01 4.755953e+01
9.443499e-01 7.520686e-02 3.202299e-01 -7.862621e-02 -6.910594e-02 9.971463e-01 -3.039084e-02 -2.809146e-02 -3.216017e-01 6.569801e-03 9.468523e-01 4.775528e+01
9.443499e-01 7.520686e-02 3.202299e-01 -7.862621e-02 -6.910594e-02 9.971463e-01 -3.039084e-02 -2.809146e-02 -3.216017e-01 6.569801e-03 9.468523e-01 4.775528e+01
9.232275e-01 7.782997e-02 3.762890e-01 1.190854e-01 -7.062730e-02 9.969593e-01 -3.292215e-02 -4.729986e-02 -3.777072e-01 3.818360e-03 9.259172e-01 4.818303e+01
9.232275e-01 7.782997e-02 3.762890e-01 1.190854e-01 -7.062730e-02 9.969593e-01 -3.292215e-02 -4.729986e-02 -3.777072e-01 3.818360e-03 9.259172e-01 4.818303e+01
8.961806e-01 7.203984e-02 4.378019e-01 3.788779e-01 -6.168693e-02 9.973778e-01 -3.784430e-02 -6.843678e-02 -4.393802e-01 6.908671e-03 8.982746e-01 4.859116e+01
8.806860e-01 6.764585e-02 4.688456e-01 5.474382e-01 -5.362652e-02 9.976259e-01 -4.320639e-02 -8.120732e-02 -4.706553e-01 1.290870e-02 8.822227e-01 4.877152e+01
8.623720e-01 6.711512e-02 5.018068e-01 7.105636e-01 -4.944420e-02 9.976008e-01 -4.845452e-02 -9.353909e-02 -5.038549e-01 1.697438e-02 8.636215e-01 4.895977e+01
8.426277e-01 6.578637e-02 5.344631e-01 8.968005e-01 -4.396872e-02 9.976008e-01 -5.347286e-02 -1.059552e-01 -5.366986e-01 2.155805e-02 8.434986e-01 4.914104e+01
8.201442e-01 6.650362e-02 5.682788e-01 1.092270e+00 -4.128793e-02 9.975116e-01 -5.714815e-02 -1.191623e-01 -5.706652e-01 2.340667e-02 8.208491e-01 4.932720e+01
7.943334e-01 6.888355e-02 6.035640e-01 1.288100e+00 -4.132823e-02 9.973761e-01 -5.943762e-02 -1.340530e-01 -6.060746e-01 2.226906e-02 7.950960e-01 4.952296e+01
7.659172e-01 7.181726e-02 6.389156e-01 1.499630e+00 -4.223639e-02 9.972155e-01 -6.145993e-02 -1.500870e-01 -6.415504e-01 2.008773e-02 7.668178e-01 4.972166e+01
7.355093e-01 7.078390e-02 6.738069e-01 1.741158e+00 -3.794457e-02 9.972701e-01 -6.334468e-02 -1.674397e-01 -6.764512e-01 2.102329e-02 7.361873e-01 4.990494e+01
7.009840e-01 6.667615e-02 7.100534e-01 1.997196e+00 -3.108125e-02 9.975303e-01 -6.298684e-02 -1.860635e-01 -7.124994e-01 2.208342e-02 7.013251e-01 5.008992e+01
6.642742e-01 6.343435e-02 7.447925e-01 2.275547e+00 -2.406774e-02 9.976911e-01 -6.350803e-02 -2.011105e-01 -7.471014e-01 2.426127e-02 6.642671e-01 5.026772e+01
6.235278e-01 6.277822e-02 7.792766e-01 2.565241e+00 -2.052462e-02 9.977417e-01 -6.395519e-02 -2.139483e-01 -7.815317e-01 2.388349e-02 6.234082e-01 5.045170e+01
5.798404e-01 6.157256e-02 8.124001e-01 2.879994e+00 -1.429734e-02 9.977556e-01 -6.541629e-02 -2.312351e-01 -8.146046e-01 2.631585e-02 5.794194e-01 5.061737e+01
5.334697e-01 5.992279e-02 8.436939e-01 3.211256e+00 -9.461303e-03 9.978476e-01 -6.488905e-02 -2.507331e-01 -8.457663e-01 2.663390e-02 5.328884e-01 5.078132e+01
4.865418e-01 5.754192e-02 8.717603e-01 3.559870e+00 -5.715942e-03 9.980170e-01 -6.268555e-02 -2.674625e-01 -8.736386e-01 2.551621e-02 4.859059e-01 5.093138e+01
4.380983e-01 5.478121e-02 8.972563e-01 3.920541e+00 -3.671123e-03 9.982421e-01 -5.915434e-02 -2.859160e-01 -8.989196e-01 2.262148e-02 4.375293e-01 5.107482e+01
3.887781e-01 5.457551e-02 9.197136e-01 4.305683e+00 -6.024606e-03 9.983733e-01 -5.669645e-02 -3.019647e-01 -9.213117e-01 1.650143e-02 3.884745e-01 5.121483e+01
3.413859e-01 5.430434e-02 9.383532e-01 4.718052e+00 -1.480302e-03 9.983594e-01 -5.723846e-02 -3.181040e-01 -9.399220e-01 1.815136e-02 3.409063e-01 5.132376e+01
2.949750e-01 5.088023e-02 9.541493e-01 5.146257e+00 9.536147e-03 9.983747e-01 -5.618666e-02 -3.387072e-01 -9.554574e-01 2.567256e-02 2.940103e-01 5.141569e+01
2.514418e-01 4.450440e-02 9.668487e-01 5.581826e+00 2.229738e-02 9.984108e-01 -5.175594e-02 -3.611950e-01 -9.676155e-01 3.457181e-02 2.500499e-01 5.148661e+01
2.101866e-01 4.343124e-02 9.766961e-01 6.029241e+00 3.169388e-02 9.981850e-01 -5.120737e-02 -3.757280e-01 -9.771474e-01 4.171840e-02 2.084286e-01 5.154161e+01
1.726421e-01 4.483253e-02 9.839638e-01 6.488214e+00 3.551698e-02 9.980306e-01 -5.170512e-02 -3.894875e-01 -9.843441e-01 4.387390e-02 1.707098e-01 5.159499e+01
1.398940e-01 4.528789e-02 9.891303e-01 6.946733e+00 4.303213e-02 9.977316e-01 -5.176780e-02 -4.124924e-01 -9.892310e-01 4.980639e-02 1.376278e-01 5.164084e+01
1.115154e-01 4.337895e-02 9.928155e-01 7.415388e+00 4.963752e-02 9.975566e-01 -4.916151e-02 -4.355164e-01 -9.925223e-01 5.476317e-02 1.090897e-01 5.166707e+01
8.685324e-02 4.165134e-02 9.953500e-01 7.893900e+00 5.667589e-02 9.973008e-01 -4.667845e-02 -4.520474e-01 -9.946076e-01 6.046653e-02 8.425818e-02 5.168873e+01
6.746598e-02 4.076355e-02 9.968885e-01 8.393172e+00 6.141204e-02 9.971008e-01 -4.492838e-02 -4.635927e-01 -9.958298e-01 6.425210e-02 6.476701e-02 5.170242e+01
5.162641e-02 4.263833e-02 9.977558e-01 8.894552e+00 6.410422e-02 9.968862e-01 -4.591808e-02 -4.772098e-01 -9.966069e-01 6.633094e-02 4.873236e-02 5.171844e+01
3.879349e-02 4.230856e-02 9.983512e-01 9.400920e+00 6.539136e-02 9.968541e-01 -4.478607e-02 -4.953663e-01 -9.971053e-01 6.702095e-02 3.590484e-02 5.172605e+01
2.728663e-02 4.302273e-02 9.987014e-01 9.908283e+00 6.549550e-02 9.968497e-01 -4.473244e-02 -5.183853e-01 -9.974797e-01 6.663104e-02 2.438287e-02 5.173505e+01
1.861048e-02 4.601371e-02 9.987674e-01 1.041965e+01 7.048296e-02 9.963948e-01 -4.721774e-02 -5.337831e-01 -9.973394e-01 7.127483e-02 1.530021e-02 5.173097e+01
1.292147e-02 4.811389e-02 9.987583e-01 1.093821e+01 7.602815e-02 9.959029e-01 -4.895996e-02 -5.477453e-01 -9.970219e-01 7.656638e-02 9.210522e-03 5.172142e+01
8.202729e-03 4.750936e-02 9.988371e-01 1.146499e+01 7.696554e-02 9.958776e-01 -4.800065e-02 -5.653584e-01 -9.970000e-01 7.726977e-02 4.512331e-03 5.172061e+01
4.002844e-03 4.495875e-02 9.989808e-01 1.199286e+01 7.386191e-02 9.962467e-01 -4.513166e-02 -5.849502e-01 -9.972604e-01 7.396729e-02 6.670811e-04 5.173354e+01
2.254201e-03 3.824776e-02 9.992657e-01 1.256853e+01 7.369445e-02 9.965448e-01 -3.830986e-02 -6.015538e-01 -9.972783e-01 7.372670e-02 -5.722359e-04 5.172994e+01
1.202256e-03 3.251605e-02 9.994705e-01 1.316110e+01 7.502089e-02 9.966517e-01 -3.251459e-02 -6.207090e-01 -9.971812e-01 7.502025e-02 -1.241153e-03 5.172659e+01
8.594132e-04 2.991646e-02 9.995520e-01 1.378796e+01 7.886617e-02 9.964370e-01 -2.989104e-02 -6.376496e-01 -9.968848e-01 7.885653e-02 -1.503046e-03 5.171920e+01
1.402143e-03 3.243780e-02 9.994728e-01 1.442852e+01 8.252451e-02 9.960608e-01 -3.244284e-02 -6.531532e-01 -9.965880e-01 8.252649e-02 -1.280294e-03 5.171345e+01
3.059682e-03 3.989750e-02 9.991991e-01 1.505857e+01 8.493198e-02 9.955830e-01 -4.001318e-02 -6.697815e-01 -9.963821e-01 8.498639e-02 -3.424062e-04 5.170321e+01
6.342976e-03 4.809797e-02 9.988225e-01 1.566928e+01 8.819889e-02 9.949229e-01 -4.847029e-02 -6.841231e-01 -9.960827e-01 8.840248e-02 2.068585e-03 5.169494e+01
8.071958e-03 4.902540e-02 9.987649e-01 1.628075e+01 8.856596e-02 9.948372e-01 -4.954839e-02 -7.013513e-01 -9.960376e-01 8.885652e-02 3.688302e-03 5.170484e+01
9.981724e-03 4.459312e-02 9.989554e-01 1.690599e+01 8.730948e-02 9.951509e-01 -4.529570e-02 -7.255568e-01 -9.961312e-01 8.767040e-02 6.039920e-03 5.171759e+01
1.197306e-02 3.856536e-02 9.991843e-01 1.756157e+01 8.590071e-02 9.955222e-01 -3.945335e-02 -7.495272e-01 -9.962318e-01 8.630303e-02 8.606654e-03 5.173485e+01
1.555702e-02 3.684148e-02 9.992000e-01 1.821964e+01 8.617536e-02 9.955532e-01 -3.804872e-02 -7.765035e-01 -9.961585e-01 8.669835e-02 1.231301e-02 5.173946e+01
1.919337e-02 4.215741e-02 9.989266e-01 1.887944e+01 9.452582e-02 9.945589e-01 -4.378930e-02 -7.985092e-01 -9.953374e-01 9.526482e-02 1.510397e-02 5.173928e+01
2.254731e-02 4.812892e-02 9.985866e-01 1.952025e+01 9.680073e-02 9.940423e-01 -5.009558e-02 -8.190347e-01 -9.950484e-01 9.779344e-02 1.775406e-02 5.175218e+01
2.507073e-02 4.887607e-02 9.984902e-01 2.015425e+01 8.980931e-02 9.946552e-01 -5.094334e-02 -8.456651e-01 -9.956434e-01 9.095090e-02 2.054720e-02 5.177868e+01
2.843825e-02 4.552608e-02 9.985583e-01 2.078107e+01 8.580199e-02 9.951642e-01 -4.781492e-02 -8.722574e-01 -9.959063e-01 8.703806e-02 2.439450e-02 5.180483e+01
3.317269e-02 4.177775e-02 9.985761e-01 2.142623e+01 8.942129e-02 9.949949e-01 -4.459850e-02 -9.050226e-01 -9.954413e-01 9.077342e-02 2.927084e-02 5.182389e+01
3.596479e-02 4.296485e-02 9.984290e-01 2.207815e+01 9.352434e-02 9.945460e-01 -4.616663e-02 -9.331327e-01 -9.949672e-01 9.503779e-02 3.175038e-02 5.185046e+01
3.838398e-02 4.788705e-02 9.981150e-01 2.272733e+01 9.234695e-02 9.944066e-01 -5.126047e-02 -9.599937e-01 -9.949868e-01 9.414046e-02 3.374706e-02 5.188433e+01
4.145103e-02 4.885603e-02 9.979453e-01 2.337057e+01 8.773161e-02 9.947679e-01 -5.234453e-02 -9.876036e-01 -9.952814e-01 8.972109e-02 3.694794e-02 5.192524e+01
4.474473e-02 4.852737e-02 9.978191e-01 2.401747e+01 8.785987e-02 9.947580e-01 -5.231835e-02 -1.017617e+00 -9.951274e-01 9.000923e-02 4.024656e-02 5.196081e+01
4.824363e-02 4.541291e-02 9.978027e-01 2.466096e+01 9.238663e-02 9.944807e-01 -4.972860e-02 -1.047551e+00 -9.945538e-01 9.458272e-02 4.378181e-02 5.198834e+01
5.215238e-02 4.589705e-02 9.975839e-01 2.530917e+01 9.789374e-02 9.938972e-01 -5.084518e-02 -1.078316e+00 -9.938294e-01 1.003089e-01 4.734107e-02 5.201240e+01
5.676944e-02 4.661418e-02 9.972985e-01 2.596430e+01 1.029130e-01 9.933152e-01 -5.228614e-02 -1.106618e+00 -9.930691e-01 1.056032e-01 5.159274e-02 5.203381e+01
6.013530e-02 4.658609e-02 9.971025e-01 2.661641e+01 1.044299e-01 9.931350e-01 -5.269889e-02 -1.135133e+00 -9.927125e-01 1.072964e-01 5.485749e-02 5.206642e+01
6.433738e-02 4.511232e-02 9.969080e-01 2.727600e+01 1.081941e-01 9.927737e-01 -5.190775e-02 -1.163519e+00 -9.920457e-01 1.111992e-01 5.899157e-02 5.209752e+01
6.865164e-02 4.436929e-02 9.966536e-01 2.793416e+01 1.122417e-01 9.923242e-01 -5.190800e-02 -1.191310e+00 -9.913066e-01 1.154296e-01 6.314460e-02 5.213118e+01
7.107907e-02 4.501280e-02 9.964545e-01 2.860656e+01 1.096587e-01 9.925734e-01 -5.265965e-02 -1.221659e+00 -9.914246e-01 1.130129e-01 6.561515e-02 5.218765e+01
7.477547e-02 4.725491e-02 9.960801e-01 2.928912e+01 1.083102e-01 9.925823e-01 -5.521979e-02 -1.248687e+00 -9.913009e-01 1.120147e-01 6.910262e-02 5.223692e+01
7.698601e-02 4.759011e-02 9.958957e-01 2.996042e+01 1.092174e-01 9.924466e-01 -5.586815e-02 -1.280805e+00 -9.910321e-01 1.130702e-01 7.120684e-02 5.229366e+01
7.947107e-02 4.746103e-02 9.957067e-01 3.064465e+01 1.071070e-01 9.926768e-01 -5.586521e-02 -1.315191e+00 -9.910663e-01 1.110868e-01 7.380568e-02 5.235468e+01
8.162243e-02 4.803442e-02 9.955051e-01 3.133107e+01 1.050231e-01 9.928625e-01 -5.651785e-02 -1.349427e+00 -9.911145e-01 1.091641e-01 7.599513e-02 5.241957e+01
8.337648e-02 4.852144e-02 9.953361e-01 3.201254e+01 1.009442e-01 9.932650e-01 -5.687628e-02 -1.387360e+00 -9.913923e-01 1.052155e-01 7.791698e-02 5.249426e+01
8.672241e-02 5.081287e-02 9.949358e-01 3.269891e+01 1.000496e-01 9.932051e-01 -5.944518e-02 -1.422074e+00 -9.911959e-01 1.046981e-01 8.104933e-02 5.255588e+01
9.002864e-02 5.426428e-02 9.944598e-01 3.337162e+01 9.985123e-02 9.929917e-01 -6.322373e-02 -1.460905e+00 -9.909211e-01 1.049900e-01 8.397934e-02 5.261970e+01
9.306573e-02 5.641249e-02 9.940606e-01 3.405580e+01 1.004445e-01 9.927682e-01 -6.574294e-02 -1.501679e+00 -9.905805e-01 1.059663e-01 8.672638e-02 5.268771e+01
9.572082e-02 5.888709e-02 9.936649e-01 3.474362e+01 9.414915e-02 9.932378e-01 -6.793127e-02 -1.542584e+00 -9.909457e-01 1.000551e-01 8.952937e-02 5.276510e+01
9.888287e-02 5.824487e-02 9.933930e-01 3.544263e+01 9.086043e-02 9.935869e-01 -6.730054e-02 -1.584073e+00 -9.909423e-01 9.691499e-02 9.295658e-02 5.283781e+01
1.014545e-01 5.886599e-02 9.930971e-01 3.615244e+01 9.234974e-02 9.933802e-01 -6.831720e-02 -1.630680e+00 -9.905446e-01 9.864334e-02 9.534660e-02 5.291998e+01
1.045853e-01 5.990157e-02 9.927103e-01 3.687552e+01 9.070949e-02 9.934491e-01 -6.950270e-02 -1.680165e+00 -9.903705e-01 9.731721e-02 9.846658e-02 5.300358e+01
1.086310e-01 6.080557e-02 9.922207e-01 3.759616e+01 8.800786e-02 9.936200e-01 -7.052665e-02 -1.724073e+00 -9.901787e-01 9.498460e-02 1.025865e-01 5.308618e+01
1.119103e-01 5.901326e-02 9.919645e-01 3.831034e+01 8.543527e-02 9.939675e-01 -6.877096e-02 -1.769708e+00 -9.900388e-01 9.244493e-02 1.061934e-01 5.318067e+01
1.159658e-01 5.889699e-02 9.915055e-01 3.905144e+01 8.541694e-02 9.939509e-01 -6.903256e-02 -1.822371e+00 -9.895736e-01 9.269678e-02 1.102335e-01 5.327337e+01
1.212289e-01 6.248716e-02 9.906558e-01 3.979110e+01 8.285745e-02 9.938965e-01 -7.283104e-02 -1.872524e+00 -9.891603e-01 9.091244e-02 1.153115e-01 5.336888e+01
1.280857e-01 7.112595e-02 9.892094e-01 4.054053e+01 8.235424e-02 9.932175e-01 -8.207762e-02 -1.922336e+00 -9.883379e-01 9.197856e-02 1.213595e-01 5.346250e+01
1.353834e-01 7.619153e-02 9.878594e-01 4.126686e+01 8.047923e-02 9.928986e-01 -8.760965e-02 -1.973607e+00 -9.875193e-01 9.136306e-02 1.282901e-01 5.356607e+01
1.415978e-01 7.931497e-02 9.867417e-01 4.196965e+01 7.486877e-02 9.930721e-01 -9.056751e-02 -2.035351e+00 -9.870890e-01 8.670030e-02 1.346786e-01 5.368691e+01
1.479208e-01 7.774049e-02 9.859391e-01 4.266910e+01 7.100218e-02 9.934987e-01 -8.898905e-02 -2.095020e+00 -9.864472e-01 8.316716e-02 1.414394e-01 5.380550e+01
1.547860e-01 7.597453e-02 9.850224e-01 4.337406e+01 7.089113e-02 9.936144e-01 -8.777703e-02 -2.156095e+00 -9.854013e-01 8.341602e-02 1.484117e-01 5.392432e+01
1.621069e-01 7.236877e-02 9.841159e-01 4.408406e+01 7.076657e-02 9.938866e-01 -8.474418e-02 -2.215774e+00 -9.842324e-01 8.338012e-02 1.559945e-01 5.404415e+01
1.696895e-01 6.738606e-02 9.831910e-01 4.480664e+01 6.873895e-02 9.944204e-01 -8.001940e-02 -2.268861e+00 -9.830974e-01 8.116197e-02 1.641106e-01 5.417155e+01
1.763060e-01 6.011826e-02 9.824978e-01 4.553257e+01 6.619509e-02 9.951495e-01 -7.277090e-02 -2.323742e+00 -9.821071e-01 7.786648e-02 1.714713e-01 5.431368e+01
1.853086e-01 5.702046e-02 9.810247e-01 4.627948e+01 6.664517e-02 9.952873e-01 -7.043826e-02 -2.385782e+00 -9.804178e-01 7.843337e-02 1.806352e-01 5.444170e+01
1.927218e-01 5.859648e-02 9.795023e-01 4.703110e+01 6.686717e-02 9.951108e-01 -7.268666e-02 -2.443396e+00 -9.789725e-01 7.950485e-02 1.878614e-01 5.458920e+01
1.990824e-01 6.514733e-02 9.778149e-01 4.775488e+01 6.811829e-02 9.944546e-01 -8.012479e-02 -2.493099e+00 -9.776124e-01 8.255852e-02 1.935407e-01 5.473357e+01
2.046535e-01 6.855474e-02 9.764308e-01 4.845138e+01 6.763209e-02 9.941700e-01 -8.397544e-02 -2.546456e+00 -9.764952e-01 8.322392e-02 1.988239e-01 5.487774e+01
2.097549e-01 7.175497e-02 9.751175e-01 4.911998e+01 6.642595e-02 9.939535e-01 -8.742975e-02 -2.601957e+00 -9.754950e-01 8.311192e-02 2.037202e-01 5.502247e+01
2.152429e-01 7.172567e-02 9.739230e-01 4.977064e+01 6.370523e-02 9.941435e-01 -8.729408e-02 -2.655827e+00 -9.744805e-01 8.083341e-02 2.094130e-01 5.516897e+01
2.204854e-01 6.857708e-02 9.729765e-01 5.042080e+01 6.729352e-02 9.940790e-01 -8.531376e-02 -2.712164e+00 -9.730662e-01 8.428545e-02 2.145652e-01 5.531426e+01
2.250680e-01 6.168649e-02 9.723884e-01 5.106870e+01 6.793641e-02 9.945714e-01 -7.881823e-02 -2.764871e+00 -9.719717e-01 8.380003e-02 2.196554e-01 5.546171e+01
2.283250e-01 5.592670e-02 9.719773e-01 5.173096e+01 6.533857e-02 9.952177e-01 -7.261247e-02 -2.818982e+00 -9.713900e-01 8.008685e-02 2.235790e-01 5.562394e+01
2.316727e-01 5.245533e-02 9.713785e-01 5.240865e+01 6.199938e-02 9.957189e-01 -6.855652e-02 -2.872665e+00 -9.708161e-01 7.610754e-02 2.274287e-01 5.579289e+01
2.353023e-01 5.291652e-02 9.704806e-01 5.309763e+01 6.056476e-02 9.957779e-01 -6.898038e-02 -2.920169e+00 -9.700334e-01 7.500817e-02 2.311039e-01 5.595917e+01
2.374432e-01 5.524792e-02 9.698291e-01 5.377361e+01 5.824353e-02 9.957754e-01 -7.098575e-02 -2.969520e+00 -9.696538e-01 7.334135e-02 2.332222e-01 5.613059e+01
2.395889e-01 6.004206e-02 9.690160e-01 5.444371e+01 5.507734e-02 9.956380e-01 -7.530946e-02 -3.015252e+00 -9.693109e-01 7.141414e-02 2.352369e-01 5.629721e+01
2.423654e-01 6.373020e-02 9.680896e-01 5.509860e+01 5.516816e-02 9.953203e-01 -7.933440e-02 -3.066313e+00 -9.686152e-01 7.263563e-02 2.377153e-01 5.645611e+01
2.447131e-01 6.882836e-02 9.671495e-01 5.573949e+01 5.541972e-02 9.948537e-01 -8.482254e-02 -3.119817e+00 -9.680104e-01 7.435634e-02 2.396393e-01 5.661943e+01
2.458054e-01 7.082716e-02 9.667281e-01 5.635252e+01 5.542718e-02 9.946680e-01 -8.696738e-02 -3.171815e+00 -9.677332e-01 7.496007e-02 2.405690e-01 5.677992e+01
2.468774e-01 7.101038e-02 9.664414e-01 5.695347e+01 5.233395e-02 9.948791e-01 -8.646857e-02 -3.223638e+00 -9.676325e-01 7.192483e-02 2.418969e-01 5.694202e+01
2.480264e-01 6.792786e-02 9.663688e-01 5.755566e+01 5.337668e-02 9.950651e-01 -8.364453e-02 -3.276121e+00 -9.672817e-01 7.232761e-02 2.431767e-01 5.709162e+01
2.487843e-01 6.569943e-02 9.663281e-01 5.815724e+01 5.396705e-02 9.952065e-01 -8.155684e-02 -3.326878e+00 -9.670542e-01 7.243994e-02 2.440462e-01 5.724623e+01
2.481820e-01 6.483182e-02 9.665415e-01 5.874916e+01 5.423623e-02 9.952630e-01 -8.068475e-02 -3.375944e+00 -9.671940e-01 7.244607e-02 2.434901e-01 5.740192e+01
2.469716e-01 6.409344e-02 9.669008e-01 5.933761e+01 5.459933e-02 9.953046e-01 -7.992234e-02 -3.425780e+00 -9.674833e-01 7.253068e-02 2.423125e-01 5.754954e+01
2.453552e-01 6.485925e-02 9.672611e-01 5.990399e+01 5.392345e-02 9.953016e-01 -8.041770e-02 -3.475930e+00 -9.679324e-01 7.188896e-02 2.407050e-01 5.769330e+01
2.427921e-01 6.761585e-02 9.677190e-01 6.045214e+01 5.291840e-02 9.951594e-01 -8.280989e-02 -3.525571e+00 -9.686339e-01 7.131573e-02 2.380387e-01 5.783568e+01
2.405235e-01 7.138066e-02 9.680151e-01 6.098610e+01 5.382854e-02 9.947767e-01 -8.672885e-02 -3.575167e+00 -9.691496e-01 7.296716e-02 2.354248e-01 5.796772e+01
2.385407e-01 7.187241e-02 9.684692e-01 6.150093e+01 5.571729e-02 9.946020e-01 -8.753535e-02 -3.619070e+00 -9.695328e-01 7.484122e-02 2.332486e-01 5.809367e+01
2.364404e-01 7.063097e-02 9.690754e-01 6.199786e+01 5.476227e-02 9.948004e-01 -8.586713e-02 -3.661935e+00 -9.701016e-01 7.337123e-02 2.313431e-01 5.821467e+01
2.339206e-01 6.772642e-02 9.698940e-01 6.250534e+01 5.485560e-02 9.950624e-01 -8.271406e-02 -3.703842e+00 -9.707070e-01 7.255264e-02 2.290504e-01 5.833832e+01
2.322244e-01 6.371325e-02 9.705733e-01 6.301305e+01 5.636845e-02 9.952937e-01 -7.882303e-02 -3.747698e+00 -9.710275e-01 7.301434e-02 2.275401e-01 5.845292e+01
2.300407e-01 6.297818e-02 9.711411e-01 6.350955e+01 5.881345e-02 9.951802e-01 -7.846864e-02 -3.791104e+00 -9.714022e-01 7.516714e-02 2.252279e-01 5.857011e+01
2.274455e-01 6.462152e-02 9.716443e-01 6.399139e+01 6.129469e-02 9.948670e-01 -8.051406e-02 -3.829461e+00 -9.718598e-01 7.786920e-02 2.223171e-01 5.868560e+01
2.248352e-01 6.683184e-02 9.721022e-01 6.448122e+01 6.527868e-02 9.943706e-01 -8.346094e-02 -3.864530e+00 -9.722077e-01 8.222251e-02 2.192068e-01 5.879447e+01
2.233018e-01 6.863842e-02 9.723297e-01 6.496604e+01 6.524145e-02 9.942284e-01 -8.516741e-02 -3.902532e+00 -9.725636e-01 8.245424e-02 2.175349e-01 5.890351e+01
2.212542e-01 7.143579e-02 9.725963e-01 6.543626e+01 6.373650e-02 9.941220e-01 -8.751613e-02 -3.943711e+00 -9.731311e-01 8.135320e-02 2.154006e-01 5.901889e+01
2.193956e-01 6.999983e-02 9.731216e-01 6.590541e+01 6.491764e-02 9.941650e-01 -8.614958e-02 -3.983248e+00 -9.734738e-01 8.207360e-02 2.135712e-01 5.912795e+01
2.219925e-01 6.790155e-02 9.726812e-01 6.637601e+01 7.334349e-02 9.935832e-01 -8.609969e-02 -4.018139e+00 -9.722860e-01 9.045333e-02 2.155879e-01 5.920691e+01
2.248406e-01 6.619388e-02 9.721446e-01 6.685230e+01 7.847935e-02 9.932184e-01 -8.577976e-02 -4.049567e+00 -9.712300e-01 9.558004e-02 2.181209e-01 5.930353e+01
2.271649e-01 6.544335e-02 9.716549e-01 6.733346e+01 8.186677e-02 9.929245e-01 -8.601569e-02 -4.087004e+00 -9.704092e-01 9.908600e-02 2.202000e-01 5.940781e+01
2.302407e-01 6.533786e-02 9.709378e-01 6.780159e+01 7.825010e-02 9.932695e-01 -8.539627e-02 -4.131279e+00 -9.699826e-01 9.563767e-02 2.235783e-01 5.952708e+01
2.347025e-01 6.634827e-02 9.698003e-01 6.826916e+01 7.565028e-02 9.933954e-01 -8.627072e-02 -4.173097e+00 -9.691191e-01 9.361362e-02 2.281331e-01 5.965451e+01
2.413271e-01 6.516662e-02 9.682533e-01 6.874879e+01 7.649659e-02 9.933608e-01 -8.592242e-02 -4.212517e+00 -9.674241e-01 9.480349e-02 2.347399e-01 5.977381e+01
2.496876e-01 6.554448e-02 9.661056e-01 6.923126e+01 7.547085e-02 9.933543e-01 -8.689839e-02 -4.246491e+00 -9.653809e-01 9.461026e-02 2.430815e-01 5.989486e+01
2.579274e-01 6.317903e-02 9.640964e-01 6.972208e+01 7.601699e-02 9.934393e-01 -8.543897e-02 -4.288610e+00 -9.631692e-01 9.532476e-02 2.514326e-01 6.003369e+01
2.660169e-01 6.361455e-02 9.618670e-01 7.022032e+01 7.112918e-02 9.938047e-01 -8.539849e-02 -4.332431e+00 -9.613406e-01 9.113425e-02 2.598440e-01 6.018711e+01
2.754282e-01 6.345157e-02 9.592253e-01 7.071360e+01 6.983803e-02 9.938620e-01 -8.579577e-02 -4.372975e+00 -9.587815e-01 9.062099e-02 2.693063e-01 6.033804e+01
2.843936e-01 6.783411e-02 9.563048e-01 7.121453e+01 6.345840e-02 9.939742e-01 -8.937790e-02 -4.415671e+00 -9.566051e-01 8.610408e-02 2.783753e-01 6.050557e+01
2.931654e-01 7.045603e-02 9.534621e-01 7.172064e+01 5.908387e-02 9.940396e-01 -9.162129e-02 -4.458278e+00 -9.542343e-01 8.319443e-02 2.872552e-01 6.067793e+01
3.032856e-01 7.333060e-02 9.500739e-01 7.222710e+01 5.490390e-02 9.940334e-01 -9.425017e-02 -4.503797e+00 -9.513167e-01 8.074749e-02 2.974499e-01 6.085373e+01
3.131221e-01 7.520312e-02 9.467307e-01 7.273322e+01 5.333310e-02 9.938944e-01 -9.658896e-02 -4.551737e+00 -9.482142e-01 8.073622e-02 3.071995e-01 6.103271e+01
3.231440e-01 7.609936e-02 9.432851e-01 7.324873e+01 5.038307e-02 9.939645e-01 -9.744778e-02 -4.598204e+00 -9.450077e-01 7.901527e-02 3.173595e-01 6.121521e+01
3.336274e-01 7.623156e-02 9.396177e-01 7.376377e+01 4.997371e-02 9.938935e-01 -9.837899e-02 -4.645559e+00 -9.413795e-01 7.977812e-02 3.277805e-01 6.140264e+01
3.437036e-01 7.732920e-02 9.358889e-01 7.428641e+01 4.590948e-02 9.940285e-01 -9.899325e-02 -4.690776e+00 -9.379553e-01 7.699051e-02 3.381010e-01 6.160541e+01
3.546423e-01 7.222553e-02 9.322083e-01 7.482300e+01 4.687488e-02 9.943849e-01 -9.487557e-02 -4.739094e+00 -9.338263e-01 7.734404e-02 3.492654e-01 6.180892e+01
3.656525e-01 6.494924e-02 9.284826e-01 7.538757e+01 5.092629e-02 9.946718e-01 -8.963497e-02 -4.790259e+00 -9.293572e-01 8.005942e-02 3.603966e-01 6.202434e+01
3.769809e-01 6.026835e-02 9.242582e-01 7.596270e+01 5.276624e-02 9.948627e-01 -8.639426e-02 -4.844232e+00 -9.247168e-01 8.133861e-02 3.718641e-01 6.225397e+01
3.873361e-01 5.734657e-02 9.201533e-01 7.656274e+01 5.159471e-02 9.951511e-01 -8.373931e-02 -4.894347e+00 -9.204937e-01 7.991030e-02 3.824992e-01 6.251082e+01
3.962981e-01 5.510899e-02 9.164665e-01 7.719220e+01 5.689119e-02 9.948048e-01 -8.442050e-02 -4.944573e+00 -9.163576e-01 8.559455e-02 3.911040e-01 6.278455e+01
4.047900e-01 4.987152e-02 9.130487e-01 7.782890e+01 6.308758e-02 9.946092e-01 -8.229560e-02 -4.987990e+00 -9.122308e-01 9.091447e-02 3.994615e-01 6.305969e+01
4.114018e-01 4.012252e-02 9.105706e-01 7.849026e+01 7.221810e-02 9.944548e-01 -7.644733e-02 -5.041457e+00 -9.085885e-01 9.721025e-02 4.062229e-01 6.335003e+01
4.186017e-01 3.549595e-02 9.074760e-01 7.918401e+01 7.797991e-02 9.941407e-01 -7.485652e-02 -5.094161e+00 -9.048159e-01 1.021000e-01 4.133810e-01 6.365810e+01
4.253898e-01 3.569272e-02 9.043061e-01 7.987840e+01 7.841034e-02 9.940110e-01 -7.611793e-02 -5.160310e+00 -9.016071e-01 1.032867e-01 4.200434e-01 6.398837e+01
4.319946e-01 4.224325e-02 9.008863e-01 8.057618e+01 7.973957e-02 9.932014e-01 -8.480883e-02 -5.215838e+00 -8.983442e-01 1.084732e-01 4.256892e-01 6.433146e+01
4.400825e-01 4.516275e-02 8.968209e-01 8.125704e+01 8.554234e-02 9.920837e-01 -9.193689e-02 -5.272543e+00 -8.938735e-01 1.171760e-01 4.327354e-01 6.464208e+01
4.467241e-01 4.618757e-02 8.934788e-01 8.192861e+01 8.581167e-02 9.918503e-01 -9.417716e-02 -5.334619e+00 -8.905470e-01 1.187421e-01 4.391200e-01 6.496031e+01
4.515659e-01 4.726679e-02 8.909849e-01 8.258331e+01 7.971248e-02 9.924654e-01 -9.304995e-02 -5.405427e+00 -8.886699e-01 1.130408e-01 4.443958e-01 6.529502e+01
4.559503e-01 5.054119e-02 8.885690e-01 8.324082e+01 7.407790e-02 9.927669e-01 -9.447939e-02 -5.477932e+00 -8.869170e-01 1.089012e-01 4.489084e-01 6.563663e+01
4.598697e-01 5.402375e-02 8.863415e-01 8.391785e+01 7.285114e-02 9.924875e-01 -9.829161e-02 -5.548696e+00 -8.849930e-01 1.097723e-01 4.524793e-01 6.599318e+01
4.635806e-01 5.880270e-02 8.841014e-01 8.454709e+01 6.857821e-02 9.924212e-01 -1.019663e-01 -5.617283e+00 -8.833969e-01 1.078997e-01 4.560346e-01 6.633218e+01
4.662477e-01 6.278387e-02 8.824235e-01 8.515971e+01 6.375258e-02 9.925003e-01 -1.043008e-01 -5.689969e+00 -8.823541e-01 1.048868e-01 4.587484e-01 6.667704e+01
4.704137e-01 6.064081e-02 8.803599e-01 8.576757e+01 6.360817e-02 9.927108e-01 -1.023683e-01 -5.762417e+00 -8.801505e-01 1.041535e-01 4.631275e-01 6.699886e+01
4.751712e-01 5.683378e-02 8.780559e-01 8.636738e+01 6.599714e-02 9.927987e-01 -9.997591e-02 -5.829805e+00 -8.774148e-01 1.054549e-01 4.679985e-01 6.731094e+01
4.789412e-01 5.398056e-02 8.761857e-01 8.697906e+01 6.637283e-02 9.930238e-01 -9.745955e-02 -5.895412e+00 -8.753342e-01 1.048323e-01 4.720172e-01 6.763961e+01
4.829056e-01 5.290815e-02 8.740726e-01 8.756616e+01 6.527081e-02 9.932215e-01 -9.618097e-02 -5.963971e+00 -8.732365e-01 1.034978e-01 4.761789e-01 6.796278e+01
4.863381e-01 5.470241e-02 8.720567e-01 8.814338e+01 6.269607e-02 9.932811e-01 -9.727161e-02 -6.033524e+00 -8.715185e-01 1.019814e-01 4.796408e-01 6.829102e+01
4.892042e-01 5.510188e-02 8.704269e-01 8.871900e+01 6.350806e-02 9.931024e-01 -9.856108e-02 -6.099431e+00 -8.698540e-01 1.034956e-01 4.823305e-01 6.861366e+01
4.917728e-01 5.313287e-02 8.691009e-01 8.927845e+01 6.570782e-02 9.930258e-01 -9.788923e-02 -6.159085e+00 -8.682408e-01 1.052460e-01 4.848518e-01 6.892215e+01
4.939156e-01 5.131897e-02 8.679941e-01 8.983991e+01 6.901138e-02 9.927940e-01 -9.796721e-02 -6.219845e+00 -8.667669e-01 1.082890e-01 4.868148e-01 6.923062e+01
4.959726e-01 5.168377e-02 8.667987e-01 9.036889e+01 6.694886e-02 9.929797e-01 -9.751484e-02 -6.282493e+00 -8.657535e-01 1.063959e-01 4.890305e-01 6.953484e+01
4.971006e-01 5.154354e-02 8.661606e-01 9.089077e+01 6.723622e-02 9.929445e-01 -9.767592e-02 -6.344564e+00 -8.650840e-01 1.067921e-01 4.901277e-01 6.984698e+01
5.008149e-01 5.231804e-02 8.639718e-01 9.141710e+01 6.866288e-02 9.926245e-01 -9.991017e-02 -6.399564e+00 -8.628266e-01 1.093593e-01 4.935289e-01 7.013417e+01
5.026867e-01 5.300723e-02 8.628420e-01 9.191121e+01 6.974814e-02 9.923773e-01 -1.015999e-01 -6.461307e+00 -8.616503e-01 1.112545e-01 4.951577e-01 7.043470e+01
5.057832e-01 5.288865e-02 8.610378e-01 9.240036e+01 7.039397e-02 9.922598e-01 -1.022991e-01 -6.518885e+00 -8.597837e-01 1.123530e-01 4.981453e-01 7.072144e+01
5.099343e-01 5.054388e-02 8.587271e-01 9.288834e+01 7.424050e-02 9.919616e-01 -1.024719e-01 -6.574381e+00 -8.570037e-01 1.160063e-01 5.020829e-01 7.099244e+01
5.133414e-01 4.935088e-02 8.567643e-01 9.336931e+01 7.561741e-02 9.918609e-01 -1.024398e-01 -6.631831e+00 -8.548466e-01 1.173729e-01 5.054315e-01 7.127447e+01
5.167473e-01 4.857215e-02 8.547590e-01 9.383687e+01 7.705919e-02 9.916981e-01 -1.029402e-01 -6.686847e+00 -8.526630e-01 1.190611e-01 5.087144e-01 7.155138e+01
5.203919e-01 4.766046e-02 8.525965e-01 9.432715e+01 7.787906e-02 9.916313e-01 -1.029669e-01 -6.743882e+00 -8.503688e-01 1.199826e-01 5.123251e-01 7.184569e+01
