1.000000e+00 0.000000e+00 0.000000e+00 0.000000e+00 0.000000e+00 1.000000e+00 0.000000e+00 0.000000e+00 0.000000e+00 0.000000e+00 1.000000e+00 0.000000e+00
9.999999e-01 -2.619373e-04 -2.289439e-04 -5.239669e-03 2.623606e-04 9.999983e-01 1.850842e-03 -2.264626e-02 2.284587e-04 -1.850902e-03 9.999983e-01 1.232560e+00
9.999997e-01 -8.044178e-04 -1.311457e-04 -1.898427e-02 8.046917e-04 9.999975e-01 2.102063e-03 -4.494041e-02 1.294544e-04 -2.102168e-03 9.999978e-01 2.479543e+00
9.999984e-01 -1.750200e-03 -2.691227e-04 -2.562541e-02 1.750521e-03 9.999978e-01 1.198144e-03 -6.458787e-02 2.670251e-04 -1.198613e-03 9.999992e-01 3.730313e+00
9.999979e-01 -2.058256e-03 1.186572e-04 -3.508222e-02 2.058109e-03 9.999971e-01 1.227428e-03 -8.308896e-02 -1.211833e-04 -1.227181e-03 9.999992e-01 4.996631e+00
9.999879e-01 -4.926334e-03 -2.518595e-05 -3.514104e-02 4.926374e-03 9.999859e-01 1.977993e-03 -1.036527e-01 1.544134e-05 -1.978093e-03 9.999980e-01 6.256823e+00
9.999714e-01 -7.524291e-03 -7.596069e-04 -3.218212e-02 7.526674e-03 9.999666e-01 3.184498e-03 -1.220579e-01 7.356204e-04 -3.190124e-03 9.999946e-01 7.472264e+00
9.999847e-01 -5.503042e-03 -4.661296e-04 -5.229217e-02 5.504842e-03 9.999770e-01 3.952540e-03 -1.467315e-01 4.443679e-04 -3.955045e-03 9.999921e-01 8.761928e+00
9.999950e-01 -3.143359e-03 -2.015022e-04 -7.062582e-02 3.143775e-03 9.999929e-01 2.100979e-03 -1.639604e-01 1.948966e-04 -2.101602e-03 9.999978e-01 1.001376e+01
1.000000e+00 1.196288e-04 -9.300788e-05 -8.488357e-02 -1.196402e-04 1.000000e+00 -1.227150e-04 -1.814204e-01 9.299320e-05 1.227262e-04 1.000000e+00 1.125559e+01
9.999940e-01 3.467476e-03 -1.663967e-07 -9.801967e-02 -3.467474e-03 9.999934e-01 -1.093762e-03 -2.013387e-01 -3.626198e-06 1.093756e-03 9.999994e-01 1.250501e+01
9.999863e-01 5.233794e-03 -1.551636e-04 -1.049713e-01 -5.233992e-03 9.999854e-01 -1.306155e-03 -2.185972e-01 1.483252e-04 1.306949e-03 9.999991e-01 1.369464e+01
9.999802e-01 6.285936e-03 8.547917e-05 -1.171113e-01 -6.285902e-03 9.999802e-01 -3.980998e-04 -2.389455e-01 -8.797990e-05 3.975547e-04 9.999999e-01 1.488815e+01
9.999875e-01 4.893013e-03 9.805222e-04 -1.263658e-01 -4.895256e-03 9.999854e-01 2.297855e-03 -2.561598e-01 -9.692644e-04 -2.302627e-03 9.999969e-01 1.611022e+01
9.999951e-01 2.422989e-03 1.961609e-03 -1.388838e-01 -2.431150e-03 9.999884e-01 4.168680e-03 -2.749598e-01 -1.951485e-03 -4.173429e-03 9.999894e-01 1.732438e+01
9.999983e-01 6.005304e-04 1.743351e-03 -1.413072e-01 -6.039843e-04 9.999979e-01 1.981359e-03 -2.941035e-01 -1.742158e-03 -1.982409e-03 9.999965e-01 1.855468e+01
9.999985e-01 -8.581111e-04 1.529920e-03 -1.424437e-01 8.582567e-04 9.999996e-01 -9.449136e-05 -3.096212e-01 -1.529838e-03 9.580428e-05 9.999988e-01 1.975397e+01
9.999956e-01 1.744644e-03 2.413243e-03 -1.551756e-01 -1.740244e-03 9.999968e-01 -1.823810e-03 -3.286856e-01 -2.416417e-03 1.819603e-03 9.999954e-01 2.097283e+01
9.999869e-01 4.271294e-03 2.810838e-03 -1.577843e-01 -4.271130e-03 9.999909e-01 -6.448498e-05 -3.437027e-01 -2.811087e-03 5.247869e-05 9.999960e-01 2.216732e+01
9.999791e-01 5.232301e-03 3.785122e-03 -1.675663e-01 -5.246118e-03 9.999796e-01 3.649596e-03 -3.633888e-01 -3.765949e-03 -3.669377e-03 9.999862e-01 2.339848e+01
9.999856e-01 3.375810e-03 4.164680e-03 -1.664491e-01 -3.399440e-03 9.999781e-01 5.680003e-03 -3.777243e-01 -4.145414e-03 -5.694079e-03 9.999752e-01 2.464832e+01
9.999956e-01 -7.051432e-04 2.880792e-03 -1.522208e-01 6.938370e-04 9.999921e-01 3.923784e-03 -3.963557e-01 -2.883536e-03 -3.921768e-03 9.999882e-01 2.598527e+01
9.999920e-01 -1.511493e-03 3.703465e-03 -1.637332e-01 1.505163e-03 9.999974e-01 1.711252e-03 -4.125235e-01 -3.706042e-03 -1.705664e-03 9.999917e-01 2.726855e+01
9.999874e-01 -3.113218e-03 3.941497e-03 -1.609355e-01 3.115743e-03 9.999949e-01 -6.344935e-04 -4.331891e-01 -3.939502e-03 6.467662e-04 9.999920e-01 2.848836e+01
9.999854e-01 1.416444e-03 5.221900e-03 -1.756196e-01 -1.408114e-03 9.999977e-01 -1.598603e-03 -4.516241e-01 -5.224152e-03 1.591227e-03 9.999851e-01 2.970077e+01
9.999779e-01 3.126501e-03 5.863732e-03 -1.844831e-01 -3.104134e-03 9.999879e-01 -3.819790e-03 -4.724194e-01 -5.875604e-03 3.801504e-03 9.999755e-01 3.090362e+01
9.999793e-01 3.212607e-03 5.578952e-03 -1.824913e-01 -3.192651e-03 9.999885e-01 -3.582255e-03 -4.925619e-01 -5.590396e-03 3.564369e-03 9.999780e-01 3.209390e+01
9.999666e-01 5.575775e-03 5.976348e-03 -1.931614e-01 -5.563586e-03 9.999824e-01 -2.054195e-03 -5.194844e-01 -5.987697e-03 2.020877e-03 9.999800e-01 3.327026e+01
9.999802e-01 4.249338e-03 4.649849e-03 -1.762860e-01 -4.246801e-03 9.999908e-01 -5.555309e-04 -5.391413e-01 -4.652167e-03 5.357729e-04 9.999890e-01 3.453748e+01
9.999766e-01 5.276519e-03 4.362341e-03 -1.762917e-01 -5.274409e-03 9.999860e-01 -4.952255e-04 -5.577864e-01 -4.364893e-03 4.722051e-04 9.999904e-01 3.580851e+01
9.999711e-01 6.430016e-03 4.066049e-03 -1.757022e-01 -6.425952e-03 9.999788e-01 -1.011729e-03 -5.771170e-01 -4.072469e-03 9.855714e-04 9.999912e-01 3.710758e+01
9.999610e-01 7.955811e-03 3.826094e-03 -1.774110e-01 -7.955177e-03 9.999683e-01 -1.808458e-04 -6.038201e-01 -3.827411e-03 1.504015e-04 9.999927e-01 3.836981e+01
9.999614e-01 8.231088e-03 3.059596e-03 -1.769781e-01 -8.230189e-03 9.999661e-01 -3.061437e-04 -6.246647e-01 -3.062012e-03 2.809509e-04 9.999953e-01 3.965747e+01
9.999725e-01 7.008324e-03 2.442235e-03 -1.810901e-01 -7.007212e-03 9.999753e-01 -4.635184e-04 -6.450723e-01 -2.445423e-03 4.463924e-04 9.999969e-01 4.089907e+01
9.999791e-01 6.142661e-03 1.991949e-03 -1.891032e-01 -6.141385e-03 9.999809e-01 -6.458700e-04 -6.684721e-01 -1.995878e-03 6.336232e-04 9.999978e-01 4.217409e+01
9.999866e-01 5.085717e-03 9.982859e-04 -1.940069e-01 -5.085264e-03 9.999870e-01 -4.560357e-04 -6.931641e-01 -1.000592e-03 4.509530e-04 9.999994e-01 4.346964e+01
9.999934e-01 3.576809e-03 -6.666443e-04 -1.929002e-01 -3.576390e-03 9.999934e-01 6.276611e-04 -7.154466e-01 6.688849e-04 -6.252728e-04 9.999996e-01 4.480308e+01
9.999938e-01 1.925585e-03 -2.946040e-03 -1.917634e-01 -1.924596e-03 9.999981e-01 3.385454e-04 -7.381286e-01 2.946686e-03 -3.328734e-04 9.999956e-01 4.610669e+01
9.999888e-01 1.530414e-03 -4.482925e-03 -1.980775e-01 -1.525155e-03 9.999981e-01 1.176191e-03 -7.678730e-01 4.484716e-03 -1.169341e-03 9.999893e-01 4.741368e+01
9.999788e-01 -1.152597e-03 -6.415112e-03 -2.054977e-01 1.163959e-03 9.999978e-01 1.767769e-03 -7.842699e-01 6.413060e-03 -1.775198e-03 9.999779e-01 4.875594e+01
9.999734e-01 -5.639020e-04 -7.277669e-03 -2.168050e-01 5.803396e-04 9.999973e-01 2.256718e-03 -7.967078e-01 7.276377e-03 -2.260881e-03 9.999710e-01 5.008576e+01
9.999698e-01 -1.398104e-03 -7.651105e-03 -2.374293e-01 1.417948e-03 9.999956e-01 2.588845e-03 -8.186992e-01 7.647452e-03 -2.599616e-03 9.999674e-01 5.141171e+01
9.999595e-01 -3.878855e-03 -8.122967e-03 -2.492240e-01 3.897868e-03 9.999897e-01 2.326063e-03 -8.448368e-01 8.113861e-03 -2.357631e-03 9.999643e-01 5.273652e+01
9.999574e-01 -4.664448e-03 -7.966642e-03 -2.681413e-01 4.684449e-03 9.999859e-01 2.493768e-03 -8.627526e-01 7.954897e-03 -2.530981e-03 9.999652e-01 5.401420e+01
9.999426e-01 -6.939167e-03 -8.166528e-03 -2.760314e-01 6.961885e-03 9.999720e-01 2.756687e-03 -8.800978e-01 8.147170e-03 -2.813383e-03 9.999629e-01 5.527357e+01
9.999224e-01 -9.585588e-03 -7.951851e-03 -2.859666e-01 9.611067e-03 9.999488e-01 3.172204e-03 -8.984108e-01 7.921036e-03 -3.248383e-03 9.999634e-01 5.655091e+01
9.999052e-01 -1.143931e-02 -7.658820e-03 -2.999731e-01 1.146007e-02 9.999308e-01 2.672579e-03 -9.173918e-01 7.627718e-03 -2.760096e-03 9.999671e-01 5.790111e+01
9.998761e-01 -1.353835e-02 -8.033112e-03 -3.024804e-01 1.355013e-02 9.999072e-01 1.413316e-03 -9.339935e-01 8.013233e-03 -1.521991e-03 9.999667e-01 5.921284e+01
9.998825e-01 -1.313433e-02 -7.900604e-03 -3.125025e-01 1.313934e-02 9.999135e-01 5.828964e-04 -9.490653e-01 7.892265e-03 -6.866366e-04 9.999686e-01 6.048128e+01
9.998577e-01 -1.468158e-02 -8.308830e-03 -3.138076e-01 1.467818e-02 9.998922e-01 -4.691955e-04 -9.674637e-01 8.314823e-03 3.471702e-04 9.999654e-01 6.166537e+01
9.998509e-01 -1.426227e-02 -9.735997e-03 -3.128869e-01 1.426965e-02 9.998979e-01 6.888329e-04 -9.900671e-01 9.725179e-03 -8.276595e-04 9.999524e-01 6.292981e+01
9.998786e-01 -1.244580e-02 -9.371942e-03 -3.328281e-01 1.246252e-02 9.999208e-01 1.727197e-03 -1.008226e+00 9.349704e-03 -1.843786e-03 9.999546e-01 6.422082e+01
9.999184e-01 -8.673354e-03 -9.376933e-03 -3.499577e-01 8.694573e-03 9.999597e-01 2.224454e-03 -1.031587e+00 9.357261e-03 -2.305801e-03 9.999536e-01 6.553495e+01
9.999422e-01 -6.012349e-03 -8.918102e-03 -3.739379e-01 6.030874e-03 9.999797e-01 2.051798e-03 -1.053587e+00 8.905585e-03 -2.105463e-03 9.999581e-01 6.681564e+01
9.999665e-01 -1.962097e-03 -7.950517e-03 -4.027028e-01 1.971739e-03 9.999973e-01 1.205108e-03 -1.075537e+00 7.948131e-03 -1.220744e-03 9.999677e-01 6.813223e+01
9.999756e-01 2.164516e-03 -6.634795e-03 -4.353320e-01 -2.157191e-03 9.999971e-01 1.110932e-03 -1.101367e+00 6.637180e-03 -1.096592e-03 9.999774e-01 6.944270e+01
9.999724e-01 3.510179e-05 -7.435504e-03 -4.419196e-01 -2.512575e-05 9.999991e-01 1.341765e-03 -1.127106e+00 7.435544e-03 -1.341541e-03 9.999715e-01 7.077655e+01
9.999629e-01 -1.924972e-03 -8.394971e-03 -4.467066e-01 1.930775e-03 9.999979e-01 6.832314e-04 -1.146556e+00 8.393638e-03 -6.994149e-04 9.999645e-01 7.214874e+01
9.999559e-01 -3.081738e-03 -8.869426e-03 -4.617427e-01 3.081266e-03 9.999953e-01 -6.691984e-05 -1.179259e+00 8.869590e-03 3.958783e-05 9.999607e-01 7.351255e+01
9.999150e-01 -6.923313e-03 -1.104812e-02 -4.528113e-01 6.921361e-03 9.999760e-01 -2.149479e-04 -1.209991e+00 1.104935e-02 1.384616e-04 9.999389e-01 7.485934e+01
9.999136e-01 -6.750889e-03 -1.127679e-02 -4.763090e-01 6.749717e-03 9.999772e-01 -1.419739e-04 -1.236346e+00 1.127749e-02 6.584647e-05 9.999364e-01 7.618391e+01
9.998963e-01 -8.028105e-03 -1.195539e-02 -4.964625e-01 8.024652e-03 9.999677e-01 -3.367964e-04 -1.263049e+00 1.195771e-02 2.408236e-04 9.999285e-01 7.743461e+01
9.998875e-01 -8.102359e-03 -1.262409e-02 -5.202226e-01 8.101280e-03 9.999672e-01 -1.365878e-04 -1.284181e+00 1.262478e-02 3.430110e-05 9.999203e-01 7.868856e+01
9.998343e-01 -1.065396e-02 -1.475864e-02 -5.294143e-01 1.066659e-02 9.999428e-01 7.766971e-04 -1.312658e+00 1.474952e-02 -9.339927e-04 9.998908e-01 7.995898e+01
9.998127e-01 -1.126193e-02 -1.573995e-02 -5.577683e-01 1.129084e-02 9.999347e-01 1.749120e-03 -1.339876e+00 1.571922e-02 -1.926510e-03 9.998746e-01 8.118414e+01
9.997511e-01 -1.429790e-02 -1.712902e-02 -5.804305e-01 1.434270e-02 9.998940e-01 2.495338e-03 -1.365930e+00 1.709152e-02 -2.740393e-03 9.998502e-01 8.244116e+01
9.996828e-01 -1.727594e-02 -1.832626e-02 -6.040231e-01 1.732330e-02 9.998470e-01 2.428293e-03 -1.386730e+00 1.828151e-02 -2.744994e-03 9.998291e-01 8.368798e+01
9.996584e-01 -1.837515e-02 -1.858796e-02 -6.323639e-01 1.840790e-02 9.998293e-01 1.592493e-03 -1.406844e+00 1.855553e-02 -1.934114e-03 9.998260e-01 8.497718e+01
9.995766e-01 -2.116135e-02 -1.996821e-02 -6.467472e-01 2.118573e-02 9.997750e-01 1.010427e-03 -1.427650e+00 1.994234e-02 -1.433041e-03 9.998001e-01 8.624002e+01
9.995553e-01 -2.177779e-02 -2.037115e-02 -6.757483e-01 2.178779e-02 9.997626e-01 2.689904e-04 -1.450322e+00 2.036045e-02 -7.127130e-04 9.997925e-01 8.749723e+01
9.994799e-01 -2.422129e-02 -2.128866e-02 -6.932310e-01 2.421808e-02 9.997066e-01 -4.088456e-04 -1.474551e+00 2.129232e-02 -1.069374e-04 9.997733e-01 8.880082e+01
9.994752e-01 -2.396960e-02 -2.178784e-02 -7.241937e-01 2.394940e-02 9.997125e-01 -1.187605e-03 -1.500569e+00 2.181004e-02 6.651760e-04 9.997619e-01 9.009720e+01
9.994823e-01 -2.404104e-02 -2.138047e-02 -7.612381e-01 2.402713e-02 9.997109e-01 -9.074038e-04 -1.525076e+00 2.139610e-02 3.932227e-04 9.997710e-01 9.139724e+01
9.993870e-01 -2.676521e-02 -2.256653e-02 -7.804711e-01 2.678753e-02 9.996409e-01 6.869428e-04 -1.553647e+00 2.254004e-02 -1.291023e-03 9.997451e-01 9.269759e+01
9.993137e-01 -2.827979e-02 -2.392551e-02 -7.991951e-01 2.833313e-02 9.995967e-01 1.893329e-03 -1.577491e+00 2.386232e-02 -2.569914e-03 9.997120e-01 9.401482e+01
9.992989e-01 -2.927160e-02 -2.334456e-02 -8.428258e-01 2.929003e-02 9.995709e-01 4.479814e-04 -1.600792e+00 2.332143e-02 -1.131430e-03 9.997274e-01 9.531928e+01
9.992725e-01 -3.010155e-02 -2.341798e-02 -8.769040e-01 3.006022e-02 9.995459e-01 -2.115004e-03 -1.623595e+00 2.347101e-02 1.409516e-03 9.997235e-01 9.659559e+01
9.992307e-01 -3.143445e-02 -2.344798e-02 -9.133533e-01 3.136293e-02 9.995022e-01 -3.411928e-03 -1.650349e+00 2.354356e-02 2.673906e-03 9.997192e-01 9.783886e+01
9.991391e-01 -3.400213e-02 -2.376645e-02 -9.429316e-01 3.395520e-02 9.994205e-01 -2.375435e-03 -1.675773e+00 2.383345e-02 1.566395e-03 9.997147e-01 9.909605e+01
9.991198e-01 -3.512074e-02 -2.293941e-02 -9.839487e-01 3.512322e-02 9.993829e-01 -2.949696e-04 -1.702421e+00 2.293561e-02 -5.109960e-04 9.997368e-01 1.003430e+02
9.989836e-01 -3.859925e-02 -2.327806e-02 -1.002052e+00 3.861867e-02 9.992539e-01 3.851187e-04 -1.730704e+00 2.324583e-02 -1.283695e-03 9.997290e-01 1.016004e+02
9.990023e-01 -3.907582e-02 -2.162305e-02 -1.044595e+00 3.905922e-02 9.992362e-01 -1.189683e-03 -1.753148e+00 2.165302e-02 3.439162e-04 9.997655e-01 1.028569e+02
9.990665e-01 -3.770410e-02 -2.108536e-02 -1.077560e+00 3.763553e-02 9.992849e-01 -3.639886e-03 -1.778449e+00 2.120752e-02 2.842930e-03 9.997711e-01 1.041606e+02
9.991321e-01 -3.661137e-02 -1.986685e-02 -1.112955e+00 3.650857e-02 9.993181e-01 -5.512699e-03 -1.808806e+00 2.005513e-02 4.782604e-03 9.997874e-01 1.053695e+02
9.992590e-01 -3.390913e-02 -1.820967e-02 -1.151830e+00 3.381775e-02 9.994139e-01 -5.303272e-03 -1.838151e+00 1.837883e-02 4.683532e-03 9.998201e-01 1.065748e+02
9.992947e-01 -3.338808e-02 -1.718791e-02 -1.180886e+00 3.333260e-02 9.994382e-01 -3.504651e-03 -1.861630e+00 1.729526e-02 2.929262e-03 9.998461e-01 1.078054e+02
9.993302e-01 -3.284529e-02 -1.613292e-02 -1.211158e+00 3.283002e-02 9.994602e-01 -1.210437e-03 -1.887799e+00 1.616397e-02 6.799819e-04 9.998691e-01 1.090300e+02
9.993641e-01 -3.238443e-02 -1.491895e-02 -1.241891e+00 3.237300e-02 9.994753e-01 -1.006884e-03 -1.910147e+00 1.494373e-02 5.232722e-04 9.998882e-01 1.102923e+02
9.994131e-01 -3.115722e-02 -1.423549e-02 -1.266748e+00 3.113201e-02 9.995133e-01 -1.989293e-03 -1.930595e+00 1.429054e-02 1.544946e-03 9.998967e-01 1.115368e+02
9.995342e-01 -2.774900e-02 -1.270407e-02 -1.295113e+00 2.771584e-02 9.996120e-01 -2.778918e-03 -1.951228e+00 1.277625e-02 2.425520e-03 9.999154e-01 1.127612e+02
9.996380e-01 -2.447264e-02 -1.117565e-02 -1.328012e+00 2.444055e-02 9.996968e-01 -2.998535e-03 -1.976286e+00 1.124564e-02 2.724310e-03 9.999331e-01 1.140184e+02
9.996022e-01 -2.621198e-02 -1.040974e-02 -1.344742e+00 2.617152e-02 9.996494e-01 -4.003902e-03 -2.002497e+00 1.051104e-02 3.729870e-03 9.999378e-01 1.152541e+02
9.996965e-01 -2.294858e-02 -8.953930e-03 -1.371074e+00 2.290726e-02 9.997266e-01 -4.690686e-03 -2.032629e+00 9.059126e-03 4.484153e-03 9.999489e-01 1.164458e+02
9.997040e-01 -2.314733e-02 -7.488647e-03 -1.391860e+00 2.311217e-02 9.997216e-01 -4.747625e-03 -2.057626e+00 7.596457e-03 4.573141e-03 9.999607e-01 1.176585e+02
9.997548e-01 -2.113916e-02 -6.599612e-03 -1.409469e+00 2.111532e-02 9.997703e-01 -3.660700e-03 -2.084218e+00 6.675481e-03 3.520450e-03 9.999715e-01 1.188605e+02
9.997569e-01 -2.145136e-02 -5.097275e-03 -1.428800e+00 2.143734e-02 9.997663e-01 -2.789054e-03 -2.108779e+00 5.155913e-03 2.679104e-03 9.999831e-01 1.201084e+02
9.997605e-01 -2.152393e-02 -3.965973e-03 -1.451912e+00 2.151532e-02 9.997661e-01 -2.201215e-03 -2.140007e+00 4.012424e-03 2.115358e-03 9.999897e-01 1.213993e+02
9.998009e-01 -1.983139e-02 -2.196589e-03 -1.489990e+00 1.982714e-02 9.998015e-01 -1.941971e-03 -2.167565e+00 2.234665e-03 1.898032e-03 9.999957e-01 1.226893e+02
9.997722e-01 -2.123774e-02 -2.120052e-03 -1.503092e+00 2.123551e-02 9.997739e-01 -1.065224e-03 -2.195446e+00 2.142196e-03 1.019961e-03 9.999972e-01 1.239519e+02
9.997655e-01 -2.152840e-02 -2.348549e-03 -1.515271e+00 2.152547e-02 9.997675e-01 -1.265718e-03 -2.223259e+00 2.375251e-03 1.214868e-03 9.999964e-01 1.252140e+02
9.997655e-01 -2.144119e-02 -3.033995e-03 -1.532621e+00 2.143611e-02 9.997688e-01 -1.697345e-03 -2.244594e+00 3.069687e-03 1.631910e-03 9.999940e-01 1.265085e+02
9.997229e-01 -2.311930e-02 -4.428546e-03 -1.542241e+00 2.311598e-02 9.997325e-01 -7.994417e-04 -2.269517e+00 4.445843e-03 6.968500e-04 9.999899e-01 1.278020e+02
9.996222e-01 -2.648467e-02 -7.356117e-03 -1.522493e+00 2.648324e-02 9.996492e-01 -2.917764e-04 -2.306203e+00 7.361265e-03 9.685234e-05 9.999729e-01 1.291349e+02
9.997013e-01 -2.354643e-02 -6.553696e-03 -1.566771e+00 2.354552e-02 9.997227e-01 -2.157415e-04 -2.331574e+00 6.556959e-03 6.136681e-05 9.999785e-01 1.304438e+02
9.996751e-01 -2.430695e-02 -7.672935e-03 -1.583856e+00 2.430155e-02 9.997044e-01 -7.965239e-04 -2.355202e+00 7.690027e-03 6.098009e-04 9.999702e-01 1.317083e+02
9.996210e-01 -2.594793e-02 -9.193863e-03 -1.595395e+00 2.593695e-02 9.996627e-01 -1.311854e-03 -2.380325e+00 9.224802e-03 1.072896e-03 9.999569e-01 1.329862e+02
9.995942e-01 -2.691325e-02 -9.336616e-03 -1.620042e+00 2.687724e-02 9.996309e-01 -3.960628e-03 -2.404854e+00 9.439763e-03 3.708078e-03 9.999486e-01 1.342718e+02
9.993444e-01 -3.432937e-02 -1.149852e-02 -1.619033e+00 3.428055e-02 9.994025e-01 -4.416744e-03 -2.432432e+00 1.164327e-02 4.019673e-03 9.999241e-01 1.355282e+02
9.990472e-01 -4.184987e-02 -1.238424e-02 -1.634450e+00 4.182016e-02 9.991216e-01 -2.648566e-03 -2.450444e+00 1.248420e-02 2.128132e-03 9.999198e-01 1.367846e+02
9.987516e-01 -4.789321e-02 -1.419378e-02 -1.643238e+00 4.788102e-02 9.988523e-01 -1.198017e-03 -2.472180e+00 1.423487e-02 5.169086e-04 9.998985e-01 1.380262e+02
9.985035e-01 -5.238230e-02 -1.571102e-02 -1.647581e+00 5.231843e-02 9.986205e-01 -4.449591e-03 -2.500832e+00 1.592243e-02 3.620957e-03 9.998667e-01 1.392928e+02
9.985287e-01 -5.218311e-02 -1.474499e-02 -1.677141e+00 5.207228e-02 9.986128e-01 -7.803332e-03 -2.524183e+00 1.513173e-02 7.024045e-03 9.998608e-01 1.405055e+02
9.985941e-01 -5.095765e-02 -1.459785e-02 -1.688832e+00 5.081523e-02 9.986583e-01 -9.966602e-03 -2.558196e+00 1.508614e-02 9.210797e-03 9.998438e-01 1.417011e+02
9.986616e-01 -4.995843e-02 -1.338570e-02 -1.715973e+00 4.982443e-02 9.987063e-01 -1.016419e-02 -2.590643e+00 1.387617e-02 9.483647e-03 9.998587e-01 1.428980e+02
9.983041e-01 -5.641674e-02 -1.435350e-02 -1.715129e+00 5.631819e-02 9.983871e-01 -7.180145e-03 -2.616300e+00 1.473543e-02 6.359605e-03 9.998712e-01 1.441209e+02
9.980145e-01 -6.129163e-02 -1.450538e-02 -1.726618e+00 6.123615e-02 9.981143e-01 -4.238478e-03 -2.649514e+00 1.473781e-02 3.341809e-03 9.998858e-01 1.454383e+02
9.977484e-01 -6.541588e-02 -1.479287e-02 -1.738231e+00 6.537651e-02 9.978558e-01 -3.129982e-03 -2.672901e+00 1.496590e-02 2.155828e-03 9.998857e-01 1.466505e+02
9.974977e-01 -6.918105e-02 -1.457330e-02 -1.754048e+00 6.914218e-02 9.976018e-01 -3.155346e-03 -2.702391e+00 1.475664e-02 2.139821e-03 9.998888e-01 1.479575e+02
9.976912e-01 -6.663325e-02 -1.312387e-02 -1.785223e+00 6.660177e-02 9.977756e-01 -2.822069e-03 -2.725030e+00 1.328272e-02 1.941480e-03 9.999099e-01 1.492814e+02
9.980153e-01 -6.194865e-02 -1.130780e-02 -1.820913e+00 6.191324e-02 9.980756e-01 -3.455020e-03 -2.756345e+00 1.150007e-02 2.748060e-03 9.999301e-01 1.506593e+02
9.981840e-01 -5.915422e-02 -1.137474e-02 -1.830730e+00 5.908639e-02 9.982336e-01 -6.210280e-03 -2.778004e+00 1.172201e-02 5.526910e-03 9.999160e-01 1.520112e+02
9.982658e-01 -5.776426e-02 -1.133974e-02 -1.844568e+00 5.769333e-02 9.983133e-01 -6.486104e-03 -2.809507e+00 1.169528e-02 5.820629e-03 9.999147e-01 1.532434e+02
9.984201e-01 -5.527843e-02 -1.007829e-02 -1.878024e+00 5.522588e-02 9.984592e-01 -5.419261e-03 -2.837188e+00 1.036233e-02 4.854116e-03 9.999345e-01 1.545333e+02
9.985681e-01 -5.253249e-02 -1.010283e-02 -1.900966e+00 5.247893e-02 9.986069e-01 -5.495600e-03 -2.872453e+00 1.037745e-02 4.957545e-03 9.999339e-01 1.557965e+02
9.986187e-01 -5.156912e-02 -1.006388e-02 -1.923763e+00 5.149339e-02 9.986441e-01 -7.644764e-03 -2.907536e+00 1.044447e-02 7.115982e-03 9.999201e-01 1.571790e+02
9.987482e-01 -4.891921e-02 -1.043732e-02 -1.946152e+00 4.881200e-02 9.987550e-01 -1.029093e-02 -2.941280e+00 1.092775e-02 9.768582e-03 9.998926e-01 1.584071e+02
9.989192e-01 -4.509858e-02 -1.124824e-02 -1.967202e+00 4.496683e-02 9.989199e-01 -1.170323e-02 -2.972743e+00 1.176389e-02 1.118479e-02 9.998682e-01 1.596706e+02
9.990670e-01 -4.153896e-02 -1.181943e-02 -1.984253e+00 4.141394e-02 9.990855e-01 -1.063297e-02 -3.003696e+00 1.225031e-02 1.013356e-02 9.998736e-01 1.608687e+02
9.991854e-01 -3.858583e-02 -1.181454e-02 -2.002867e+00 3.848140e-02 9.992193e-01 -8.942491e-03 -3.035734e+00 1.215037e-02 8.480567e-03 9.998902e-01 1.620816e+02
9.991479e-01 -3.924929e-02 -1.276513e-02 -2.015761e+00 3.917002e-02 9.992121e-01 -6.402099e-03 -3.072948e+00 1.300635e-02 5.896633e-03 9.998980e-01 1.634079e+02
9.990496e-01 -4.146691e-02 -1.342935e-02 -2.034916e+00 4.139733e-02 9.991281e-01 -5.418315e-03 -3.104209e+00 1.364232e-02 4.857226e-03 9.998951e-01 1.647146e+02
9.989694e-01 -4.248263e-02 -1.598109e-02 -2.048555e+00 4.239816e-02 9.990852e-01 -5.588247e-03 -3.130447e+00 1.620387e-02 4.904919e-03 9.998567e-01 1.659970e+02
9.988476e-01 -4.423533e-02 -1.861762e-02 -2.066964e+00 4.405518e-02 9.989793e-01 -9.978211e-03 -3.161225e+00 1.904000e-02 9.146510e-03 9.997769e-01 1.672983e+02
9.987572e-01 -4.512214e-02 -2.116596e-02 -2.080821e+00 4.482488e-02 9.988923e-01 -1.431468e-02 -3.196899e+00 2.178842e-02 1.334813e-02 9.996735e-01 1.685943e+02
9.988689e-01 -4.175950e-02 -2.274072e-02 -2.112888e+00 4.142204e-02 9.990274e-01 -1.511398e-02 -3.235001e+00 2.334976e-02 1.415492e-02 9.996271e-01 1.698582e+02
9.988687e-01 -4.094797e-02 -2.417687e-02 -2.134611e+00 4.060826e-02 9.990717e-01 -1.437890e-02 -3.270532e+00 2.474321e-02 1.338085e-02 9.996043e-01 1.710519e+02
9.988591e-01 -4.077450e-02 -2.485720e-02 -2.161154e+00 4.050912e-02 9.991176e-01 -1.108780e-02 -3.303022e+00 2.528736e-02 1.006820e-02 9.996295e-01 1.722662e+02
9.989708e-01 -3.872825e-02 -2.361081e-02 -2.219266e+00 3.851090e-02 9.992121e-01 -9.591923e-03 -3.327072e+00 2.396369e-02 8.672777e-03 9.996752e-01 1.735042e+02
9.990168e-01 -3.773763e-02 -2.326643e-02 -2.264520e+00 3.753996e-02 9.992557e-01 -8.875412e-03 -3.363363e+00 2.358405e-02 7.993265e-03 9.996899e-01 1.748738e+02
9.989790e-01 -3.882040e-02 -2.310796e-02 -2.302840e+00 3.863268e-02 9.992172e-01 -8.515343e-03 -3.391702e+00 2.342044e-02 7.613927e-03 9.996967e-01 1.761489e+02
9.988897e-01 -4.099823e-02 -2.320769e-02 -2.340974e+00 4.081315e-02 9.991315e-01 -8.393417e-03 -3.420012e+00 2.353165e-02 7.436919e-03 9.996954e-01 1.775430e+02
9.988089e-01 -4.297628e-02 -2.310433e-02 -2.371088e+00 4.278305e-02 9.990457e-01 -8.793692e-03 -3.448734e+00 2.346020e-02 7.794744e-03 9.996944e-01 1.788551e+02
9.985627e-01 -4.765465e-02 -2.452526e-02 -2.379600e+00 4.747296e-02 9.988410e-01 -7.938348e-03 -3.481308e+00 2.487514e-02 6.762652e-03 9.996677e-01 1.801316e+02
9.983959e-01 -5.160848e-02 -2.328576e-02 -2.422353e+00 5.148299e-02 9.986561e-01 -5.957051e-03 -3.519063e+00 2.356190e-02 4.748675e-03 9.997111e-01 1.814738e+02
9.983024e-01 -5.372044e-02 -2.250266e-02 -2.460330e+00 5.360434e-02 9.985458e-01 -5.731890e-03 -3.555857e+00 2.277786e-02 4.515920e-03 9.997304e-01 1.828383e+02
9.984737e-01 -5.068402e-02 -2.193934e-02 -2.499482e+00 5.047058e-02 9.986737e-01 -1.017572e-02 -3.588115e+00 2.242599e-02 9.052901e-03 9.997075e-01 1.841970e+02
9.987381e-01 -4.549344e-02 -2.127482e-02 -2.543722e+00 4.518067e-02 9.988668e-01 -1.495813e-02 -3.628325e+00 2.193121e-02 1.397805e-02 9.996618e-01 1.855136e+02
9.992721e-01 -3.297329e-02 -1.918425e-02 -2.603497e+00 3.268488e-02 9.993508e-01 -1.515815e-02 -3.663173e+00 1.967161e-02 1.452008e-02 9.997011e-01 1.867472e+02
9.995060e-01 -2.585037e-02 -1.787680e-02 -2.648672e+00 2.564321e-02 9.996024e-01 -1.172188e-02 -3.694681e+00 1.817271e-02 1.125767e-02 9.997715e-01 1.880184e+02
9.994980e-01 -2.617817e-02 -1.784315e-02 -2.674028e+00 2.600996e-02 9.996156e-01 -9.595168e-03 -3.729052e+00 1.808748e-02 9.126252e-03 9.997948e-01 1.892964e+02
9.994410e-01 -2.797131e-02 -1.830944e-02 -2.702075e+00 2.781194e-02 9.995735e-01 -8.901801e-03 -3.765458e+00 1.855062e-02 8.387604e-03 9.997927e-01 1.906017e+02
9.993103e-01 -3.149125e-02 -1.967744e-02 -2.726556e+00 3.132006e-02 9.994693e-01 -8.948729e-03 -3.797509e+00 1.994881e-02 8.326258e-03 9.997663e-01 1.919008e+02
9.992934e-01 -3.189880e-02 -1.987642e-02 -2.764388e+00 3.170753e-02 9.994485e-01 -9.864826e-03 -3.829083e+00 2.018014e-02 9.227624e-03 9.997538e-01 1.932548e+02
9.993377e-01 -3.031794e-02 -2.012620e-02 -2.803275e+00 3.011181e-02 9.994917e-01 -1.046756e-02 -3.864652e+00 2.043332e-02 9.854586e-03 9.997427e-01 1.946346e+02
9.994221e-01 -2.747027e-02 -2.002031e-02 -2.845847e+00 2.726422e-02 9.995732e-01 -1.049301e-02 -3.897667e+00 2.030001e-02 9.941113e-03 9.997445e-01 1.959798e+02
9.994534e-01 -2.631554e-02 -2.000864e-02 -2.881756e+00 2.613049e-02 9.996138e-01 -9.454290e-03 -3.936238e+00 2.024971e-02 8.926287e-03 9.997551e-01 1.973330e+02
9.994368e-01 -2.637461e-02 -2.074723e-02 -2.913556e+00 2.617361e-02 9.996084e-01 -9.900749e-03 -3.972830e+00 2.100023e-02 9.352143e-03 9.997357e-01 1.986700e+02
9.994307e-01 -2.627024e-02 -2.117190e-02 -2.952430e+00 2.604413e-02 9.996015e-01 -1.088580e-02 -4.012182e+00 2.144944e-02 1.032819e-02 9.997166e-01 2.000635e+02
9.994011e-01 -2.710228e-02 -2.151411e-02 -2.986815e+00 2.686784e-02 9.995772e-01 -1.111227e-02 -4.049764e+00 2.180619e-02 1.052758e-02 9.997068e-01 2.014043e+02
9.993826e-01 -2.722890e-02 -2.220286e-02 -3.016357e+00 2.698332e-02 9.995722e-01 -1.128642e-02 -4.087638e+00 2.250067e-02 1.068034e-02 9.996898e-01 2.027365e+02
9.994049e-01 -2.644123e-02 -2.215182e-02 -3.058342e+00 2.618880e-02 9.995896e-01 -1.160897e-02 -4.123964e+00 2.244968e-02 1.102193e-02 9.996872e-01 2.040649e+02
9.994669e-01 -2.422374e-02 -2.188965e-02 -3.102482e+00 2.396270e-02 9.996395e-01 -1.210994e-02 -4.159242e+00 2.217511e-02 1.157895e-02 9.996870e-01 2.053963e+02
9.994852e-01 -2.307047e-02 -2.229608e-02 -3.145045e+00 2.278925e-02 9.996585e-01 -1.278619e-02 -4.194084e+00 2.258345e-02 1.227150e-02 9.996696e-01 2.067651e+02
9.994378e-01 -2.439922e-02 -2.299512e-02 -3.175660e+00 2.411206e-02 9.996288e-01 -1.268350e-02 -4.236950e+00 2.329605e-02 1.212191e-02 9.996551e-01 2.081047e+02
9.993899e-01 -2.526666e-02 -2.411171e-02 -3.204467e+00 2.496916e-02 9.996093e-01 -1.256097e-02 -4.277360e+00 2.441966e-02 1.195126e-02 9.996304e-01 2.094534e+02
9.993912e-01 -2.527397e-02 -2.405044e-02 -3.244422e+00 2.498163e-02 9.996113e-01 -1.237928e-02 -4.322750e+00 2.435397e-02 1.177093e-02 9.996341e-01 2.108329e+02
9.993495e-01 -2.663810e-02 -2.430896e-02 -3.280363e+00 2.633325e-02 9.995716e-01 -1.277583e-02 -4.360306e+00 2.463887e-02 1.212739e-02 9.996229e-01 2.122093e+02
9.993331e-01 -2.727376e-02 -2.427785e-02 -3.322229e+00 2.698437e-02 9.995618e-01 -1.216896e-02 -4.404960e+00 2.459910e-02 1.150572e-02 9.996312e-01 2.135823e+02
9.992191e-01 -3.050646e-02 -2.511194e-02 -3.356787e+00 3.021130e-02 9.994709e-01 -1.205045e-02 -4.438858e+00 2.546627e-02 1.128237e-02 9.996120e-01 2.150085e+02
9.992310e-01 -3.028266e-02 -2.490882e-02 -3.402471e+00 2.998900e-02 9.994772e-01 -1.207952e-02 -4.476776e+00 2.526160e-02 1.132324e-02 9.996167e-01 2.163949e+02
9.992624e-01 -2.953335e-02 -2.454575e-02 -3.451347e+00 2.923452e-02 9.994951e-01 -1.244531e-02 -4.517132e+00 2.490091e-02 1.171855e-02 9.996212e-01 2.177878e+02
9.993177e-01 -2.835964e-02 -2.365969e-02 -3.501807e+00 2.804893e-02 9.995172e-01 -1.336265e-02 -4.555324e+00 2.402723e-02 1.268990e-02 9.996308e-01 2.191679e+02
9.993096e-01 -2.879642e-02 -2.347321e-02 -3.537972e+00 2.851023e-02 9.995161e-01 -1.243718e-02 -4.597400e+00 2.381999e-02 1.175936e-02 9.996471e-01 2.205104e+02
9.993132e-01 -2.850443e-02 -2.367836e-02 -3.565792e+00 2.826283e-02 9.995456e-01 -1.047621e-02 -4.639021e+00 2.396622e-02 9.799794e-03 9.996647e-01 2.218684e+02
9.993264e-01 -2.871393e-02 -2.285404e-02 -3.607307e+00 2.849262e-02 9.995445e-01 -9.950979e-03 -4.678450e+00 2.312936e-02 9.293104e-03 9.996893e-01 2.232643e+02
9.993169e-01 -2.919192e-02 -2.266242e-02 -3.640707e+00 2.893794e-02 9.995156e-01 -1.145553e-02 -4.719148e+00 2.298585e-02 1.079191e-02 9.996775e-01 2.246951e+02
9.992150e-01 -3.208539e-02 -2.323447e-02 -3.662747e+00 3.179915e-02 9.994150e-01 -1.258591e-02 -4.762908e+00 2.362470e-02 1.183720e-02 9.996508e-01 2.261189e+02
9.992139e-01 -3.170049e-02 -2.380630e-02 -3.691118e+00 3.141925e-02 9.994331e-01 -1.209630e-02 -4.804217e+00 2.417627e-02 1.133881e-02 9.996434e-01 2.275402e+02
9.992105e-01 -3.226533e-02 -2.317984e-02 -3.738476e+00 3.201055e-02 9.994239e-01 -1.127991e-02 -4.841057e+00 2.353043e-02 1.052900e-02 9.996677e-01 2.289192e+02
9.991626e-01 -3.329477e-02 -2.378203e-02 -3.773150e+00 3.303167e-02 9.993896e-01 -1.137169e-02 -4.874448e+00 2.414614e-02 1.057661e-02 9.996525e-01 2.303293e+02
9.991122e-01 -3.407582e-02 -2.477018e-02 -3.805811e+00 3.379783e-02 9.993619e-01 -1.155630e-02 -4.913286e+00 2.514817e-02 1.070886e-02 9.996264e-01 2.317503e+02
9.991428e-01 -3.312785e-02 -2.482213e-02 -3.849369e+00 3.285560e-02 9.993963e-01 -1.129677e-02 -4.951296e+00 2.518138e-02 1.047154e-02 9.996281e-01 2.331653e+02
9.991766e-01 -3.190753e-02 -2.506249e-02 -3.886048e+00 3.163361e-02 9.994362e-01 -1.125114e-02 -4.990325e+00 2.540736e-02 1.044906e-02 9.996226e-01 2.345748e+02
9.991465e-01 -3.228194e-02 -2.577008e-02 -3.923866e+00 3.201119e-02 9.994286e-01 -1.085080e-02 -5.034470e+00 2.610564e-02 1.001661e-02 9.996090e-01 2.360074e+02
9.990344e-01 -3.524777e-02 -2.622733e-02 -3.961466e+00 3.498116e-02 9.993322e-01 -1.055573e-02 -5.075016e+00 2.658188e-02 9.628074e-03 9.996003e-01 2.374133e+02
9.989842e-01 -3.692750e-02 -2.582431e-02 -4.012553e+00 3.668254e-02 9.992780e-01 -9.896028e-03 -5.111753e+00 2.617110e-02 8.938675e-03 9.996175e-01 2.388081e+02
9.988735e-01 -3.995580e-02 -2.559810e-02 -4.055947e+00 3.973572e-02 9.991692e-01 -9.049735e-03 -5.150854e+00 2.593843e-02 8.022381e-03 9.996314e-01 2.402600e+02
9.988284e-01 -4.102192e-02 -2.567350e-02 -4.095206e+00 4.077270e-02 9.991168e-01 -1.015681e-02 -5.184924e+00 2.606748e-02 9.098133e-03 9.996188e-01 2.415988e+02
9.988926e-01 -3.998990e-02 -2.478865e-02 -4.149694e+00 3.971692e-02 9.991458e-01 -1.140866e-02 -5.221058e+00 2.522371e-02 1.041149e-02 9.996276e-01 2.430202e+02
9.989080e-01 -4.030354e-02 -2.363129e-02 -4.198287e+00 4.008778e-02 9.991507e-01 -9.534174e-03 -5.260169e+00 2.399548e-02 8.576437e-03 9.996753e-01 2.443846e+02
9.988030e-01 -4.280030e-02 -2.368050e-02 -4.239092e+00 4.263449e-02 9.990629e-01 -7.463641e-03 -5.301064e+00 2.397776e-02 6.445101e-03 9.996917e-01 2.457999e+02
9.986704e-01 -4.558759e-02 -2.406756e-02 -4.268977e+00 4.539171e-02 9.989320e-01 -8.623406e-03 -5.331523e+00 2.443497e-02 7.519473e-03 9.996731e-01 2.472169e+02
9.986560e-01 -4.611599e-02 -2.365321e-02 -4.302853e+00 4.590524e-02 9.989018e-01 -9.377288e-03 -5.370382e+00 2.405968e-02 8.278878e-03 9.996762e-01 2.485794e+02
9.986835e-01 -4.604841e-02 -2.260324e-02 -4.346576e+00 4.584610e-02 9.989044e-01 -9.388961e-03 -5.411444e+00 2.301082e-02 8.340330e-03 9.997004e-01 2.499585e+02
9.988576e-01 -4.250967e-02 -2.182793e-02 -4.387500e+00 4.231048e-02 9.990593e-01 -9.507642e-03 -5.449418e+00 2.221156e-02 8.573230e-03 9.997165e-01 2.514282e+02
9.989422e-01 -4.090042e-02 -2.101498e-02 -4.427337e+00 4.069504e-02 9.991205e-01 -1.010949e-02 -5.484628e+00 2.140998e-02 9.243586e-03 9.997280e-01 2.528573e+02
9.988576e-01 -4.281762e-02 -2.121740e-02 -4.451931e+00 4.260272e-02 9.990371e-01 -1.047907e-02 -5.524185e+00 2.164566e-02 9.563177e-03 9.997200e-01 2.543197e+02
9.989562e-01 -4.068063e-02 -2.077581e-02 -4.489299e+00 4.046405e-02 9.991233e-01 -1.074102e-02 -5.563899e+00 2.119455e-02 9.889135e-03 9.997265e-01 2.557325e+02
9.989743e-01 -4.044462e-02 -2.035926e-02 -4.516751e+00 4.021570e-02 9.991245e-01 -1.153107e-02 -5.608448e+00 2.080780e-02 1.070048e-02 9.997262e-01 2.571529e+02
9.990233e-01 -3.975187e-02 -1.929533e-02 -4.555737e+00 3.953224e-02 9.991506e-01 -1.163392e-02 -5.658926e+00 1.974141e-02 1.085977e-02 9.997461e-01 2.585859e+02
9.989246e-01 -4.216906e-02 -1.927120e-02 -4.577435e+00 4.195591e-02 9.990552e-01 -1.133418e-02 -5.696492e+00 1.973095e-02 1.051345e-02 9.997500e-01 2.599771e+02
9.989945e-01 -4.104952e-02 -1.802592e-02 -4.619360e+00 4.087027e-02 9.991124e-01 -1.020236e-02 -5.741947e+00 1.842872e-02 9.455374e-03 9.997855e-01 2.614640e+02
9.990709e-01 -3.960847e-02 -1.698375e-02 -4.663099e+00 3.943522e-02 9.991678e-01 -1.041735e-02 -5.777274e+00 1.738223e-02 9.737912e-03 9.998015e-01 2.628930e+02
9.991268e-01 -3.866215e-02 -1.583831e-02 -4.711866e+00 3.845483e-02 9.991733e-01 -1.319181e-02 -5.819108e+00 1.633524e-02 1.257124e-02 9.997875e-01 2.644036e+02
9.990347e-01 -4.071644e-02 -1.648616e-02 -4.731324e+00 4.046347e-02 9.990624e-01 -1.539803e-02 -5.862999e+00 1.709766e-02 1.471608e-02 9.997455e-01 2.658355e+02
9.990295e-01 -4.060320e-02 -1.707055e-02 -4.765679e+00 4.033599e-02 9.990626e-01 -1.571691e-02 -5.908054e+00 1.769271e-02 1.501310e-02 9.997308e-01 2.673351e+02
9.990123e-01 -4.068488e-02 -1.786738e-02 -4.796902e+00 4.040161e-02 9.990564e-01 -1.593928e-02 -5.951121e+00 1.849901e-02 1.520166e-02 9.997133e-01 2.687763e+02
9.989108e-01 -4.267025e-02 -1.888117e-02 -4.831789e+00 4.235640e-02 9.989626e-01 -1.672181e-02 -6.001334e+00 1.957510e-02 1.590386e-02 9.996819e-01 2.703683e+02
9.988396e-01 -4.373817e-02 -2.015911e-02 -4.857990e+00 4.339860e-02 9.989134e-01 -1.698524e-02 -6.053439e+00 2.088011e-02 1.609066e-02 9.996525e-01 2.719103e+02
9.988103e-01 -4.388473e-02 -2.126254e-02 -4.881925e+00 4.353747e-02 9.989151e-01 -1.652878e-02 -6.107191e+00 2.196483e-02 1.558340e-02 9.996373e-01 2.733242e+02
9.987344e-01 -4.482915e-02 -2.280399e-02 -4.910877e+00 4.446700e-02 9.988803e-01 -1.614802e-02 -6.160901e+00 2.350236e-02 1.511355e-02 9.996095e-01 2.747509e+02
9.986950e-01 -4.503225e-02 -2.409098e-02 -4.946801e+00 4.468909e-02 9.988943e-01 -1.459789e-02 -6.206372e+00 2.472171e-02 1.350223e-02 9.996032e-01 2.761313e+02
9.989697e-01 -3.895194e-02 -2.328722e-02 -5.011513e+00 3.864639e-02 9.991627e-01 -1.343025e-02 -6.257920e+00 2.379086e-02 1.251645e-02 9.996386e-01 2.776346e+02
9.990135e-01 -3.836559e-02 -2.236129e-02 -5.059430e+00 3.807474e-02 9.991865e-01 -1.329061e-02 -6.299872e+00 2.285300e-02 1.242610e-02 9.996616e-01 2.791213e+02
9.990736e-01 -3.718984e-02 -2.165542e-02 -5.094244e+00 3.690304e-02 9.992277e-01 -1.349613e-02 -6.342944e+00 2.214062e-02 1.268448e-02 9.996744e-01 2.805295e+02
9.991242e-01 -3.631135e-02 -2.079327e-02 -5.138328e+00 3.602833e-02 9.992551e-01 -1.382815e-02 -6.385992e+00 2.127990e-02 1.306689e-02 9.996882e-01 2.819972e+02
9.989669e-01 -4.005047e-02 -2.147348e-02 -5.160319e+00 3.973777e-02 9.991006e-01 -1.479623e-02 -6.429858e+00 2.204676e-02 1.392764e-02 9.996599e-01 2.834567e+02
9.990577e-01 -3.870395e-02 -1.963746e-02 -5.214575e+00 3.836861e-02 9.991160e-01 -1.717491e-02 -6.472869e+00 2.028484e-02 1.640526e-02 9.996596e-01 2.849395e+02
9.991029e-01 -3.763806e-02 -1.940840e-02 -5.260544e+00 3.728468e-02 9.991379e-01 -1.825860e-02 -6.522201e+00 2.007889e-02 1.751858e-02 9.996449e-01 2.864175e+02
9.989956e-01 -3.862621e-02 -2.271058e-02 -5.285495e+00 3.819375e-02 9.990863e-01 -1.917747e-02 -6.574634e+00 2.343058e-02 1.829080e-02 9.995581e-01 2.878591e+02
9.989254e-01 -3.872512e-02 -2.546343e-02 -5.317866e+00 3.825315e-02 9.990918e-01 -1.876862e-02 -6.622946e+00 2.616712e-02 1.777439e-02 9.994996e-01 2.892726e+02
9.988914e-01 -3.883520e-02 -2.660598e-02 -5.355574e+00 3.842443e-02 9.991369e-01 -1.578018e-02 -6.668010e+00 2.719584e-02 1.474036e-02 9.995214e-01 2.907491e+02
9.989552e-01 -3.802800e-02 -2.534521e-02 -5.414713e+00 3.771349e-02 9.992069e-01 -1.277399e-02 -6.711469e+00 2.581088e-02 1.180478e-02 9.995971e-01 2.921886e+02
9.990109e-01 -3.721279e-02 -2.433957e-02 -5.470877e+00 3.692648e-02 9.992446e-01 -1.210867e-02 -6.755515e+00 2.477178e-02 1.119792e-02 9.996304e-01 2.936729e+02
9.990274e-01 -3.728391e-02 -2.354231e-02 -5.519917e+00 3.697522e-02 9.992261e-01 -1.341407e-02 -6.799903e+00 2.402422e-02 1.253054e-02 9.996328e-01 2.952371e+02
9.989117e-01 -4.020138e-02 -2.364687e-02 -5.552834e+00 3.988788e-02 9.991118e-01 -1.358339e-02 -6.844081e+00 2.417194e-02 1.262538e-02 9.996281e-01 2.967648e+02
9.990049e-01 -3.826337e-02 -2.291345e-02 -5.603502e+00 3.796329e-02 9.991894e-01 -1.339108e-02 -6.889689e+00 2.340726e-02 1.250789e-02 9.996478e-01 2.983052e+02
9.991647e-01 -3.473983e-02 -2.151665e-02 -5.661153e+00 3.446412e-02 9.993207e-01 -1.305474e-02 -6.943114e+00 2.195555e-02 1.230229e-02 9.996833e-01 2.998563e+02
9.992538e-01 -3.248344e-02 -2.089454e-02 -5.706279e+00 3.219712e-02 9.993849e-01 -1.389642e-02 -6.991768e+00 2.133309e-02 1.321331e-02 9.996851e-01 3.013672e+02
9.993326e-01 -3.058995e-02 -1.996759e-02 -5.747853e+00 3.030350e-02 9.994357e-01 -1.449394e-02 -7.041768e+00 2.039969e-02 1.387918e-02 9.996956e-01 3.028943e+02
9.993298e-01 -3.120290e-02 -1.914090e-02 -5.785021e+00 3.097217e-02 9.994454e-01 -1.223479e-02 -7.095710e+00 1.951204e-02 1.163375e-02 9.997419e-01 3.044159e+02
9.992422e-01 -3.351641e-02 -1.979137e-02 -5.811368e+00 3.329769e-02 9.993818e-01 -1.127911e-02 -7.143001e+00 2.015718e-02 1.061156e-02 9.997405e-01 3.059330e+02
9.992235e-01 -3.409327e-02 -1.975041e-02 -5.852344e+00 3.385524e-02 9.993515e-01 -1.226356e-02 -7.192518e+00 2.015571e-02 1.158538e-02 9.997297e-01 3.074645e+02
9.992133e-01 -3.414057e-02 -2.017747e-02 -5.882299e+00 3.389821e-02 9.993504e-01 -1.223367e-02 -7.240192e+00 2.058203e-02 1.154006e-02 9.997216e-01 3.089760e+02
9.993481e-01 -3.018215e-02 -1.980813e-02 -5.931936e+00 2.990477e-02 9.994525e-01 -1.415350e-02 -7.288419e+00 2.022447e-02 1.355191e-02 9.997036e-01 3.104313e+02
9.993580e-01 -2.936109e-02 -2.052870e-02 -5.966882e+00 2.901031e-02 9.994314e-01 -1.718131e-02 -7.334394e+00 2.102149e-02 1.657474e-02 9.996416e-01 3.119296e+02
9.993174e-01 -2.946987e-02 -2.227693e-02 -5.994579e+00 2.909371e-02 9.994317e-01 -1.702538e-02 -7.379547e+00 2.276600e-02 1.636564e-02 9.996069e-01 3.133699e+02
9.992964e-01 -2.927131e-02 -2.344850e-02 -6.033782e+00 2.895256e-02 9.994853e-01 -1.381969e-02 -7.423740e+00 2.384095e-02 1.313107e-02 9.996295e-01 3.148044e+02
9.992403e-01 -2.943262e-02 -2.554597e-02 -6.069514e+00 2.915664e-02 9.995131e-01 -1.110924e-02 -7.471945e+00 2.586050e-02 1.035596e-02 9.996119e-01 3.163083e+02
9.992424e-01 -2.857161e-02 -2.642655e-02 -6.123110e+00 2.825571e-02 9.995256e-01 -1.225128e-02 -7.522818e+00 2.676406e-02 1.149530e-02 9.995757e-01 3.178646e+02
9.990892e-01 -3.112949e-02 -2.918524e-02 -6.154377e+00 3.073410e-02 9.994309e-01 -1.389964e-02 -7.573395e+00 2.960132e-02 1.299000e-02 9.994774e-01 3.194970e+02
9.990394e-01 -3.083749e-02 -3.113559e-02 -6.202276e+00 3.046860e-02 9.994606e-01 -1.225389e-02 -7.628835e+00 3.149667e-02 1.129346e-02 9.994401e-01 3.209949e+02
9.989235e-01 -3.301369e-02 -3.258828e-02 -6.251627e+00 3.264741e-02 9.993983e-01 -1.170849e-02 -7.678876e+00 3.295522e-02 1.063196e-02 9.994003e-01 3.225255e+02
9.989103e-01 -3.294787e-02 -3.305405e-02 -6.310735e+00 3.256032e-02 9.993954e-01 -1.219530e-02 -7.733804e+00 3.343587e-02 1.110576e-02 9.993792e-01 3.241261e+02
9.989928e-01 -3.133987e-02 -3.211218e-02 -6.385916e+00 3.091344e-02 9.994283e-01 -1.369112e-02 -7.775908e+00 3.252290e-02 1.268463e-02 9.993905e-01 3.257081e+02
9.989604e-01 -3.199555e-02 -3.247277e-02 -6.439039e+00 3.158067e-02 9.994139e-01 -1.320966e-02 -7.837175e+00 3.287639e-02 1.217041e-02 9.993853e-01 3.272438e+02
9.989295e-01 -3.294491e-02 -3.247186e-02 -6.495252e+00 3.252704e-02 9.993822e-01 -1.331406e-02 -7.889131e+00 3.289043e-02 1.224360e-02 9.993840e-01 3.288025e+02
9.988246e-01 -3.482485e-02 -3.371396e-02 -6.533066e+00 3.436948e-02 9.993112e-01 -1.399361e-02 -7.936781e+00 3.417807e-02 1.281844e-02 9.993336e-01 3.303443e+02
