1.000000e+00 0.000000e+00 0.000000e+00 0.000000e+00 0.000000e+00 1.000000e+00 0.000000e+00 0.000000e+00 0.000000e+00 0.000000e+00 1.000000e+00 0.000000e+00
9.999997e-01 5.194878e-04 -5.488531e-04 -1.557319e-02 -5.201352e-04 9.999992e-01 -1.180107e-03 -7.519914e-03 5.482396e-04 1.180392e-03 9.999992e-01 5.509334e-01
9.999987e-01 4.862347e-04 -1.513833e-03 -2.294458e-02 -4.903797e-04 9.999961e-01 -2.738896e-03 -1.953558e-02 1.512496e-03 2.739635e-03 9.999951e-01 1.098668e+00
9.999952e-01 1.291445e-03 -2.831880e-03 -3.630394e-02 -1.303004e-03 9.999908e-01 -4.083624e-03 -3.284550e-02 2.826580e-03 4.087294e-03 9.999877e-01 1.639832e+00
9.999905e-01 -7.987439e-04 -4.281385e-03 -4.340983e-02 7.734006e-04 9.999822e-01 -5.917801e-03 -4.284016e-02 4.286035e-03 5.914433e-03 9.999733e-01 2.172933e+00
9.999905e-01 4.790004e-04 -4.327917e-03 -6.816466e-02 -5.148646e-04 9.999655e-01 -8.289385e-03 -5.149236e-02 4.323797e-03 8.291535e-03 9.999563e-01 2.703649e+00
9.999847e-01 3.271247e-03 -4.469104e-03 -9.247033e-02 -3.311207e-03 9.999543e-01 -8.963465e-03 -6.618253e-02 4.439578e-03 8.978126e-03 9.999498e-01 3.230054e+00
9.999765e-01 2.971692e-03 -6.181547e-03 -9.684486e-02 -3.020931e-03 9.999637e-01 -7.971436e-03 -8.272217e-02 6.157633e-03 7.989923e-03 9.999491e-01 3.767681e+00
9.999558e-01 6.866722e-03 -6.422243e-03 -1.238354e-01 -6.919365e-03 9.999423e-01 -8.211026e-03 -1.025991e-01 6.365490e-03 8.255101e-03 9.999457e-01 4.304404e+00
9.999257e-01 1.048732e-02 -6.219454e-03 -1.525351e-01 -1.055709e-02 9.998805e-01 -1.129212e-02 -1.145455e-01 6.100286e-03 1.135694e-02 9.999169e-01 4.847612e+00
9.998893e-01 1.281454e-02 -7.562491e-03 -1.636207e-01 -1.292924e-02 9.997991e-01 -1.531853e-02 -1.276714e-01 7.364672e-03 1.541461e-02 9.998541e-01 5.388370e+00
9.998398e-01 1.611773e-02 -7.779676e-03 -1.869567e-01 -1.626761e-02 9.996755e-01 -1.960188e-02 -1.348073e-01 7.461214e-03 1.972530e-02 9.997776e-01 5.914597e+00
9.998020e-01 1.748227e-02 -9.506895e-03 -1.930461e-01 -1.766851e-02 9.996464e-01 -1.987242e-02 -1.440322e-01 9.156119e-03 2.003646e-02 9.997573e-01 6.455634e+00
9.997612e-01 1.925699e-02 -1.033420e-02 -2.063466e-01 -1.939272e-02 9.997248e-01 -1.319920e-02 -1.526613e-01 1.007718e-02 1.339646e-02 9.998595e-01 7.013044e+00
9.997460e-01 1.982544e-02 -1.071849e-02 -2.193256e-01 -1.985832e-02 9.997984e-01 -2.970296e-03 -1.617589e-01 1.065744e-02 3.182393e-03 9.999381e-01 7.606687e+00
9.997340e-01 1.978304e-02 -1.185961e-02 -2.255463e-01 -1.973814e-02 9.997976e-01 3.890827e-03 -1.766927e-01 1.193418e-02 -3.655705e-03 9.999221e-01 8.239180e+00
9.997023e-01 1.997485e-02 -1.400781e-02 -2.312060e-01 -1.993997e-02 9.997977e-01 2.625404e-03 -1.886474e-01 1.405742e-02 -2.345308e-03 9.998984e-01 8.890770e+00
9.996219e-01 2.314662e-02 -1.484092e-02 -2.534660e-01 -2.321613e-02 9.997202e-01 -4.528838e-03 -1.985322e-01 1.473194e-02 4.871674e-03 9.998796e-01 9.549622e+00
9.996012e-01 2.281035e-02 -1.664781e-02 -2.640115e-01 -2.299128e-02 9.996778e-01 -1.075894e-02 -1.988327e-01 1.639703e-02 1.113741e-02 9.998035e-01 1.021660e+01
9.996370e-01 1.982355e-02 -1.824507e-02 -2.710329e-01 -1.999657e-02 9.997563e-01 -9.350340e-03 -2.017110e-01 1.805526e-02 9.711784e-03 9.997898e-01 1.087050e+01
9.996577e-01 1.770442e-02 -1.926348e-02 -2.791412e-01 -1.770934e-02 9.998432e-01 -8.504821e-05 -2.107083e-01 1.925896e-02 4.261627e-04 9.998144e-01 1.157173e+01
9.996386e-01 1.866198e-02 -1.934791e-02 -3.011063e-01 -1.852203e-02 9.998012e-01 7.387456e-03 -2.201143e-01 1.948193e-02 -7.026424e-03 9.997855e-01 1.231122e+01
9.996360e-01 1.889862e-02 -1.925388e-02 -3.276938e-01 -1.871104e-02 9.997762e-01 9.876530e-03 -2.258404e-01 1.943623e-02 -9.512675e-03 9.997658e-01 1.310580e+01
9.996709e-01 1.621305e-02 -1.987907e-02 -3.391442e-01 -1.604587e-02 9.998348e-01 8.540479e-03 -2.257025e-01 2.001426e-02 -8.218691e-03 9.997659e-01 1.393194e+01
9.996762e-01 1.669350e-02 -1.920619e-02 -3.646241e-01 -1.657860e-02 9.998438e-01 6.126326e-03 -2.274820e-01 1.930546e-02 -5.805931e-03 9.997968e-01 1.477161e+01
9.996151e-01 2.024869e-02 -1.896412e-02 -3.884246e-01 -2.020268e-02 9.997925e-01 2.614759e-03 -2.316528e-01 1.901313e-02 -2.230626e-03 9.998167e-01 1.562953e+01
9.996967e-01 1.586830e-02 -1.883418e-02 -3.965209e-01 -1.592924e-02 9.998683e-01 -3.090074e-03 -2.406173e-01 1.878267e-02 3.389151e-03 9.998178e-01 1.650227e+01
9.997228e-01 1.449571e-02 -1.855021e-02 -4.119908e-01 -1.467506e-02 9.998465e-01 -9.568935e-03 -2.547446e-01 1.840865e-02 9.838508e-03 9.997821e-01 1.736194e+01
9.997158e-01 1.662285e-02 -1.708712e-02 -4.394975e-01 -1.687945e-02 9.997453e-01 -1.498387e-02 -2.701159e-01 1.683370e-02 1.526804e-02 9.997417e-01 1.822755e+01
9.996927e-01 1.824744e-02 -1.677916e-02 -4.651465e-01 -1.851363e-02 9.997030e-01 -1.584805e-02 -2.887374e-01 1.648500e-02 1.615382e-02 9.997336e-01 1.910424e+01
9.996877e-01 1.848282e-02 -1.681768e-02 -4.847296e-01 -1.873671e-02 9.997109e-01 -1.506650e-02 -3.139710e-01 1.653434e-02 1.537690e-02 9.997451e-01 1.997540e+01
9.996416e-01 2.012928e-02 -1.764983e-02 -5.052414e-01 -2.042787e-02 9.996484e-01 -1.690325e-02 -3.356357e-01 1.730338e-02 1.725774e-02 9.997013e-01 2.088112e+01
9.995929e-01 2.229140e-02 -1.780871e-02 -5.259008e-01 -2.263407e-02 9.995579e-01 -1.927793e-02 -3.583731e-01 1.737110e-02 1.967317e-02 9.996555e-01 2.177615e+01
9.994653e-01 2.766461e-02 -1.743059e-02 -5.611477e-01 -2.801258e-02 9.994066e-01 -2.004581e-02 -3.851454e-01 1.686568e-02 2.052336e-02 9.996471e-01 2.268481e+01
9.993702e-01 3.118446e-02 -1.693140e-02 -5.958814e-01 -3.152213e-02 9.993018e-01 -2.005693e-02 -4.142693e-01 1.629411e-02 2.057801e-02 9.996555e-01 2.360215e+01
9.993372e-01 3.198272e-02 -1.738330e-02 -6.148908e-01 -3.233250e-02 9.992725e-01 -2.022759e-02 -4.447979e-01 1.672372e-02 2.077623e-02 9.996443e-01 2.453182e+01
9.993274e-01 3.200594e-02 -1.789882e-02 -6.347028e-01 -3.236807e-02 9.992694e-01 -2.032226e-02 -4.736551e-01 1.723531e-02 2.088794e-02 9.996333e-01 2.547848e+01
9.992733e-01 3.358348e-02 -1.802732e-02 -6.629843e-01 -3.393552e-02 9.992320e-01 -1.959058e-02 -5.006046e-01 1.735556e-02 2.018812e-02 9.996455e-01 2.643479e+01
9.992197e-01 3.530820e-02 -1.770187e-02 -6.937690e-01 -3.561633e-02 9.992140e-01 -1.740456e-02 -5.342310e-01 1.707343e-02 1.802146e-02 9.996918e-01 2.739896e+01
9.992109e-01 3.543361e-02 -1.794686e-02 -7.172682e-01 -3.572722e-02 9.992284e-01 -1.631215e-02 -5.659188e-01 1.735501e-02 1.694047e-02 9.997059e-01 2.844120e+01
9.992359e-01 3.450466e-02 -1.835768e-02 -7.410813e-01 -3.482550e-02 9.992410e-01 -1.745466e-02 -5.998023e-01 1.774148e-02 1.808064e-02 9.996791e-01 2.950311e+01
9.991225e-01 3.781775e-02 -1.799886e-02 -7.807875e-01 -3.814892e-02 9.991022e-01 -1.842622e-02 -6.345751e-01 1.728586e-02 1.909669e-02 9.996682e-01 3.061604e+01
9.990672e-01 3.928619e-02 -1.792559e-02 -8.155079e-01 -3.960385e-02 9.990583e-01 -1.772363e-02 -6.645495e-01 1.721241e-02 1.841702e-02 9.996822e-01 3.164296e+01
9.991189e-01 3.738144e-02 -1.908258e-02 -8.292683e-01 -3.767094e-02 9.991770e-01 -1.504376e-02 -6.948003e-01 1.850452e-02 1.574936e-02 9.997047e-01 3.266176e+01
9.990895e-01 3.812638e-02 -1.914487e-02 -8.570153e-01 -3.834773e-02 9.992002e-01 -1.133084e-02 -7.247063e-01 1.869755e-02 1.205469e-02 9.997525e-01 3.369412e+01
9.990836e-01 3.805528e-02 -1.958878e-02 -8.847236e-01 -3.824477e-02 9.992243e-01 -9.391340e-03 -7.480881e-01 1.921620e-02 1.013190e-02 9.997640e-01 3.474978e+01
9.991351e-01 3.576443e-02 -2.121443e-02 -9.020096e-01 -3.596236e-02 9.993124e-01 -9.022822e-03 -7.735373e-01 2.087715e-02 9.777939e-03 9.997342e-01 3.579881e+01
9.991453e-01 3.508927e-02 -2.185198e-02 -9.314532e-01 -3.533271e-02 9.993166e-01 -1.085576e-02 -7.960807e-01 2.145612e-02 1.161857e-02 9.997023e-01 3.686459e+01
9.990966e-01 3.576771e-02 -2.294849e-02 -9.612278e-01 -3.603649e-02 9.992854e-01 -1.140767e-02 -8.229484e-01 2.252407e-02 1.222435e-02 9.996716e-01 3.793155e+01
9.990851e-01 3.616351e-02 -2.283117e-02 -1.003106e+00 -3.640694e-02 9.992836e-01 -1.033817e-02 -8.494431e-01 2.244095e-02 1.115992e-02 9.996859e-01 3.903521e+01
9.990890e-01 3.497036e-02 -2.446095e-02 -1.026884e+00 -3.518377e-02 9.993460e-01 -8.349090e-03 -8.782111e-01 2.415298e-02 9.202112e-03 9.996659e-01 4.011243e+01
9.990433e-01 3.539796e-02 -2.568141e-02 -1.055880e+00 -3.556451e-02 9.993490e-01 -6.057630e-03 -9.048293e-01 2.545027e-02 6.965181e-03 9.996518e-01 4.120593e+01
9.990089e-01 3.506390e-02 -2.741846e-02 -1.080077e+00 -3.523925e-02 9.993613e-01 -5.938547e-03 -9.382991e-01 2.719272e-02 6.898867e-03 9.996064e-01 4.229874e+01
9.989472e-01 3.605806e-02 -2.835860e-02 -1.114946e+00 -3.634858e-02 9.992912e-01 -9.796393e-03 -9.658432e-01 2.798526e-02 1.081687e-02 9.995498e-01 4.338072e+01
9.988873e-01 3.731478e-02 -2.883978e-02 -1.151225e+00 -3.772504e-02 9.991927e-01 -1.381469e-02 -9.947985e-01 2.830101e-02 1.488730e-02 9.994886e-01 4.445767e+01
9.988604e-01 3.831027e-02 -2.846403e-02 -1.192717e+00 -3.872187e-02 9.991512e-01 -1.405222e-02 -1.025966e+00 2.790152e-02 1.513838e-02 9.994960e-01 4.550774e+01
9.988448e-01 3.865091e-02 -2.855279e-02 -1.228014e+00 -3.898754e-02 9.991755e-01 -1.132848e-02 -1.056692e+00 2.809139e-02 1.242860e-02 9.995281e-01 4.655480e+01
9.988153e-01 3.992329e-02 -2.782184e-02 -1.270564e+00 -4.019613e-02 9.991484e-01 -9.317087e-03 -1.085391e+00 2.742618e-02 1.042438e-02 9.995695e-01 4.760573e+01
9.988836e-01 3.815856e-02 -2.784655e-02 -1.307248e+00 -3.840520e-02 9.992271e-01 -8.376543e-03 -1.112088e+00 2.750539e-02 9.436644e-03 9.995771e-01 4.869284e+01
9.988650e-01 3.950329e-02 -2.661219e-02 -1.356773e+00 -3.976426e-02 9.991653e-01 -9.349538e-03 -1.142733e+00 2.622064e-02 1.039714e-02 9.996021e-01 4.979956e+01
9.988397e-01 4.029552e-02 -2.637283e-02 -1.393817e+00 -4.060671e-02 9.991105e-01 -1.137218e-02 -1.170073e+00 2.589112e-02 1.242990e-02 9.995875e-01 5.089419e+01
9.988367e-01 4.043431e-02 -2.627554e-02 -1.426970e+00 -4.080038e-02 9.990755e-01 -1.354802e-02 -1.202681e+00 2.570344e-02 1.460431e-02 9.995629e-01 5.197585e+01
9.988537e-01 3.935768e-02 -2.724449e-02 -1.452592e+00 -3.979769e-02 9.990828e-01 -1.580061e-02 -1.241449e+00 2.659763e-02 1.686676e-02 9.995039e-01 5.305814e+01
9.989131e-01 3.777218e-02 -2.731043e-02 -1.485726e+00 -3.830986e-02 9.990768e-01 -1.944013e-02 -1.277509e+00 2.655092e-02 2.046526e-02 9.994380e-01 5.413441e+01
9.989435e-01 3.781328e-02 -2.611648e-02 -1.531195e+00 -3.837347e-02 9.990366e-01 -2.129226e-02 -1.313673e+00 2.528619e-02 2.227194e-02 9.994321e-01 5.516182e+01
9.989911e-01 3.691443e-02 -2.557457e-02 -1.567406e+00 -3.740539e-02 9.991197e-01 -1.899230e-02 -1.353895e+00 2.485097e-02 1.992976e-02 9.994925e-01 5.622017e+01
9.990077e-01 3.709374e-02 -2.464948e-02 -1.605471e+00 -3.742767e-02 9.992118e-01 -1.322639e-02 -1.388624e+00 2.413943e-02 1.413584e-02 9.996087e-01 5.731707e+01
9.990589e-01 3.518349e-02 -2.536540e-02 -1.626324e+00 -3.537276e-02 9.993493e-01 -7.051711e-03 -1.423619e+00 2.510079e-02 7.942318e-03 9.996534e-01 5.844688e+01
9.991004e-01 3.455463e-02 -2.458568e-02 -1.667954e+00 -3.472002e-02 9.993770e-01 -6.332261e-03 -1.454951e+00 2.435155e-02 7.180179e-03 9.996777e-01 5.958382e+01
9.992124e-01 3.097226e-02 -2.480383e-02 -1.696070e+00 -3.120698e-02 9.994712e-01 -9.132376e-03 -1.487585e+00 2.450786e-02 9.899236e-03 9.996506e-01 6.076662e+01
9.992697e-01 2.942715e-02 -2.437497e-02 -1.732951e+00 -2.974331e-02 9.994767e-01 -1.271144e-02 -1.512530e+00 2.398815e-02 1.342715e-02 9.996221e-01 6.192033e+01
9.992326e-01 3.015095e-02 -2.500101e-02 -1.764246e+00 -3.057482e-02 9.993921e-01 -1.674907e-02 -1.549525e+00 2.448081e-02 1.750062e-02 9.995471e-01 6.301988e+01
9.992091e-01 3.126403e-02 -2.457067e-02 -1.803803e+00 -3.177830e-02 9.992779e-01 -2.082625e-02 -1.589442e+00 2.390181e-02 2.159059e-02 9.994811e-01 6.410615e+01
9.990845e-01 3.557911e-02 -2.375424e-02 -1.843966e+00 -3.609240e-02 9.991163e-01 -2.154076e-02 -1.625216e+00 2.296685e-02 2.237838e-02 9.994857e-01 6.514599e+01
9.990029e-01 3.874751e-02 -2.217676e-02 -1.886709e+00 -3.917286e-02 9.990503e-01 -1.907768e-02 -1.651002e+00 2.141649e-02 1.992739e-02 9.995720e-01 6.614584e+01
9.989376e-01 4.032727e-02 -2.230389e-02 -1.913772e+00 -4.071593e-02 9.990218e-01 -1.725488e-02 -1.685113e+00 2.158622e-02 1.814467e-02 9.996023e-01 6.718346e+01
9.990004e-01 3.826928e-02 -2.310134e-02 -1.934622e+00 -3.866387e-02 9.991096e-01 -1.688289e-02 -1.716251e+00 2.243467e-02 1.775920e-02 9.995906e-01 6.823811e+01
9.990144e-01 3.834172e-02 -2.236230e-02 -1.976458e+00 -3.870685e-02 9.991204e-01 -1.612976e-02 -1.754953e+00 2.172419e-02 1.697944e-02 9.996198e-01 6.932110e+01
9.990698e-01 3.672464e-02 -2.260371e-02 -2.004319e+00 -3.707093e-02 9.991986e-01 -1.509636e-02 -1.787336e+00 2.203119e-02 1.592025e-02 9.996305e-01 7.039420e+01
9.991187e-01 3.476919e-02 -2.351239e-02 -2.026292e+00 -3.508988e-02 9.992948e-01 -1.336672e-02 -1.818194e+00 2.303106e-02 1.417998e-02 9.996342e-01 7.149205e+01
9.991254e-01 3.432546e-02 -2.388029e-02 -2.060675e+00 -3.461435e-02 9.993312e-01 -1.179087e-02 -1.853880e+00 2.345960e-02 1.260715e-02 9.996453e-01 7.256583e+01
9.992140e-01 3.044861e-02 -2.538421e-02 -2.080175e+00 -3.079096e-02 9.994386e-01 -1.320670e-02 -1.887222e+00 2.496783e-02 1.397792e-02 9.995905e-01 7.364547e+01
9.991576e-01 3.189085e-02 -2.582752e-02 -2.119214e+00 -3.233580e-02 9.993325e-01 -1.699698e-02 -1.925039e+00 2.526823e-02 1.781781e-02 9.995219e-01 7.473605e+01
9.991167e-01 3.273673e-02 -2.634474e-02 -2.157626e+00 -3.324033e-02 9.992685e-01 -1.891022e-02 -1.961827e+00 2.570641e-02 1.976922e-02 9.994740e-01 7.579313e+01
9.990598e-01 3.404967e-02 -2.683673e-02 -2.195650e+00 -3.452192e-02 9.992536e-01 -1.733463e-02 -1.999622e+00 2.622646e-02 1.824479e-02 9.994895e-01 7.681337e+01
9.990011e-01 3.556332e-02 -2.705651e-02 -2.238252e+00 -3.592631e-02 9.992692e-01 -1.305029e-02 -2.035101e+00 2.657263e-02 1.400930e-02 9.995487e-01 7.787650e+01
9.989500e-01 3.673235e-02 -2.738043e-02 -2.276785e+00 -3.699051e-02 9.992752e-01 -8.982253e-03 -2.071867e+00 2.703065e-02 9.985638e-03 9.995847e-01 7.896001e+01
9.989095e-01 3.742704e-02 -2.791004e-02 -2.315195e+00 -3.766823e-02 9.992569e-01 -8.166601e-03 -2.106162e+00 2.758365e-02 9.209018e-03 9.995771e-01 8.007277e+01
9.988703e-01 3.758691e-02 -2.907616e-02 -2.350773e+00 -3.788956e-02 9.992326e-01 -9.928898e-03 -2.143309e+00 2.868065e-02 1.101936e-02 9.995279e-01 8.117384e+01
9.988811e-01 3.612724e-02 -3.051896e-02 -2.381533e+00 -3.646827e-02 9.992776e-01 -1.069255e-02 -2.173695e+00 3.011062e-02 1.179356e-02 9.994770e-01 8.224154e+01
9.988747e-01 3.549699e-02 -3.145319e-02 -2.418600e+00 -3.585985e-02 9.992958e-01 -1.104841e-02 -2.205028e+00 3.103885e-02 1.216388e-02 9.994442e-01 8.328455e+01
9.989050e-01 3.358331e-02 -3.257285e-02 -2.452273e+00 -3.394867e-02 9.993660e-01 -1.072939e-02 -2.238022e+00 3.219187e-02 1.182345e-02 9.994118e-01 8.431437e+01
9.989118e-01 3.254937e-02 -3.340206e-02 -2.491557e+00 -3.286971e-02 9.994183e-01 -9.086597e-03 -2.271542e+00 3.308686e-02 1.017463e-02 9.994007e-01 8.532128e+01
9.989358e-01 3.015945e-02 -3.489482e-02 -2.519682e+00 -3.040304e-02 9.995168e-01 -6.471196e-03 -2.302513e+00 3.468279e-02 7.525218e-03 9.993700e-01 8.634583e+01
9.989069e-01 2.860060e-02 -3.697427e-02 -2.552684e+00 -2.881386e-02 9.995710e-01 -5.247867e-03 -2.337893e+00 3.680832e-02 6.307501e-03 9.993024e-01 8.738629e+01
9.988574e-01 2.645862e-02 -3.979783e-02 -2.588906e+00 -2.667879e-02 9.996315e-01 -5.011206e-03 -2.366237e+00 3.965058e-02 6.067238e-03 9.991952e-01 8.837724e+01
9.987395e-01 2.456174e-02 -4.377351e-02 -2.627306e+00 -2.482683e-02 9.996765e-01 -5.522641e-03 -2.399529e+00 4.362370e-02 6.602437e-03 9.990262e-01 8.934460e+01
9.985719e-01 2.316584e-02 -4.814117e-02 -2.666826e+00 -2.348238e-02 9.997061e-01 -6.019916e-03 -2.430980e+00 4.798756e-02 7.141788e-03 9.988224e-01 9.027262e+01
9.983967e-01 2.034820e-02 -5.281984e-02 -2.703620e+00 -2.066358e-02 9.997717e-01 -5.431652e-03 -2.460514e+00 5.269726e-02 6.514390e-03 9.985893e-01 9.120456e+01
9.981983e-01 2.119714e-02 -5.613193e-02 -2.760465e+00 -2.147442e-02 9.997600e-01 -4.341120e-03 -2.484880e+00 5.602644e-02 5.538700e-03 9.984139e-01 9.209162e+01
9.980069e-01 2.174185e-02 -5.924113e-02 -2.819817e+00 -2.195334e-02 9.997547e-01 -2.921366e-03 -2.513528e+00 5.916308e-02 4.216084e-03 9.982394e-01 9.297872e+01
9.977748e-01 2.181114e-02 -6.300629e-02 -2.873535e+00 -2.192961e-02 9.997588e-01 -1.189382e-03 -2.539104e+00 6.296515e-02 2.568439e-03 9.980124e-01 9.384243e+01
9.975589e-01 2.483629e-02 -6.526338e-02 -2.944395e+00 -2.491856e-02 9.996894e-01 -4.467751e-04 -2.559261e+00 6.523201e-02 2.071954e-03 9.978680e-01 9.468421e+01
9.973354e-01 2.688533e-02 -6.781767e-02 -3.010365e+00 -2.694141e-02 9.996370e-01 8.782074e-05 -2.583269e+00 6.779541e-02 1.739516e-03 9.976977e-01 9.550599e+01
9.970925e-01 2.787210e-02 -7.092089e-02 -3.071967e+00 -2.801344e-02 9.996070e-01 -9.990037e-04 -2.607388e+00 7.086517e-02 2.982837e-03 9.974814e-01 9.630442e+01
9.968546e-01 2.974158e-02 -7.345963e-02 -3.141744e+00 -3.016506e-02 9.995341e-01 -4.661862e-03 -2.630374e+00 7.328675e-02 6.863113e-03 9.972873e-01 9.707483e+01
9.965691e-01 3.160291e-02 -7.649432e-02 -3.202034e+00 -3.233261e-02 9.994425e-01 -8.319352e-03 -2.652517e+00 7.618876e-02 1.076407e-02 9.970353e-01 9.779016e+01
9.963336e-01 3.221810e-02 -7.925456e-02 -3.257752e+00 -3.317919e-02 9.993906e-01 -1.083939e-02 -2.673960e+00 7.885704e-02 1.342925e-02 9.967955e-01 9.846269e+01
9.962117e-01 3.480588e-02 -7.969200e-02 -3.319945e+00 -3.586056e-02 9.992866e-01 -1.184135e-02 -2.694051e+00 7.922301e-02 1.465429e-02 9.967492e-01 9.909146e+01
9.962001e-01 3.703358e-02 -7.882818e-02 -3.375507e+00 -3.805061e-02 9.992103e-01 -1.143860e-02 -2.715277e+00 7.834232e-02 1.439460e-02 9.968226e-01 9.968427e+01
9.962811e-01 4.166253e-02 -7.541970e-02 -3.431978e+00 -4.253250e-02 9.990454e-01 -9.965131e-03 -2.735765e+00 7.493253e-02 1.313586e-02 9.971021e-01 1.002489e+02
9.965566e-01 4.539476e-02 -6.938427e-02 -3.484316e+00 -4.609903e-02 9.989000e-01 -8.582144e-03 -2.754871e+00 6.891836e-02 1.175114e-02 9.975531e-01 1.007949e+02
9.970229e-01 4.596064e-02 -6.191158e-02 -3.517370e+00 -4.646897e-02 9.988966e-01 -6.795070e-03 -2.771491e+00 6.153096e-02 9.651808e-03 9.980585e-01 1.013243e+02
9.975909e-01 4.629201e-02 -5.166761e-02 -3.545899e+00 -4.659581e-02 9.989028e-01 -4.690244e-03 -2.784217e+00 5.139380e-02 7.086439e-03 9.986533e-01 1.018448e+02
9.982021e-01 4.461617e-02 -4.002340e-02 -3.556325e+00 -4.480209e-02 9.989888e-01 -3.759930e-03 -2.800479e+00 3.981518e-02 5.546302e-03 9.991917e-01 1.023512e+02
9.986230e-01 4.559900e-02 -2.594011e-02 -3.572558e+00 -4.571671e-02 9.989466e-01 -3.962547e-03 -2.815757e+00 2.573210e-02 5.142987e-03 9.996556e-01 1.028321e+02
9.989517e-01 4.453913e-02 -1.057266e-02 -3.569187e+00 -4.459666e-02 9.989912e-01 -5.269397e-03 -2.830833e+00 1.032730e-02 5.735378e-03 9.999302e-01 1.032990e+02
9.989034e-01 4.600572e-02 8.682274e-03 -3.572066e+00 -4.592987e-02 9.989064e-01 -8.741995e-03 -2.847398e+00 -9.074961e-03 8.333633e-03 9.999241e-01 1.037514e+02
9.986154e-01 4.394761e-02 2.891332e-02 -3.536585e+00 -4.355956e-02 9.989539e-01 -1.391732e-02 -2.863808e+00 -2.949470e-02 1.263859e-02 9.994850e-01 1.041887e+02
9.977227e-01 4.171916e-02 5.299869e-02 -3.495495e+00 -4.075247e-02 9.989849e-01 -1.919190e-02 -2.880724e+00 -5.374556e-02 1.698837e-02 9.984101e-01 1.046075e+02
9.960331e-01 3.889194e-02 8.003411e-02 -3.439588e+00 -3.718041e-02 9.990492e-01 -2.276570e-02 -2.894247e+00 -8.084342e-02 1.969969e-02 9.965321e-01 1.050137e+02
9.933196e-01 3.622469e-02 1.095622e-01 -3.370110e+00 -3.372151e-02 9.991281e-01 -2.461499e-02 -2.910750e+00 -1.103584e-01 2.075595e-02 9.936751e-01 1.054020e+02
9.892600e-01 3.453550e-02 1.420283e-01 -3.291974e+00 -3.097003e-02 9.991491e-01 -2.723890e-02 -2.926332e+00 -1.428482e-01 2.254773e-02 9.894877e-01 1.057825e+02
9.835844e-01 3.175487e-02 1.776328e-01 -3.198403e+00 -2.694991e-02 9.992044e-01 -2.939829e-02 -2.945484e+00 -1.784251e-01 2.412851e-02 9.836576e-01 1.061488e+02
9.760643e-01 2.777264e-02 2.157014e-01 -3.082987e+00 -2.165883e-02 9.992953e-01 -3.065654e-02 -2.964001e+00 -2.164009e-01 2.525092e-02 9.759780e-01 1.065039e+02
9.665199e-01 2.507705e-02 2.553634e-01 -2.956067e+00 -1.747935e-02 9.993357e-01 -3.197895e-02 -2.988105e+00 -2.559957e-01 2.644471e-02 9.663161e-01 1.068487e+02
9.546047e-01 2.430411e-02 2.968826e-01 -2.821513e+00 -1.494076e-02 9.993180e-01 -3.376760e-02 -3.010497e+00 -2.975008e-01 2.779905e-02 9.543168e-01 1.071764e+02
9.396133e-01 2.655978e-02 3.412058e-01 -2.678087e+00 -1.554106e-02 9.992669e-01 -3.498685e-02 -3.030185e+00 -3.418849e-01 2.757141e-02 9.393373e-01 1.074952e+02
9.221227e-01 2.733296e-02 3.859309e-01 -2.518844e+00 -1.521957e-02 9.992920e-01 -3.440848e-02 -3.046719e+00 -3.865981e-01 2.585514e-02 9.218858e-01 1.078034e+02
9.026659e-01 2.610728e-02 4.295493e-01 -2.329089e+00 -1.265953e-02 9.993371e-01 -3.413496e-02 -3.061055e+00 -4.301557e-01 2.537458e-02 9.023980e-01 1.081024e+02
8.812538e-01 2.275161e-02 4.720955e-01 -2.109021e+00 -6.617923e-03 9.993368e-01 -3.580727e-02 -3.079225e+00 -4.725970e-01 2.843100e-02 8.808199e-01 1.083788e+02
8.582995e-01 2.045966e-02 5.127410e-01 -1.873667e+00 -7.196541e-04 9.992519e-01 -3.866800e-02 -3.102023e+00 -5.131486e-01 3.281973e-02 8.576721e-01 1.086383e+02
8.329449e-01 2.066228e-02 5.529701e-01 -1.631140e+00 3.483734e-03 9.990870e-01 -4.257948e-02 -3.123765e+00 -5.533450e-01 3.739276e-02 8.321124e-01 1.088875e+02
8.033817e-01 2.489529e-02 5.949437e-01 -1.399305e+00 3.780905e-03 9.988922e-01 -4.690397e-02 -3.144556e+00 -5.954523e-01 3.993122e-02 8.023977e-01 1.091383e+02
7.695966e-01 3.096526e-02 6.377791e-01 -1.163375e+00 1.495904e-03 9.987333e-01 -5.029528e-02 -3.166264e+00 -6.385286e-01 3.966113e-02 7.685754e-01 1.093968e+02
7.335259e-01 3.536055e-02 6.787410e-01 -8.986147e-01 9.588956e-04 9.985909e-01 -5.306014e-02 -3.182299e+00 -6.796608e-01 3.957183e-02 7.324583e-01 1.096313e+02
6.957875e-01 3.517701e-02 7.173857e-01 -6.173746e-01 5.035970e-03 9.985365e-01 -5.384759e-02 -3.202973e+00 -7.182300e-01 4.107921e-02 6.945921e-01 1.098364e+02
6.573032e-01 3.196236e-02 7.529481e-01 -3.096936e-01 1.171609e-02 9.985461e-01 -5.261572e-02 -3.221533e+00 -7.535352e-01 4.340609e-02 6.559731e-01 1.100153e+02
6.136301e-01 3.049396e-02 7.890046e-01 3.618050e-03 1.392556e-02 9.986806e-01 -4.942793e-02 -3.238997e+00 -7.894708e-01 4.131780e-02 6.123959e-01 1.102180e+02
5.687985e-01 2.807821e-02 8.219975e-01 3.473474e-01 1.703082e-02 9.988007e-01 -4.590238e-02 -3.261692e+00 -8.223005e-01 4.010849e-02 5.676382e-01 1.104001e+02
5.238203e-01 2.442664e-02 8.514785e-01 7.132105e-01 2.309834e-02 9.988139e-01 -4.286314e-02 -3.279592e+00 -8.515156e-01 4.212032e-02 5.226348e-01 1.105419e+02
4.747707e-01 1.964856e-02 8.798902e-01 1.110762e+00 2.849189e-02 9.988836e-01 -3.767940e-02 -3.307003e+00 -8.796482e-01 4.295881e-02 4.736809e-01 1.106922e+02
4.258731e-01 1.876828e-02 9.045882e-01 1.494726e+00 3.057344e-02 9.989154e-01 -3.511911e-02 -3.330762e+00 -9.042662e-01 4.261266e-02 4.248374e-01 1.108057e+02
3.771914e-01 2.361739e-02 9.258342e-01 1.898999e+00 2.963774e-02 9.988550e-01 -3.755472e-02 -3.351341e+00 -9.256610e-01 4.160494e-02 3.760595e-01 1.109127e+02
3.284306e-01 2.843537e-02 9.441000e-01 2.303078e+00 3.133111e-02 9.986687e-01 -4.097829e-02 -3.368263e+00 -9.440083e-01 4.303822e-02 3.271025e-01 1.110062e+02
2.839072e-01 3.016792e-02 9.583771e-01 2.717020e+00 3.495221e-02 9.985151e-01 -4.178554e-02 -3.390152e+00 -9.582145e-01 4.536061e-02 2.824312e-01 1.110711e+02
2.443021e-01 2.914469e-02 9.692611e-01 3.177816e+00 4.373202e-02 9.982001e-01 -4.103751e-02 -3.416479e+00 -9.687125e-01 5.241329e-02 2.425879e-01 1.111310e+02
2.107697e-01 2.879646e-02 9.771115e-01 4.009471e+00 5.246929e-02 9.977918e-01 -4.072392e-02 -3.451222e+00 -9.761266e-01 5.985171e-02 2.087933e-01 1.112189e+02
1.825958e-01 2.972238e-02 9.827387e-01 4.906608e+00 5.898566e-02 9.974113e-01 -4.112586e-02 -3.482954e+00 -9.814171e-01 6.547690e-02 1.803699e-01 1.112906e+02
1.554224e-01 2.848516e-02 9.874373e-01 5.876568e+00 5.747364e-02 9.976302e-01 -3.782554e-02 -3.523243e+00 -9.861748e-01 6.263055e-02 1.534170e-01 1.114118e+02
1.309864e-01 2.510983e-02 9.910661e-01 6.398815e+00 5.157395e-02 9.981530e-01 -3.210576e-02 -3.546316e+00 -9.900418e-01 5.531861e-02 1.294495e-01 1.114647e+02
1.080467e-01 2.135909e-02 9.939163e-01 6.947905e+00 4.851322e-02 9.984648e-01 -2.673062e-02 -3.566195e+00 -9.929614e-01 5.110623e-02 1.068446e-01 1.115106e+02
8.689703e-02 1.840604e-02 9.960472e-01 7.505900e+00 5.460589e-02 9.982382e-01 -2.321045e-02 -3.593629e+00 -9.947196e-01 5.640697e-02 8.573886e-02 1.115268e+02
6.692742e-02 1.858769e-02 9.975847e-01 8.581875e+00 6.257369e-02 9.977801e-01 -2.278937e-02 -3.637478e+00 -9.957938e-01 6.394779e-02 6.561575e-02 1.115564e+02
4.997944e-02 2.021432e-02 9.985457e-01 9.870237e+00 6.887556e-02 9.973452e-01 -2.363739e-02 -3.690316e+00 -9.963725e-01 6.995678e-02 4.845448e-02 1.115767e+02
3.529252e-02 2.565736e-02 9.990476e-01 1.048306e+01 6.942974e-02 9.971921e-01 -2.806240e-02 -3.704010e+00 -9.969624e-01 7.035401e-02 3.341204e-02 1.115963e+02
2.444934e-02 3.041981e-02 9.992381e-01 1.111407e+01 6.597516e-02 9.973088e-01 -3.197535e-02 -3.721101e+00 -9.975217e-01 6.670667e-02 2.237659e-02 1.116147e+02
1.837510e-02 3.011993e-02 9.993774e-01 1.176480e+01 6.896049e-02 9.971276e-01 -3.132008e-02 -3.741343e+00 -9.974502e-01 6.949307e-02 1.624524e-02 1.116225e+02
1.562612e-02 2.657335e-02 9.995247e-01 1.241230e+01 7.447408e-02 9.968391e-01 -2.766625e-02 -3.768747e+00 -9.971005e-01 7.487100e-02 1.359770e-02 1.116222e+02
1.584456e-02 2.508091e-02 9.995599e-01 1.310545e+01 7.566746e-02 9.967886e-01 -2.621082e-02 -3.789044e+00 -9.970072e-01 7.604945e-02 1.389587e-02 1.116374e+02
1.935793e-02 2.501047e-02 9.994997e-01 1.378822e+01 7.628321e-02 9.967361e-01 -2.641874e-02 -3.811844e+00 -9.968983e-01 7.675646e-02 1.738687e-02 1.116373e+02
2.193600e-02 2.539252e-02 9.994369e-01 1.450201e+01 7.334544e-02 9.969427e-01 -2.693897e-02 -3.840387e+00 -9.970653e-01 7.389507e-02 2.000651e-02 1.116516e+02
2.390788e-02 2.684379e-02 9.993537e-01 1.526612e+01 7.229088e-02 9.969761e-01 -2.850936e-02 -3.864552e+00 -9.970970e-01 7.292576e-02 2.189502e-02 1.116679e+02
2.554015e-02 2.788586e-02 9.992848e-01 1.604110e+01 7.209880e-02 9.969563e-01 -2.966361e-02 -3.889535e+00 -9.970704e-01 7.280485e-02 2.345187e-02 1.116882e+02
2.670317e-02 2.756804e-02 9.992632e-01 1.679968e+01 7.214287e-02 9.969600e-01 -2.943236e-02 -3.918636e+00 -9.970368e-01 7.287565e-02 2.463315e-02 1.117066e+02
2.798745e-02 2.658011e-02 9.992548e-01 1.757790e+01 7.174028e-02 9.970152e-01 -2.852986e-02 -3.945516e+00 -9.970306e-01 7.248530e-02 2.599705e-02 1.117268e+02
2.820196e-02 2.524130e-02 9.992835e-01 1.836957e+01 7.298445e-02 9.969609e-01 -2.724242e-02 -3.975444e+00 -9.969343e-01 7.370045e-02 2.627403e-02 1.117545e+02
2.811581e-02 2.305638e-02 9.993387e-01 1.915837e+01 7.402067e-02 9.969412e-01 -2.508360e-02 -4.005193e+00 -9.968603e-01 7.467696e-02 2.632316e-02 1.117717e+02
2.657586e-02 2.133311e-02 9.994191e-01 1.995019e+01 7.019700e-02 9.972644e-01 -2.315375e-02 -4.039532e+00 -9.971791e-01 7.077156e-02 2.500564e-02 1.118031e+02
2.547461e-02 2.007171e-02 9.994739e-01 2.077463e+01 6.974378e-02 9.973266e-01 -2.180621e-02 -4.072917e+00 -9.972396e-01 7.026259e-02 2.400663e-02 1.118265e+02
2.547782e-02 1.731493e-02 9.995254e-01 2.160876e+01 7.393129e-02 9.970793e-01 -1.915705e-02 -4.100781e+00 -9.969378e-01 7.438428e-02 2.412329e-02 1.118309e+02
2.462977e-02 1.553482e-02 9.995759e-01 2.243453e+01 7.574441e-02 9.969761e-01 -1.736077e-02 -4.128375e+00 -9.968230e-01 7.613988e-02 2.337862e-02 1.118462e+02
2.337193e-02 1.459994e-02 9.996202e-01 2.328957e+01 7.452918e-02 9.970855e-01 -1.630547e-02 -4.161293e+00 -9.969449e-01 7.488197e-02 2.221569e-02 1.118650e+02
2.367168e-02 1.953365e-02 9.995289e-01 2.415594e+01 7.361937e-02 9.970604e-01 -2.122892e-02 -4.190283e+00 -9.970054e-01 7.408722e-02 2.216404e-02 1.118791e+02
2.189643e-02 2.424645e-02 9.994662e-01 2.497474e+01 7.282699e-02 9.970113e-01 -2.578239e-02 -4.217500e+00 -9.971042e-01 7.335265e-02 2.006519e-02 1.119120e+02
2.016028e-02 2.583903e-02 9.994628e-01 2.578504e+01 7.269885e-02 9.969818e-01 -2.724130e-02 -4.249487e+00 -9.971502e-01 7.320899e-02 1.822097e-02 1.119381e+02
1.994285e-02 2.332262e-02 9.995291e-01 2.661305e+01 7.014077e-02 9.972320e-01 -2.466849e-02 -4.286713e+00 -9.973377e-01 7.059970e-02 1.825178e-02 1.119498e+02
1.926271e-02 1.885444e-02 9.996367e-01 2.748281e+01 6.939388e-02 9.973858e-01 -2.014919e-02 -4.323643e+00 -9.974033e-01 6.975679e-02 1.790398e-02 1.119689e+02
1.931647e-02 1.358327e-02 9.997211e-01 2.836132e+01 6.857985e-02 9.975347e-01 -1.487865e-02 -4.355211e+00 -9.974586e-01 6.884813e-02 1.833731e-02 1.119879e+02
1.938296e-02 7.381832e-03 9.997849e-01 2.925676e+01 6.610852e-02 9.977750e-01 -8.648646e-03 -4.389076e+00 -9.976242e-01 6.626194e-02 1.885183e-02 1.120091e+02
1.868158e-02 6.580461e-03 9.998038e-01 3.018609e+01 6.169957e-02 9.980649e-01 -7.721887e-03 -4.417651e+00 -9.979199e-01 6.183173e-02 1.823942e-02 1.120485e+02
1.906564e-02 1.357947e-02 9.997260e-01 3.112580e+01 6.378785e-02 9.978542e-01 -1.477054e-02 -4.449578e+00 -9.977813e-01 6.405198e-02 1.815853e-02 1.120775e+02
2.040716e-02 2.444754e-02 9.994928e-01 3.199365e+01 6.647446e-02 9.974557e-01 -2.575496e-02 -4.483035e+00 -9.975794e-01 6.696633e-02 1.873010e-02 1.120923e+02
2.112960e-02 2.959235e-02 9.993387e-01 3.282794e+01 6.855000e-02 9.971666e-01 -3.097742e-02 -4.511132e+00 -9.974239e-01 6.915921e-02 1.904117e-02 1.121112e+02
2.239767e-02 2.408139e-02 9.994591e-01 3.367217e+01 6.970701e-02 9.972392e-01 -2.559003e-02 -4.547030e+00 -9.973160e-01 7.024246e-02 2.065719e-02 1.121354e+02
2.324654e-02 1.621719e-02 9.995982e-01 3.450927e+01 7.253049e-02 9.972062e-01 -1.786514e-02 -4.581871e+00 -9.970952e-01 7.291665e-02 2.200535e-02 1.121549e+02
2.445445e-02 1.323957e-02 9.996133e-01 3.538912e+01 7.483651e-02 9.970824e-01 -1.503684e-02 -4.614396e+00 -9.968959e-01 7.517528e-02 2.339229e-02 1.121685e+02
2.517371e-02 1.390502e-02 9.995864e-01 3.625991e+01 7.484860e-02 9.970704e-01 -1.575501e-02 -4.644999e+00 -9.968771e-01 7.521425e-02 2.405919e-02 1.121871e+02
2.481399e-02 1.517706e-02 9.995769e-01 3.709566e+01 7.312121e-02 9.971789e-01 -1.695585e-02 -4.673169e+00 -9.970143e-01 7.351101e-02 2.363422e-02 1.122088e+02
2.298564e-02 1.576697e-02 9.996115e-01 3.793493e+01 7.205815e-02 9.972489e-01 -1.738665e-02 -4.701140e+00 -9.971355e-01 7.242979e-02 2.178626e-02 1.122312e+02
2.156804e-02 1.611405e-02 9.996375e-01 3.878981e+01 7.181307e-02 9.972624e-01 -1.762519e-02 -4.729272e+00 -9.971849e-01 7.216718e-02 2.035179e-02 1.122473e+02
1.951295e-02 1.630751e-02 9.996766e-01 3.963634e+01 7.117170e-02 9.973078e-01 -1.765809e-02 -4.763751e+00 -9.972732e-01 7.149325e-02 1.829978e-02 1.122667e+02
1.714368e-02 1.628520e-02 9.997204e-01 4.046345e+01 6.950722e-02 9.974290e-01 -1.743982e-02 -4.799569e+00 -9.974341e-01 6.978677e-02 1.596766e-02 1.122937e+02
1.640851e-02 1.636708e-02 9.997314e-01 4.129757e+01 6.947040e-02 9.974310e-01 -1.746963e-02 -4.820316e+00 -9.974491e-01 6.973839e-02 1.522933e-02 1.123012e+02
1.454663e-02 1.543282e-02 9.997751e-01 4.466998e+01 7.032172e-02 9.973892e-01 -1.641917e-02 -4.951449e+00 -9.974183e-01 7.054475e-02 1.342339e-02 1.123586e+02
1.208749e-02 1.534175e-02 9.998092e-01 4.554199e+01 6.978480e-02 9.974313e-01 -1.614895e-02 -4.987412e+00 -9.974888e-01 6.996668e-02 1.098582e-02 1.123800e+02
9.321308e-03 1.688000e-02 9.998141e-01 4.644984e+01 6.989680e-02 9.974009e-01 -1.749091e-02 -5.015710e+00 -9.975107e-01 7.004685e-02 8.117223e-03 1.124049e+02
9.673395e-03 1.661749e-02 9.998151e-01 4.731105e+01 7.199717e-02 9.972553e-01 -1.727153e-02 -5.051297e+00 -9.973579e-01 7.215094e-02 8.450432e-03 1.123957e+02
8.789995e-03 1.545511e-02 9.998419e-01 4.816335e+01 7.430633e-02 9.971060e-01 -1.606608e-02 -5.081582e+00 -9.971967e-01 7.443580e-02 7.616145e-03 1.123990e+02
7.656322e-03 1.511396e-02 9.998565e-01 4.903758e+01 7.446003e-02 9.971013e-01 -1.564249e-02 -5.112073e+00 -9.971946e-01 7.456910e-02 6.508742e-03 1.124059e+02
6.280096e-03 1.444107e-02 9.998760e-01 4.990084e+01 7.324557e-02 9.972032e-01 -1.486252e-02 -5.147482e+00 -9.972942e-01 7.332983e-02 5.204787e-03 1.124180e+02
5.797128e-03 1.354725e-02 9.998914e-01 5.074520e+01 7.218862e-02 9.972937e-01 -1.393059e-02 -5.178895e+00 -9.973742e-01 7.226154e-02 4.803482e-03 1.124206e+02
5.244684e-03 1.244071e-02 9.999089e-01 5.162695e+01 7.163902e-02 9.973487e-01 -1.278461e-02 -5.208249e+00 -9.974168e-01 7.169954e-02 4.339539e-03 1.124280e+02
4.391523e-03 1.208705e-02 9.999173e-01 5.248645e+01 7.234461e-02 9.973029e-01 -1.237318e-02 -5.240656e+00 -9.973700e-01 7.239297e-02 3.505246e-03 1.124347e+02
3.581305e-03 1.466775e-02 9.998860e-01 5.449679e+01 7.179971e-02 9.973080e-01 -1.488710e-02 -5.316747e+00 -9.974126e-01 7.184484e-02 2.518524e-03 1.124685e+02
3.854938e-03 1.735884e-02 9.998419e-01 5.603201e+01 7.127438e-02 9.973016e-01 -1.758954e-02 -5.376131e+00 -9.974493e-01 7.133092e-02 2.607295e-03 1.124771e+02
3.834347e-03 1.912116e-02 9.998098e-01 5.745010e+01 6.884756e-02 9.974397e-01 -1.933987e-02 -5.430833e+00 -9.976198e-01 6.890862e-02 2.508085e-03 1.124925e+02
3.882164e-03 1.977488e-02 9.997969e-01 5.900881e+01 7.028804e-02 9.973262e-01 -1.999894e-02 -5.493674e+00 -9.975192e-01 7.035141e-02 2.481846e-03 1.125008e+02
4.163013e-03 1.940341e-02 9.998031e-01 6.065583e+01 7.213434e-02 9.972013e-01 -1.965327e-02 -5.559511e+00 -9.973862e-01 7.220195e-02 2.751710e-03 1.125036e+02
4.428002e-03 1.888046e-02 9.998119e-01 6.249655e+01 7.276107e-02 9.971655e-01 -1.915273e-02 -5.631907e+00 -9.973396e-01 7.283219e-02 3.041689e-03 1.124924e+02
4.432946e-03 1.916498e-02 9.998065e-01 6.321686e+01 6.896410e-02 9.974300e-01 -1.942520e-02 -5.658681e+00 -9.976093e-01 6.903687e-02 3.099858e-03 1.125027e+02
5.223371e-03 1.979990e-02 9.997903e-01 6.395774e+01 6.688125e-02 9.975584e-01 -2.010511e-02 -5.687108e+00 -9.977473e-01 6.697224e-02 3.886376e-03 1.125062e+02
5.702117e-03 1.851882e-02 9.998123e-01 6.469071e+01 6.827789e-02 9.974880e-01 -1.886517e-02 -5.714867e+00 -9.976500e-01 6.837264e-02 4.423367e-03 1.125072e+02
4.089336e-03 1.803035e-02 9.998291e-01 6.539702e+01 6.761475e-02 9.975443e-01 -1.826569e-02 -5.740328e+00 -9.977031e-01 6.767788e-02 2.860177e-03 1.125184e+02
-3.311327e-06 1.768139e-02 9.998437e-01 6.611226e+01 6.421402e-02 9.977801e-01 -1.764468e-02 -5.767892e+00 -9.979362e-01 6.420392e-02 -1.138697e-03 1.125297e+02
-5.091856e-03 1.752987e-02 9.998334e-01 6.683846e+01 6.051568e-02 9.980192e-01 -1.718987e-02 -5.795847e+00 -9.981543e-01 6.041807e-02 -6.142602e-03 1.125308e+02
-1.089978e-02 2.156629e-02 9.997080e-01 6.753377e+01 6.469521e-02 9.976879e-01 -2.081734e-02 -5.818634e+00 -9.978455e-01 6.444941e-02 -1.226981e-02 1.125204e+02
-1.820405e-02 2.437690e-02 9.995371e-01 6.823444e+01 6.663980e-02 9.975093e-01 -2.311377e-02 -5.842266e+00 -9.976110e-01 6.618819e-02 -1.978318e-02 1.125100e+02
-2.577535e-02 2.604153e-02 9.993285e-01 6.892285e+01 6.545509e-02 9.975594e-01 -2.430717e-02 -5.869358e+00 -9.975226e-01 6.478461e-02 -2.741699e-02 1.124989e+02
-3.113845e-02 2.536022e-02 9.991933e-01 6.965466e+01 6.230439e-02 9.977832e-01 -2.338281e-02 -5.897999e+00 -9.975713e-01 6.152603e-02 -3.264948e-02 1.124735e+02
-3.637898e-02 2.428315e-02 9.990430e-01 7.039058e+01 6.195141e-02 9.978367e-01 -2.199794e-02 -5.926620e+00 -9.974160e-01 6.109186e-02 -3.780466e-02 1.124470e+02
-4.188573e-02 2.488737e-02 9.988124e-01 7.112885e+01 5.885847e-02 9.980150e-01 -2.239924e-02 -5.955237e+00 -9.973872e-01 5.785036e-02 -4.326741e-02 1.124303e+02
-4.536426e-02 2.395930e-02 9.986832e-01 7.188583e+01 5.738296e-02 9.981242e-01 -2.133932e-02 -5.984802e+00 -9.973211e-01 5.633936e-02 -4.665402e-02 1.123957e+02
-4.817099e-02 2.055089e-02 9.986277e-01 7.262346e+01 5.848514e-02 9.981310e-01 -1.771951e-02 -6.009149e+00 -9.971254e-01 5.755131e-02 -4.928288e-02 1.123667e+02
-5.005073e-02 1.721934e-02 9.985982e-01 7.338422e+01 5.981298e-02 9.981084e-01 -1.421301e-02 -6.034419e+00 -9.969540e-01 5.901776e-02 -5.098599e-02 1.123315e+02
-5.144032e-02 1.457728e-02 9.985697e-01 7.413379e+01 6.013341e-02 9.981244e-01 -1.147307e-02 -6.057355e+00 -9.968640e-01 5.945722e-02 -5.222042e-02 1.122948e+02
-5.346500e-02 1.435677e-02 9.984665e-01 7.489093e+01 5.938530e-02 9.981726e-01 -1.117263e-02 -6.077462e+00 -9.968023e-01 5.869689e-02 -5.421988e-02 1.122678e+02
-5.339660e-02 1.824265e-02 9.984067e-01 7.562789e+01 6.114655e-02 9.980166e-01 -1.496529e-02 -6.095739e+00 -9.966995e-01 6.025003e-02 -5.440617e-02 1.122258e+02
-5.334996e-02 2.203236e-02 9.983328e-01 7.636367e+01 6.724599e-02 9.975663e-01 -1.842189e-02 -6.117737e+00 -9.963091e-01 6.615107e-02 -5.470171e-02 1.121781e+02
-5.445089e-02 2.720551e-02 9.981458e-01 7.709204e+01 7.432042e-02 9.969664e-01 -2.311904e-02 -6.139183e+00 -9.957467e-01 7.292376e-02 -5.630763e-02 1.121359e+02
-5.587964e-02 2.843235e-02 9.980326e-01 7.782718e+01 7.360794e-02 9.969916e-01 -2.428140e-02 -6.162839e+00 -9.957205e-01 7.210629e-02 -5.780438e-02 1.121027e+02
-5.718148e-02 2.714516e-02 9.979947e-01 7.857211e+01 7.188565e-02 9.971476e-01 -2.300334e-02 -6.184787e+00 -9.957724e-01 7.042614e-02 -5.896972e-02 1.120734e+02
-5.708452e-02 2.223805e-02 9.981216e-01 7.930855e+01 7.215968e-02 9.972290e-01 -1.809121e-02 -6.211469e+00 -9.957582e-01 7.099142e-02 -5.853103e-02 1.120336e+02
-5.788805e-02 2.027330e-02 9.981172e-01 8.005219e+01 7.381860e-02 9.971438e-01 -1.597225e-02 -6.239154e+00 -9.955902e-01 7.275501e-02 -5.921925e-02 1.119952e+02
-5.879357e-02 1.979776e-02 9.980738e-01 8.082487e+01 7.435985e-02 9.971126e-01 -1.539837e-02 -6.268270e+00 -9.954968e-01 7.331130e-02 -6.009597e-02 1.119505e+02
-6.047199e-02 2.132250e-02 9.979421e-01 8.160847e+01 7.293219e-02 9.971939e-01 -1.688706e-02 -6.292243e+00 -9.955019e-01 7.176091e-02 -6.185739e-02 1.119094e+02
-6.249756e-02 2.250611e-02 9.977913e-01 8.244004e+01 7.307377e-02 9.971656e-01 -1.791496e-02 -6.318623e+00 -9.953664e-01 7.179273e-02 -6.396503e-02 1.118582e+02
-6.371335e-02 2.313642e-02 9.977000e-01 8.401268e+01 7.591998e-02 9.969465e-01 -1.827068e-02 -6.366499e+00 -9.950763e-01 7.458128e-02 -6.527532e-02 1.117406e+02
-6.580194e-02 2.376442e-02 9.975497e-01 8.584624e+01 7.663617e-02 9.968839e-01 -1.869336e-02 -6.426465e+00 -9.948854e-01 7.521832e-02 -6.741810e-02 1.116242e+02
-6.824815e-02 2.315632e-02 9.973996e-01 8.787264e+01 7.538949e-02 9.969919e-01 -1.798824e-02 -6.502315e+00 -9.948159e-01 7.396578e-02 -6.978860e-02 1.115010e+02
-7.009754e-02 2.381150e-02 9.972559e-01 8.971737e+01 7.317714e-02 9.971443e-01 -1.866518e-02 -6.567650e+00 -9.948525e-01 7.166795e-02 -7.163981e-02 1.113920e+02
-7.180246e-02 2.598975e-02 9.970802e-01 9.172900e+01 7.200628e-02 9.971871e-01 -2.080717e-02 -6.635525e+00 -9.948163e-01 7.030203e-02 -7.347191e-02 1.112700e+02
-7.400884e-02 2.644644e-02 9.969069e-01 9.274247e+01 6.910883e-02 9.973811e-01 -2.132849e-02 -6.673436e+00 -9.948601e-01 6.731657e-02 -7.564270e-02 1.112252e+02
-7.470870e-02 2.746736e-02 9.968270e-01 9.436040e+01 7.015557e-02 9.972885e-01 -2.222216e-02 -6.714856e+00 -9.947345e-01 6.827278e-02 -7.643312e-02 1.110906e+02
-7.674755e-02 2.560345e-02 9.967218e-01 9.523373e+01 6.976202e-02 9.973581e-01 -2.024812e-02 -6.749179e+00 -9.946070e-01 6.797933e-02 -7.833095e-02 1.110388e+02
-7.805384e-02 2.327161e-02 9.966775e-01 9.610042e+01 6.615787e-02 9.976448e-01 -1.811310e-02 -6.779685e+00 -9.947516e-01 6.452427e-02 -7.940960e-02 1.109819e+02
-8.000906e-02 2.181122e-02 9.965555e-01 9.694557e+01 6.281598e-02 9.978838e-01 -1.679708e-02 -6.803930e+00 -9.948129e-01 6.125569e-02 -8.120984e-02 1.109254e+02
-8.248495e-02 2.140180e-02 9.963625e-01 9.787201e+01 6.370914e-02 9.978377e-01 -1.615926e-02 -6.832965e+00 -9.945539e-01 6.214450e-02 -8.367008e-02 1.108535e+02
-8.462469e-02 2.208700e-02 9.961681e-01 9.912379e+01 6.396821e-02 9.978124e-01 -1.668934e-02 -6.871022e+00 -9.943574e-01 6.231075e-02 -8.585243e-02 1.107501e+02
