1.000000e+00 0.000000e+00 0.000000e+00 0.000000e+00 0.000000e+00 1.000000e+00 0.000000e+00 0.000000e+00 0.000000e+00 0.000000e+00 1.000000e+00 0.000000e+00
9.999956e-01 2.020103e-03 2.189062e-03 -1.172806e-02 -2.017867e-03 9.999974e-01 -1.023108e-03 -1.767659e-02 -2.191123e-03 1.018686e-03 9.999971e-01 1.174271e+00
9.999912e-01 2.077477e-03 3.642521e-03 -1.174077e-02 -2.075065e-03 9.999976e-01 -6.657895e-04 -3.715797e-02 -3.643895e-03 6.582252e-04 9.999931e-01 2.360370e+00
9.999901e-01 1.174144e-03 4.284849e-03 -7.044583e-03 -1.172530e-03 9.999992e-01 -3.792408e-04 -5.791690e-02 -4.285291e-03 3.742129e-04 9.999907e-01 3.572365e+00
9.999884e-01 3.292597e-05 4.819075e-03 -1.903038e-03 -3.002266e-05 9.999998e-01 -6.025318e-04 -7.585086e-02 -4.819094e-03 6.023802e-04 9.999882e-01 4.788874e+00
9.999864e-01 -1.727214e-03 4.914238e-03 8.291798e-03 1.729145e-03 9.999984e-01 -3.888390e-04 -9.936929e-02 -4.913559e-03 3.973312e-04 9.999878e-01 6.000879e+00
9.999824e-01 -1.996260e-03 5.592714e-03 1.184475e-02 2.003815e-03 9.999971e-01 -1.345664e-03 -1.209532e-01 -5.590012e-03 1.356847e-03 9.999835e-01 7.185909e+00
9.999766e-01 -2.057039e-03 6.528856e-03 1.149104e-02 2.067527e-03 9.999966e-01 -1.600008e-03 -1.451456e-01 -6.525542e-03 1.613470e-03 9.999774e-01 8.389187e+00
9.999786e-01 -2.485529e-03 6.045893e-03 2.170940e-02 2.484907e-03 9.999969e-01 1.103647e-04 -1.670533e-01 -6.046148e-03 -9.533884e-05 9.999817e-01 9.548095e+00
9.999847e-01 -8.167374e-04 5.469763e-03 1.019432e-02 8.106835e-04 9.999991e-01 1.108922e-03 -1.885687e-01 -5.470663e-03 -1.104471e-03 9.999844e-01 1.072665e+01
9.999919e-01 -2.659217e-03 3.032321e-03 1.170626e-02 2.657466e-03 9.999963e-01 5.813975e-04 -2.081663e-01 -3.033856e-03 -5.733345e-04 9.999952e-01 1.188457e+01
9.999984e-01 -4.761202e-04 1.716110e-03 -2.809622e-03 4.765912e-04 9.999998e-01 -2.740777e-04 -2.227890e-01 -1.715979e-03 2.748951e-04 9.999985e-01 1.306032e+01
9.999999e-01 -3.788141e-04 3.930074e-05 -5.770043e-03 3.788291e-04 9.999999e-01 -3.835456e-04 -2.440042e-01 -3.915544e-05 3.835604e-04 9.999999e-01 1.424555e+01
9.999992e-01 -4.976202e-04 -1.188311e-03 -7.995727e-03 4.969051e-04 9.999997e-01 -6.019870e-04 -2.632448e-01 1.188610e-03 6.013960e-04 9.999991e-01 1.542421e+01
9.999985e-01 -6.328316e-04 -1.590062e-03 -1.908998e-02 6.325660e-04 9.999998e-01 -1.674768e-04 -2.898846e-01 1.590167e-03 1.664707e-04 9.999987e-01 1.660053e+01
9.999960e-01 -1.536848e-03 -2.365683e-03 -2.441217e-02 1.536156e-03 9.999988e-01 -2.946021e-04 -3.035466e-01 2.366133e-03 2.909668e-04 9.999972e-01 1.777891e+01
9.999949e-01 -1.478458e-03 -2.820254e-03 -3.304686e-02 1.477414e-03 9.999988e-01 -3.722495e-04 -3.216935e-01 2.820802e-03 3.680809e-04 9.999960e-01 1.894939e+01
9.999932e-01 -1.034288e-03 -3.530239e-03 -4.330930e-02 1.029200e-03 9.999984e-01 -1.442869e-03 -3.435060e-01 3.531726e-03 1.439226e-03 9.999927e-01 2.013228e+01
9.999937e-01 -7.948189e-04 -3.448100e-03 -5.900539e-02 7.869680e-04 9.999971e-01 -2.277644e-03 -3.667370e-01 3.449900e-03 2.274916e-03 9.999915e-01 2.131125e+01
9.999872e-01 -8.973933e-04 -4.973964e-03 -6.253961e-02 8.884670e-04 9.999980e-01 -1.796520e-03 -3.885271e-01 4.975566e-03 1.792078e-03 9.999860e-01 2.250435e+01
9.999745e-01 -3.238160e-03 -6.357384e-03 -6.647162e-02 3.225156e-03 9.999927e-01 -2.054656e-03 -4.109088e-01 6.363991e-03 2.034100e-03 9.999777e-01 2.366863e+01
9.999786e-01 -1.846483e-03 -6.279389e-03 -9.057354e-02 1.828055e-03 9.999940e-01 -2.939245e-03 -4.316798e-01 6.284779e-03 2.927703e-03 9.999760e-01 2.479893e+01
9.999687e-01 -1.922294e-03 -7.679879e-03 -1.022746e-01 1.906964e-03 9.999962e-01 -2.002826e-03 -4.574834e-01 7.683700e-03 1.988118e-03 9.999685e-01 2.595432e+01
9.999459e-01 -4.416393e-03 -9.418355e-03 -1.059545e-01 4.414761e-03 9.999902e-01 -1.941188e-04 -4.803670e-01 9.419120e-03 1.525285e-04 9.999556e-01 2.712505e+01
9.999405e-01 -4.010176e-03 -1.014825e-02 -1.280503e-01 4.008941e-03 9.999920e-01 -1.420807e-04 -4.999376e-01 1.014873e-02 1.013885e-04 9.999485e-01 2.830317e+01
9.999388e-01 -3.578329e-03 -1.047134e-02 -1.522797e-01 3.569172e-03 9.999932e-01 -8.930716e-04 -5.237656e-01 1.047447e-02 8.556428e-04 9.999448e-01 2.955238e+01
9.999064e-01 -5.285981e-03 -1.261842e-02 -1.591935e-01 5.260673e-03 9.999841e-01 -2.037962e-03 -5.442990e-01 1.262900e-02 1.971390e-03 9.999183e-01 3.080139e+01
9.998819e-01 -6.875426e-03 -1.374263e-02 -1.762331e-01 6.847472e-03 9.999744e-01 -2.080144e-03 -5.680818e-01 1.375658e-02 1.985797e-03 9.999034e-01 3.198228e+01
9.998591e-01 -8.111270e-03 -1.469440e-02 -1.934973e-01 8.083239e-03 9.999654e-01 -1.966029e-03 -5.843834e-01 1.470983e-02 1.846974e-03 9.998901e-01 3.310880e+01
9.998710e-01 -6.855466e-03 -1.452205e-02 -2.290748e-01 6.830296e-03 9.999751e-01 -1.782176e-03 -6.071033e-01 1.453390e-02 1.682756e-03 9.998930e-01 3.429236e+01
9.998499e-01 -8.658608e-03 -1.500976e-02 -2.503007e-01 8.629606e-03 9.999608e-01 -1.995907e-03 -6.298052e-01 1.502645e-02 1.866079e-03 9.998854e-01 3.543822e+01
9.998545e-01 -8.870022e-03 -1.457336e-02 -2.839039e-01 8.839269e-03 9.999586e-01 -2.173278e-03 -6.526620e-01 1.459203e-02 2.044144e-03 9.998914e-01 3.656976e+01
9.998835e-01 -6.283287e-03 -1.391148e-02 -3.245532e-01 6.259014e-03 9.999788e-01 -1.787645e-03 -6.731952e-01 1.392241e-02 1.700365e-03 9.999016e-01 3.773021e+01
9.998854e-01 -6.637697e-03 -1.360632e-02 -3.475464e-01 6.634035e-03 9.999779e-01 -3.142367e-04 -6.963871e-01 1.360811e-02 2.239359e-04 9.999074e-01 3.882277e+01
9.999255e-01 -4.499362e-03 -1.134357e-02 -3.918470e-01 4.503419e-03 9.999898e-01 3.321313e-04 -7.178780e-01 1.134196e-02 -3.831914e-04 9.999356e-01 3.994097e+01
9.999274e-01 -3.975083e-03 -1.137427e-02 -4.125276e-01 3.975597e-03 9.999921e-01 2.261419e-05 -7.419519e-01 1.137409e-02 -6.783206e-05 9.999353e-01 4.107999e+01
9.999286e-01 -1.792645e-03 -1.181632e-02 -4.296669e-01 1.793403e-03 9.999984e-01 5.352403e-05 -7.614632e-01 1.181620e-02 -7.471162e-05 9.999302e-01 4.219510e+01
9.999351e-01 -7.099792e-05 -1.139074e-02 -4.485909e-01 9.480063e-05 9.999978e-01 2.089129e-03 -7.817282e-01 1.139056e-02 -2.090073e-03 9.999329e-01 4.329988e+01
9.999507e-01 9.408647e-04 -9.881827e-03 -4.668270e-01 -8.902041e-04 9.999864e-01 5.129789e-03 -7.969290e-01 9.886520e-03 -5.120739e-03 9.999380e-01 4.443590e+01
9.999658e-01 1.244926e-03 -8.174175e-03 -4.827053e-01 -1.176955e-03 9.999647e-01 8.314807e-03 -8.147456e-01 8.184238e-03 -8.304902e-03 9.999320e-01 4.560337e+01
9.999753e-01 2.824288e-03 -6.443060e-03 -5.012502e-01 -2.747298e-03 9.999251e-01 1.192702e-02 -8.276650e-01 6.476263e-03 -1.190902e-02 9.999081e-01 4.677556e+01
9.999829e-01 3.337108e-04 -5.834317e-03 -5.044511e-01 -2.570126e-04 9.999136e-01 1.314186e-02 -8.356742e-01 5.838198e-03 -1.314014e-02 9.998966e-01 4.799042e+01
9.999922e-01 -6.687413e-04 -3.897612e-03 -5.186296e-01 7.138991e-04 9.999325e-01 1.159616e-02 -8.396939e-01 3.889594e-03 -1.159885e-02 9.999252e-01 4.920910e+01
9.999940e-01 3.581033e-04 -3.447560e-03 -5.251277e-01 -3.238441e-04 9.999506e-01 9.932669e-03 -8.472365e-01 3.450947e-03 -9.931493e-03 9.999447e-01 5.045652e+01
9.999940e-01 2.044275e-03 -2.792831e-03 -5.360888e-01 -2.016407e-03 9.999485e-01 9.945122e-03 -8.591555e-01 2.813018e-03 -9.939431e-03 9.999466e-01 5.166469e+01
9.999937e-01 1.325546e-03 -3.303215e-03 -5.374468e-01 -1.293915e-03 9.999535e-01 9.559780e-03 -8.692531e-01 3.315733e-03 -9.555445e-03 9.999488e-01 5.288185e+01
9.999904e-01 -1.755223e-04 -4.375386e-03 -5.431262e-01 2.126815e-04 9.999639e-01 8.493766e-03 -8.779982e-01 4.373737e-03 -8.494615e-03 9.999544e-01 5.409599e+01
9.999833e-01 4.756230e-04 -5.752370e-03 -5.597467e-01 -4.230833e-04 9.999582e-01 9.131351e-03 -8.912883e-01 5.756473e-03 -9.128765e-03 9.999418e-01 5.528868e+01
9.999722e-01 1.156015e-03 -7.373054e-03 -5.761301e-01 -1.076710e-03 9.999416e-01 1.075096e-02 -9.065207e-01 7.385052e-03 -1.074273e-02 9.999150e-01 5.649595e+01
9.999648e-01 2.794397e-03 -7.905554e-03 -6.007068e-01 -2.705644e-03 9.999334e-01 1.121521e-02 -9.149752e-01 7.936368e-03 -1.119342e-02 9.999059e-01 5.772052e+01
9.999507e-01 3.893947e-03 -9.130136e-03 -6.167219e-01 -3.794189e-03 9.999332e-01 1.091823e-02 -9.243580e-01 9.172041e-03 -1.088306e-02 9.998987e-01 5.895296e+01
9.999442e-01 4.082537e-03 -9.738376e-03 -6.349382e-01 -3.977285e-03 9.999337e-01 1.080290e-02 -9.340406e-01 9.781834e-03 -1.076357e-02 9.998942e-01 6.017253e+01
9.999431e-01 5.409069e-03 -9.196184e-03 -6.606986e-01 -5.315069e-03 9.999337e-01 1.021551e-02 -9.436059e-01 9.250830e-03 -1.016605e-02 9.999055e-01 6.137910e+01
9.999484e-01 3.365499e-03 -9.589798e-03 -6.741700e-01 -3.273699e-03 9.999488e-01 9.572329e-03 -9.567841e-01 9.621523e-03 -9.540441e-03 9.999082e-01 6.260447e+01
9.999497e-01 3.472964e-03 -9.405044e-03 -7.005539e-01 -3.371791e-03 9.999365e-01 1.075189e-02 -9.673359e-01 9.441788e-03 -1.071963e-02 9.998980e-01 6.381612e+01
9.999429e-01 2.958853e-03 -1.027214e-02 -7.113774e-01 -2.831659e-03 9.999194e-01 1.237498e-02 -9.778740e-01 1.030793e-02 -1.234519e-02 9.998707e-01 6.506051e+01
9.999414e-01 2.803738e-03 -1.045585e-02 -7.316505e-01 -2.694103e-03 9.999414e-01 1.048496e-02 -9.847747e-01 1.048464e-02 -1.045617e-02 9.998904e-01 6.630489e+01
9.999340e-01 6.272686e-03 -9.627616e-03 -7.643292e-01 -6.180887e-03 9.999354e-01 9.535290e-03 -9.973534e-01 9.686807e-03 -9.475153e-03 9.999082e-01 6.752905e+01
9.999086e-01 9.358357e-03 -9.754295e-03 -7.883878e-01 -9.262654e-03 9.999090e-01 9.810809e-03 -1.006267e+00 9.845220e-03 -9.719562e-03 9.999043e-01 6.873622e+01
9.998845e-01 1.215536e-02 -9.125282e-03 -8.179630e-01 -1.206547e-02 9.998788e-01 9.841321e-03 -1.014648e+00 9.243800e-03 -9.730083e-03 9.999099e-01 6.993662e+01
9.998669e-01 1.396595e-02 -8.429898e-03 -8.437062e-01 -1.387924e-02 9.998511e-01 1.025851e-02 -1.022958e+00 8.571912e-03 -1.014014e-02 9.999118e-01 7.111685e+01
9.998481e-01 1.595209e-02 -7.028767e-03 -8.650391e-01 -1.587202e-02 9.998101e-01 1.130385e-02 -1.033920e+00 7.207753e-03 -1.119057e-02 9.999114e-01 7.232112e+01
9.998564e-01 1.625316e-02 -4.788870e-03 -8.807931e-01 -1.619304e-02 9.997928e-01 1.233692e-02 -1.047438e+00 4.988391e-03 -1.225760e-02 9.999124e-01 7.354315e+01
9.999113e-01 1.298233e-02 -2.984057e-03 -8.801751e-01 -1.295092e-02 9.998630e-01 1.031226e-02 -1.062932e+00 3.117525e-03 -1.027270e-02 9.999424e-01 7.478216e+01
9.999154e-01 1.300404e-02 4.301851e-05 -8.923311e-01 -1.300408e-02 9.998995e-01 5.651564e-03 -1.080195e+00 3.047899e-05 -5.651646e-03 9.999840e-01 7.600618e+01
9.998575e-01 1.655337e-02 3.302895e-03 -9.074490e-01 -1.657129e-02 9.998477e-01 5.475893e-03 -1.097270e+00 -3.211747e-03 -5.529846e-03 9.999796e-01 7.721957e+01
9.998488e-01 1.631520e-02 6.009736e-03 -9.048046e-01 -1.637046e-02 9.998231e-01 9.262335e-03 -1.113041e+00 -5.857556e-03 -9.359317e-03 9.999390e-01 7.839691e+01
9.998202e-01 1.643697e-02 9.458310e-03 -9.025899e-01 -1.653706e-02 9.998070e-01 1.060298e-02 -1.125713e+00 -9.282204e-03 -1.075749e-02 9.998991e-01 7.961000e+01
9.998041e-01 1.468890e-02 1.326889e-02 -8.911202e-01 -1.479709e-02 9.998578e-01 8.092624e-03 -1.132091e+00 -1.314813e-02 -8.287380e-03 9.998792e-01 8.083334e+01
9.997674e-01 1.366760e-02 1.668235e-02 -8.778567e-01 -1.375290e-02 9.998929e-01 5.009135e-03 -1.147290e+00 -1.661210e-02 -5.237401e-03 9.998483e-01 8.204706e+01
9.997429e-01 1.071242e-02 1.998206e-02 -8.551780e-01 -1.073898e-02 9.999416e-01 1.222366e-03 -1.158648e+00 -1.996780e-02 -1.436639e-03 9.997996e-01 8.322851e+01
9.996804e-01 1.077068e-02 2.287280e-02 -8.274925e-01 -1.077758e-02 9.999419e-01 1.781194e-04 -1.179065e+00 -2.286956e-02 -4.245759e-04 9.997384e-01 8.435968e+01
9.995888e-01 1.060156e-02 2.664201e-02 -8.040767e-01 -1.065375e-02 9.999416e-01 1.817703e-03 -1.198812e+00 -2.662118e-02 -2.100793e-03 9.996434e-01 8.551624e+01
9.994880e-01 1.219778e-02 2.958057e-02 -7.731961e-01 -1.228846e-02 9.999203e-01 2.885593e-03 -1.227045e+00 -2.954302e-02 -3.247615e-03 9.995582e-01 8.665617e+01
9.993409e-01 1.330176e-02 3.377488e-02 -7.485437e-01 -1.333073e-02 9.999109e-01 6.326327e-04 -1.246972e+00 -3.376346e-02 -1.082460e-03 9.994293e-01 8.782753e+01
9.992187e-01 1.447134e-02 3.677762e-02 -7.112947e-01 -1.442625e-02 9.998948e-01 -1.491255e-03 -1.268854e+00 -3.679533e-02 9.595266e-04 9.993224e-01 8.897161e+01
9.991045e-01 1.376684e-02 4.000737e-02 -6.677029e-01 -1.369669e-02 9.999041e-01 -2.027139e-03 -1.289969e+00 -4.003144e-02 1.477355e-03 9.991973e-01 9.011161e+01
9.990166e-01 1.230703e-02 4.259488e-02 -6.192422e-01 -1.229565e-02 9.999243e-01 -5.291189e-04 -1.315462e+00 -4.259816e-02 4.866661e-06 9.990923e-01 9.124624e+01
9.988733e-01 1.286572e-02 4.567961e-02 -5.780402e-01 -1.292088e-02 9.999161e-01 9.125936e-04 -1.334673e+00 -4.566404e-02 -1.501786e-03 9.989557e-01 9.241935e+01
9.987434e-01 1.236376e-02 4.856684e-02 -5.296572e-01 -1.249527e-02 9.999190e-01 2.405109e-03 -1.351457e+00 -4.853317e-02 -3.008943e-03 9.988170e-01 9.360546e+01
9.986626e-01 1.006370e-02 5.071213e-02 -4.640134e-01 -1.024428e-02 9.999421e-01 3.302167e-03 -1.368965e+00 -5.067596e-02 -3.817259e-03 9.987079e-01 9.483620e+01
9.985343e-01 1.042064e-02 5.310924e-02 -4.094784e-01 -1.048413e-02 9.999446e-01 9.169568e-04 -1.386078e+00 -5.309674e-02 -1.472417e-03 9.985883e-01 9.604110e+01
9.983776e-01 1.113806e-02 5.583923e-02 -3.552456e-01 -1.100599e-02 9.999359e-01 -2.672058e-03 -1.405920e+00 -5.586541e-02 2.053157e-03 9.984362e-01 9.727288e+01
9.982848e-01 1.033938e-02 5.762374e-02 -2.864508e-01 -1.004414e-02 9.999349e-01 -5.410830e-03 -1.432882e+00 -5.767594e-02 4.822768e-03 9.983237e-01 9.847245e+01
9.980270e-01 1.575656e-02 6.077709e-02 -2.530328e-01 -1.535864e-02 9.998575e-01 -7.008832e-03 -1.446682e+00 -6.087887e-02 6.061550e-03 9.981268e-01 9.964224e+01
9.978963e-01 1.806092e-02 6.226428e-02 -2.065063e-01 -1.769737e-02 9.998230e-01 -6.385352e-03 -1.473314e+00 -6.236859e-02 5.270005e-03 9.980393e-01 1.008020e+02
9.977926e-01 2.074758e-02 6.308326e-02 -1.634039e-01 -2.049194e-02 9.997790e-01 -4.696811e-03 -1.496368e+00 -6.316677e-02 3.393745e-03 9.979972e-01 1.019237e+02
9.978647e-01 2.126165e-02 6.175800e-02 -1.036651e-01 -2.111214e-02 9.997724e-01 -3.072522e-03 -1.523159e+00 -6.180927e-02 1.762118e-03 9.980864e-01 1.030640e+02
9.981491e-01 1.614360e-02 5.863254e-02 -1.955319e-02 -1.606816e-02 9.998694e-01 -1.757961e-03 -1.556181e+00 -5.865325e-02 8.125901e-04 9.982781e-01 1.042195e+02
9.983333e-01 1.325725e-02 5.616839e-02 4.906451e-02 -1.321651e-02 9.999121e-01 -1.096596e-03 -1.582230e+00 -5.617799e-02 3.524179e-04 9.984207e-01 1.054162e+02
9.984247e-01 1.625186e-02 5.370251e-02 9.506016e-02 -1.621634e-02 9.998679e-01 -1.097159e-03 -1.600367e+00 -5.371324e-02 2.245723e-04 9.985564e-01 1.066321e+02
9.985150e-01 1.961789e-02 5.082177e-02 1.310170e-01 -1.956319e-02 9.998074e-01 -1.573548e-03 -1.620692e+00 -5.084286e-02 5.769750e-04 9.987065e-01 1.078326e+02
9.986989e-01 1.986410e-02 4.696712e-02 1.802492e-01 -1.982921e-02 9.998027e-01 -1.208836e-03 -1.638358e+00 -4.698186e-02 2.759429e-04 9.988957e-01 1.090348e+02
9.988387e-01 1.991982e-02 4.386813e-02 2.107726e-01 -1.991190e-02 9.998015e-01 -6.175844e-04 -1.654330e+00 -4.387173e-02 -2.566307e-04 9.990371e-01 1.102179e+02
9.990340e-01 1.876215e-02 3.973793e-02 2.521728e-01 -1.879045e-02 9.998234e-01 3.385667e-04 -1.677590e+00 -3.972456e-02 -1.084933e-03 9.992101e-01 1.114360e+02
9.992426e-01 1.710503e-02 3.495250e-02 3.000498e-01 -1.714237e-02 9.998528e-01 7.687163e-04 -1.695264e+00 -3.493420e-02 -1.367303e-03 9.993887e-01 1.126915e+02
9.992823e-01 2.104431e-02 3.149595e-02 3.080648e-01 -2.107849e-02 9.997775e-01 7.535683e-04 -1.710095e+00 -3.147308e-02 -1.416914e-03 9.995036e-01 1.138866e+02
9.992285e-01 2.762881e-02 2.791279e-02 3.072350e-01 -2.764919e-02 9.996176e-01 3.444756e-04 -1.721275e+00 -2.789260e-02 -1.115976e-03 9.996103e-01 1.150865e+02
9.993650e-01 2.824523e-02 2.172289e-02 3.351324e-01 -2.825569e-02 9.996007e-01 1.744623e-04 -1.740411e+00 -2.170929e-02 -7.881467e-04 9.997640e-01 1.162912e+02
9.994387e-01 2.884497e-02 1.703397e-02 3.496773e-01 -2.884222e-02 9.995839e-01 -4.073872e-04 -1.759053e+00 -1.703864e-02 -8.413899e-05 9.998548e-01 1.174913e+02
9.995031e-01 2.867137e-02 1.309257e-02 3.641793e-01 -2.866860e-02 9.995889e-01 -3.987575e-04 -1.778666e+00 -1.309862e-02 2.321363e-05 9.999142e-01 1.186778e+02
9.993831e-01 3.317933e-02 1.151062e-02 3.564580e-01 -3.317702e-02 9.994494e-01 -3.914265e-04 -1.798322e+00 -1.151727e-02 9.296889e-06 9.999337e-01 1.198634e+02
9.994172e-01 3.264938e-02 9.962293e-03 3.703083e-01 -3.264265e-02 9.994667e-01 -8.371262e-04 -1.818471e+00 -9.984312e-03 5.114426e-04 9.999500e-01 1.210398e+02
9.990575e-01 4.190023e-02 1.133430e-02 3.302397e-01 -4.189251e-02 9.991217e-01 -9.183772e-04 -1.837169e+00 -1.136282e-02 4.426895e-04 9.999353e-01 1.222594e+02
9.991102e-01 4.103973e-02 9.724492e-03 3.434915e-01 -4.104139e-02 9.991574e-01 -2.888869e-05 -1.858460e+00 -9.717484e-03 -3.702436e-04 9.999527e-01 1.234958e+02
9.990389e-01 4.282492e-02 9.342861e-03 3.383182e-01 -4.283405e-02 9.990819e-01 7.790378e-04 -1.885029e+00 -9.300921e-03 -1.178482e-03 9.999561e-01 1.246960e+02
9.988753e-01 4.667506e-02 8.342348e-03 3.379309e-01 -4.669854e-02 9.989055e-01 2.641807e-03 -1.898238e+00 -8.209911e-03 -3.028411e-03 9.999617e-01 1.259180e+02
9.987605e-01 4.910871e-02 8.112329e-03 3.332450e-01 -4.915473e-02 9.987756e-01 5.573467e-03 -1.909558e+00 -7.828691e-03 -5.965318e-03 9.999516e-01 1.271448e+02
9.987589e-01 4.914300e-02 8.104659e-03 3.295465e-01 -4.918630e-02 9.987759e-01 5.232094e-03 -1.926658e+00 -7.837618e-03 -5.624239e-03 9.999535e-01 1.283619e+02
9.986156e-01 5.185481e-02 8.834951e-03 3.125585e-01 -5.188797e-02 9.986465e-01 3.565855e-03 -1.937295e+00 -8.638087e-03 -4.019346e-03 9.999546e-01 1.295760e+02
9.987881e-01 4.858554e-02 7.865957e-03 3.202158e-01 -4.862322e-02 9.988063e-01 4.672366e-03 -1.953547e+00 -7.629558e-03 -5.049171e-03 9.999581e-01 1.308215e+02
9.988343e-01 4.772270e-02 7.256189e-03 3.213321e-01 -4.777187e-02 9.988354e-01 6.761165e-03 -1.969739e+00 -6.925078e-03 -7.099925e-03 9.999508e-01 1.320777e+02
9.989148e-01 4.601103e-02 7.225060e-03 3.238540e-01 -4.607240e-02 9.989013e-01 8.571044e-03 -1.981085e+00 -6.822759e-03 -8.894618e-03 9.999372e-01 1.333735e+02
9.990167e-01 4.377689e-02 7.012362e-03 3.266933e-01 -4.384389e-02 9.989913e-01 9.704369e-03 -1.993909e+00 -6.580462e-03 -1.000228e-02 9.999283e-01 1.347078e+02
9.991786e-01 3.982893e-02 7.471381e-03 3.290080e-01 -3.988687e-02 9.991740e-01 7.772704e-03 -2.003467e+00 -7.155631e-03 -8.064329e-03 9.999419e-01 1.359884e+02
9.992391e-01 3.827636e-02 7.494771e-03 3.309956e-01 -3.832748e-02 9.992421e-01 6.799243e-03 -2.015058e+00 -7.228841e-03 -7.081325e-03 9.999488e-01 1.372847e+02
9.993281e-01 3.594540e-02 7.162993e-03 3.400112e-01 -3.599134e-02 9.993317e-01 6.390813e-03 -2.027602e+00 -6.928486e-03 -6.644325e-03 9.999539e-01 1.386052e+02
9.993297e-01 3.583135e-02 7.498080e-03 3.421629e-01 -3.588188e-02 9.993335e-01 6.716192e-03 -2.039041e+00 -7.252432e-03 -6.980736e-03 9.999493e-01 1.398992e+02
9.993194e-01 3.581872e-02 8.813926e-03 3.388510e-01 -3.589570e-02 9.993174e-01 8.736588e-03 -2.055160e+00 -8.494975e-03 -9.047024e-03 9.999230e-01 1.412428e+02
9.991170e-01 4.063157e-02 1.069527e-02 3.223761e-01 -4.073958e-02 9.991189e-01 1.008192e-02 -2.066273e+00 -1.027620e-02 -1.050874e-02 9.998920e-01 1.426114e+02
9.990815e-01 4.128470e-02 1.147301e-02 3.255687e-01 -4.138324e-02 9.991073e-01 8.488038e-03 -2.081972e+00 -1.111234e-02 -8.955032e-03 9.998982e-01 1.440488e+02
9.991332e-01 4.010427e-02 1.115429e-02 3.421944e-01 -4.017746e-02 9.991720e-01 6.416329e-03 -2.092278e+00 -1.088773e-02 -6.858919e-03 9.999172e-01 1.454965e+02
9.992046e-01 3.808778e-02 1.181136e-02 3.499316e-01 -3.813378e-02 9.992658e-01 3.694574e-03 -2.107014e+00 -1.166197e-02 -4.142047e-03 9.999234e-01 1.468965e+02
9.992706e-01 3.630690e-02 1.183372e-02 3.628654e-01 -3.630676e-02 9.993407e-01 -2.267939e-04 -2.130170e+00 -1.183415e-02 -2.030155e-04 9.999300e-01 1.482239e+02
9.992058e-01 3.783343e-02 1.250378e-02 3.639284e-01 -3.779085e-02 9.992791e-01 -3.623767e-03 -2.155944e+00 -1.263187e-02 3.148361e-03 9.999153e-01 1.495528e+02
9.992096e-01 3.749047e-02 1.321329e-02 3.671603e-01 -3.743245e-02 9.992885e-01 -4.611343e-03 -2.182683e+00 -1.337677e-02 4.113092e-03 9.999021e-01 1.508591e+02
9.991931e-01 3.799912e-02 1.300718e-02 3.795977e-01 -3.794545e-02 9.992704e-01 -4.348561e-03 -2.209838e+00 -1.316293e-02 3.851489e-03 9.999059e-01 1.521258e+02
9.991737e-01 3.863047e-02 1.263666e-02 3.881704e-01 -3.858580e-02 9.992482e-01 -3.759885e-03 -2.240656e+00 -1.277241e-02 3.269183e-03 9.999131e-01 1.534113e+02
9.991989e-01 3.815518e-02 1.207128e-02 4.012564e-01 -3.812378e-02 9.992690e-01 -2.820790e-03 -2.265335e+00 -1.217009e-02 2.358328e-03 9.999232e-01 1.547014e+02
9.992824e-01 3.628149e-02 1.088130e-02 4.225600e-01 -3.625879e-02 9.993398e-01 -2.276677e-03 -2.293026e+00 -1.095671e-02 1.880501e-03 9.999382e-01 1.560304e+02
9.992881e-01 3.619594e-02 1.064044e-02 4.276189e-01 -3.616743e-02 9.993417e-01 -2.859483e-03 -2.316864e+00 -1.073693e-02 2.472610e-03 9.999393e-01 1.573350e+02
9.991849e-01 3.887383e-02 1.087748e-02 4.189106e-01 -3.884382e-02 9.992409e-01 -2.956285e-03 -2.335587e+00 -1.098414e-02 2.531353e-03 9.999365e-01 1.586396e+02
9.991098e-01 4.046543e-02 1.192350e-02 4.069326e-01 -4.044661e-02 9.991801e-01 -1.815590e-03 -2.362761e+00 -1.198719e-02 1.331709e-03 9.999273e-01 1.599987e+02
9.991522e-01 3.965772e-02 1.104768e-02 4.187116e-01 -3.964669e-02 9.992130e-01 -1.215620e-03 -2.394404e+00 -1.108719e-02 7.765854e-04 9.999382e-01 1.612949e+02
9.991982e-01 3.886112e-02 9.634011e-03 4.275893e-01 -3.884365e-02 9.992433e-01 -1.994101e-03 -2.424608e+00 -9.704214e-03 1.618282e-03 9.999516e-01 1.626371e+02
9.992021e-01 3.890912e-02 9.010586e-03 4.311802e-01 -3.888065e-02 9.992384e-01 -3.314133e-03 -2.449938e+00 -9.132674e-03 2.961151e-03 9.999539e-01 1.639575e+02
9.991951e-01 3.923131e-02 8.366866e-03 4.328238e-01 -3.920702e-02 9.992265e-01 -3.047354e-03 -2.481869e+00 -8.479946e-03 2.716861e-03 9.999604e-01 1.652604e+02
9.992536e-01 3.795313e-02 7.197945e-03 4.385628e-01 -3.792661e-02 9.992734e-01 -3.785614e-03 -2.511515e+00 -7.336391e-03 3.509795e-03 9.999669e-01 1.665796e+02
9.992422e-01 3.843826e-02 6.132909e-03 4.415071e-01 -3.840858e-02 9.992502e-01 -4.885590e-03 -2.536326e+00 -6.316104e-03 4.646331e-03 9.999693e-01 1.678714e+02
9.992592e-01 3.808903e-02 5.507369e-03 4.451178e-01 -3.806333e-02 9.992643e-01 -4.699006e-03 -2.562437e+00 -5.682298e-03 4.485896e-03 9.999738e-01 1.691722e+02
9.993200e-01 3.663850e-02 4.138798e-03 4.528002e-01 -3.662444e-02 9.993232e-01 -3.425127e-03 -2.588211e+00 -4.261489e-03 3.271217e-03 9.999856e-01 1.704555e+02
9.993975e-01 3.460316e-02 2.706232e-03 4.623305e-01 -3.459496e-02 9.993969e-01 -3.020321e-03 -2.617306e+00 -2.809112e-03 2.924879e-03 9.999918e-01 1.717830e+02
9.993882e-01 3.490831e-02 2.145092e-03 4.535023e-01 -3.490236e-02 9.993869e-01 -2.751201e-03 -2.643160e+00 -2.239817e-03 2.674649e-03 9.999939e-01 1.731006e+02
9.994698e-01 3.254700e-02 9.012040e-04 4.573747e-01 -3.254442e-02 9.994665e-01 -2.737329e-03 -2.666667e+00 -9.898151e-04 2.706549e-03 9.999958e-01 1.744368e+02
9.994376e-01 3.351027e-02 1.231966e-03 4.368483e-01 -3.350527e-02 9.994310e-01 -3.877633e-03 -2.688411e+00 -1.361206e-03 3.834175e-03 9.999917e-01 1.757891e+02
9.993916e-01 3.487042e-02 6.398760e-04 4.298713e-01 -3.486736e-02 9.993827e-01 -4.296327e-03 -2.718954e+00 -7.892957e-04 4.271402e-03 9.999906e-01 1.770912e+02
9.994159e-01 3.417220e-02 3.681926e-04 4.202365e-01 -3.417056e-02 9.994089e-01 -3.781480e-03 -2.749757e+00 -4.971964e-04 3.766689e-03 9.999928e-01 1.783697e+02
9.994302e-01 3.375252e-02 -2.732374e-04 4.154019e-01 -3.375344e-02 9.994191e-01 -4.718634e-03 -2.781182e+00 1.138129e-04 4.725168e-03 9.999888e-01 1.797023e+02
9.994536e-01 3.305078e-02 -3.635333e-04 4.057037e-01 -3.305245e-02 9.994326e-01 -6.480046e-03 -2.808417e+00 1.491564e-04 6.488521e-03 9.999789e-01 1.809925e+02
9.995434e-01 3.021366e-02 1.769214e-04 3.953164e-01 -3.021187e-02 9.995224e-01 -6.504847e-03 -2.836216e+00 -3.733722e-04 6.496532e-03 9.999788e-01 1.822473e+02
9.995565e-01 2.977968e-02 -8.356194e-05 3.902575e-01 -2.977980e-02 9.995520e-01 -3.004069e-03 -2.860444e+00 -5.935723e-06 3.005225e-03 9.999955e-01 1.834838e+02
9.996982e-01 2.452745e-02 -1.407255e-03 4.044962e-01 -2.452652e-02 9.996990e-01 6.734126e-04 -2.880606e+00 1.423348e-03 -6.386943e-04 9.999988e-01 1.848023e+02
9.997363e-01 2.291424e-02 -1.484862e-03 3.983167e-01 -2.291452e-02 9.997374e-01 -1.695303e-04 -2.902472e+00 1.480588e-03 2.035105e-04 9.999989e-01 1.861120e+02
9.997439e-01 2.255611e-02 -1.812383e-03 3.859542e-01 -2.256194e-02 9.997401e-01 -3.266613e-03 -2.928378e+00 1.738230e-03 3.306667e-03 9.999930e-01 1.874336e+02
9.998054e-01 1.953208e-02 -2.776798e-03 3.840945e-01 -1.954657e-02 9.997949e-01 -5.291143e-03 -2.957162e+00 2.672881e-03 5.344390e-03 9.999821e-01 1.887454e+02
9.998010e-01 1.970945e-02 -3.087240e-03 3.750689e-01 -1.972484e-02 9.997928e-01 -5.038141e-03 -2.987254e+00 2.987302e-03 5.098034e-03 9.999825e-01 1.900557e+02
9.997491e-01 2.227956e-02 -2.325241e-03 3.468685e-01 -2.228762e-02 9.997455e-01 -3.499936e-03 -3.026414e+00 2.246672e-03 3.550882e-03 9.999912e-01 1.913471e+02
9.997351e-01 2.295837e-02 -1.608081e-03 3.244871e-01 -2.296075e-02 9.997353e-01 -1.476108e-03 -3.056325e+00 1.573766e-03 1.512640e-03 9.999976e-01 1.926675e+02
9.997044e-01 2.430243e-02 -7.359286e-04 3.089824e-01 -2.430268e-02 9.997046e-01 -3.335396e-04 -3.092339e+00 7.276054e-04 3.513260e-04 9.999997e-01 1.939317e+02
9.997247e-01 2.346008e-02 3.474523e-04 3.046319e-01 -2.345978e-02 9.997244e-01 -8.462933e-04 -3.123893e+00 -3.672107e-04 8.379092e-04 9.999996e-01 1.952290e+02
9.997918e-01 2.039548e-02 5.449811e-04 3.140360e-01 -2.039427e-02 9.997897e-01 -2.141842e-03 -3.152893e+00 -5.885504e-04 2.130282e-03 9.999976e-01 1.965030e+02
9.998188e-01 1.894482e-02 1.834586e-03 3.110400e-01 -1.893788e-02 9.998137e-01 -3.729916e-03 -3.178824e+00 -1.904907e-03 3.694497e-03 9.999914e-01 1.977817e+02
9.998064e-01 1.922402e-02 4.197385e-03 2.951702e-01 -1.920605e-02 9.998064e-01 -4.279693e-03 -3.209032e+00 -4.278845e-03 4.198250e-03 9.999820e-01 1.990354e+02
9.998113e-01 1.863242e-02 5.490068e-03 2.909093e-01 -1.861268e-02 9.998202e-01 -3.625930e-03 -3.239973e+00 -5.556641e-03 3.523061e-03 9.999784e-01 2.002961e+02
9.997829e-01 1.931438e-02 7.821313e-03 2.825750e-01 -1.929712e-02 9.998112e-01 -2.276109e-03 -3.262261e+00 -7.863798e-03 2.124686e-03 9.999668e-01 2.015726e+02
9.997614e-01 1.996859e-02 8.851527e-03 2.856231e-01 -1.995417e-02 9.997994e-01 -1.714566e-03 -3.293596e+00 -8.883989e-03 1.537532e-03 9.999594e-01 2.028259e+02
9.997589e-01 1.972007e-02 9.656498e-03 2.950132e-01 -1.970553e-02 9.998045e-01 -1.598432e-03 -3.321840e+00 -9.686132e-03 1.407760e-03 9.999521e-01 2.041343e+02
9.996720e-01 2.283310e-02 1.159705e-02 2.863086e-01 -2.281959e-02 9.997388e-01 -1.295975e-03 -3.349972e+00 -1.162362e-02 1.030910e-03 9.999319e-01 2.053598e+02
9.995851e-01 2.532758e-02 1.371430e-02 2.834033e-01 -2.531258e-02 9.996788e-01 -1.266606e-03 -3.374320e+00 -1.374197e-02 9.189366e-04 9.999052e-01 2.066304e+02
9.995645e-01 2.552799e-02 1.480310e-02 2.904536e-01 -2.551109e-02 9.996737e-01 -1.329723e-03 -3.401807e+00 -1.483222e-02 9.515002e-04 9.998895e-01 2.078437e+02
9.995983e-01 2.427830e-02 1.462229e-02 3.148255e-01 -2.425935e-02 9.997046e-01 -1.471979e-03 -3.425804e+00 -1.465371e-02 1.116661e-03 9.998920e-01 2.090822e+02
9.996055e-01 2.341067e-02 1.551442e-02 3.225249e-01 -2.339236e-02 9.997254e-01 -1.360437e-03 -3.454447e+00 -1.554201e-02 9.969813e-04 9.998787e-01 2.102820e+02
9.996092e-01 2.323735e-02 1.554203e-02 3.367998e-01 -2.323035e-02 9.997299e-01 -6.306341e-04 -3.479113e+00 -1.555249e-02 2.693408e-04 9.998790e-01 2.115029e+02
9.996216e-01 2.291802e-02 1.521452e-02 3.489038e-01 -2.292882e-02 9.997370e-01 5.359716e-04 -3.507217e+00 -1.519823e-02 -8.846196e-04 9.998841e-01 2.127396e+02
9.996606e-01 2.195716e-02 1.401688e-02 3.648364e-01 -2.196464e-02 9.997587e-01 3.802957e-04 -3.534555e+00 -1.400515e-02 -6.880424e-04 9.999017e-01 2.139409e+02
9.996685e-01 2.211144e-02 1.319144e-02 3.769214e-01 -2.210608e-02 9.997555e-01 -5.519178e-04 -3.561044e+00 -1.320042e-02 2.601237e-04 9.999128e-01 2.151085e+02
9.996929e-01 2.144648e-02 1.241474e-02 3.886738e-01 -2.143145e-02 9.997694e-01 -1.341945e-03 -3.585854e+00 -1.244066e-02 1.075467e-03 9.999220e-01 2.162714e+02
9.996357e-01 2.382535e-02 1.267973e-02 3.825620e-01 -2.380695e-02 9.997153e-01 -1.599990e-03 -3.612977e+00 -1.271424e-02 1.297541e-03 9.999183e-01 2.173610e+02
9.996523e-01 2.371887e-02 1.152071e-02 3.868414e-01 -2.370089e-02 9.997177e-01 -1.694748e-03 -3.638614e+00 -1.155765e-02 1.421107e-03 9.999322e-01 2.184503e+02
9.996224e-01 2.527000e-02 1.079034e-02 3.786301e-01 -2.526235e-02 9.996805e-01 -8.451615e-04 -3.665176e+00 -1.080825e-02 5.722531e-04 9.999414e-01 2.195513e+02
9.996471e-01 2.480327e-02 9.507260e-03 3.763193e-01 -2.481421e-02 9.996915e-01 1.034069e-03 -3.691593e+00 -9.478679e-03 -1.269619e-03 9.999543e-01 2.206456e+02
9.996595e-01 2.513826e-02 6.995189e-03 3.822807e-01 -2.515674e-02 9.996802e-01 2.565556e-03 -3.710852e+00 -6.928458e-03 -2.740658e-03 9.999722e-01 2.217320e+02
9.996467e-01 2.601260e-02 5.459977e-03 3.697990e-01 -2.602839e-02 9.996572e-01 2.840304e-03 -3.736183e+00 -5.384222e-03 -2.981415e-03 9.999811e-01 2.228091e+02
9.995710e-01 2.898562e-02 4.194579e-03 3.441892e-01 -2.899594e-02 9.995766e-01 2.418864e-03 -3.758486e+00 -4.122691e-03 -2.539452e-03 9.999883e-01 2.238701e+02
9.995645e-01 2.944351e-02 1.987457e-03 3.334894e-01 -2.944860e-02 9.995630e-01 2.579702e-03 -3.777613e+00 -1.910633e-03 -2.637106e-03 9.999947e-01 2.248907e+02
9.995598e-01 2.963855e-02 -1.344738e-03 3.269823e-01 -2.963422e-02 9.995559e-01 3.136371e-03 -3.799647e+00 1.437098e-03 -3.095140e-03 9.999942e-01 2.258790e+02
9.995439e-01 2.996232e-02 -3.766059e-03 3.096269e-01 -2.995198e-02 9.995475e-01 2.772164e-03 -3.819066e+00 3.847415e-03 -2.658099e-03 9.999891e-01 2.268594e+02
9.995602e-01 2.860448e-02 -7.818068e-03 3.084285e-01 -2.858984e-02 9.995893e-01 1.978626e-03 -3.832711e+00 7.871454e-03 -1.754239e-03 9.999675e-01 2.278170e+02
9.994827e-01 3.053281e-02 -1.010664e-02 2.773007e-01 -3.052010e-02 9.995332e-01 1.409461e-03 -3.853150e+00 1.014496e-02 -1.100276e-03 9.999479e-01 2.287421e+02
9.994370e-01 3.105978e-02 -1.269083e-02 2.524372e-01 -3.104928e-02 9.995173e-01 1.023595e-03 -3.871781e+00 1.271650e-02 -6.289780e-04 9.999189e-01 2.296424e+02
9.993750e-01 3.148118e-02 -1.607718e-02 2.349151e-01 -3.147747e-02 9.995043e-01 4.834132e-04 -3.892803e+00 1.608443e-02 2.295787e-05 9.998706e-01 2.305257e+02
9.992358e-01 3.468810e-02 -1.801336e-02 2.060254e-01 -3.468738e-02 9.993981e-01 3.523030e-04 -3.909574e+00 1.801474e-02 2.728026e-04 9.998377e-01 2.313796e+02
9.991637e-01 3.642973e-02 -1.856912e-02 1.801177e-01 -3.641850e-02 9.993362e-01 9.431100e-04 -3.928841e+00 1.859115e-02 -2.660619e-04 9.998271e-01 2.322257e+02
9.991638e-01 3.611388e-02 -1.917077e-02 1.634942e-01 -3.608482e-02 9.993470e-01 1.859654e-03 -3.947397e+00 1.922541e-02 -1.166325e-03 9.998145e-01 2.330517e+02
9.991606e-01 3.653308e-02 -1.853088e-02 1.426423e-01 -3.649397e-02 9.993309e-01 2.444027e-03 -3.963023e+00 1.860777e-02 -1.765710e-03 9.998253e-01 2.338485e+02
9.992220e-01 3.461816e-02 -1.889195e-02 1.307457e-01 -3.459083e-02 9.994000e-01 1.771851e-03 -3.977326e+00 1.894196e-02 -1.116984e-03 9.998200e-01 2.346392e+02
9.991944e-01 3.566365e-02 -1.840140e-02 1.088070e-01 -3.567507e-02 9.993634e-01 -2.931023e-04 -3.992837e+00 1.837923e-02 9.493373e-04 9.998306e-01 2.354228e+02
9.992221e-01 3.511478e-02 -1.794850e-02 9.450528e-02 -3.516683e-02 9.993781e-01 -2.592923e-03 -4.007977e+00 1.784629e-02 3.222098e-03 9.998356e-01 2.361918e+02
9.992973e-01 3.293985e-02 -1.788393e-02 9.114417e-02 -3.301813e-02 9.994463e-01 -4.099630e-03 -4.023405e+00 1.773899e-02 4.687243e-03 9.998317e-01 2.369519e+02
9.992267e-01 3.617455e-02 -1.540940e-02 5.937803e-02 -3.625052e-02 9.993318e-01 -4.679471e-03 -4.040547e+00 1.522982e-02 5.234451e-03 9.998703e-01 2.377083e+02
9.992703e-01 3.557888e-02 -1.389609e-02 4.899516e-02 -3.565130e-02 9.993518e-01 -4.999053e-03 -4.056761e+00 1.370922e-02 5.490819e-03 9.998909e-01 2.384565e+02
9.992763e-01 3.610500e-02 -1.197468e-02 3.246017e-02 -3.616719e-02 9.993332e-01 -5.017812e-03 -4.075259e+00 1.178552e-02 5.447270e-03 9.999157e-01 2.392050e+02
9.993216e-01 3.536549e-02 -1.028142e-02 2.463642e-02 -3.542102e-02 9.993586e-01 -5.269072e-03 -4.093006e+00 1.008848e-02 5.629675e-03 9.999333e-01 2.399454e+02
9.994277e-01 3.253803e-02 -9.251201e-03 2.956684e-02 -3.259566e-02 9.994497e-01 -6.148187e-03 -4.103046e+00 9.046060e-03 6.446217e-03 9.999383e-01 2.406717e+02
9.994688e-01 3.184608e-02 -6.924043e-03 2.545533e-02 -3.188607e-02 9.994750e-01 -5.743917e-03 -4.121721e+00 6.737487e-03 5.961646e-03 9.999595e-01 2.413866e+02
9.994661e-01 3.252559e-02 -3.088317e-03 1.139772e-02 -3.254161e-02 9.994564e-01 -5.284577e-03 -4.138135e+00 2.914755e-03 5.382254e-03 9.999813e-01 2.420578e+02
9.995676e-01 2.937566e-02 -1.277769e-03 2.166478e-02 -2.938166e-02 9.995560e-01 -4.958893e-03 -4.157732e+00 1.131531e-03 4.994291e-03 9.999869e-01 2.427406e+02
9.995625e-01 2.951361e-02 1.915460e-03 1.704066e-02 -2.950425e-02 9.995534e-01 -4.740772e-03 -4.176960e+00 -2.054522e-03 4.682184e-03 9.999869e-01 2.434271e+02
9.995286e-01 3.035451e-02 4.596100e-03 1.347595e-02 -3.033254e-02 9.995284e-01 -4.778052e-03 -4.199655e+00 -4.738968e-03 4.636389e-03 9.999780e-01 2.441072e+02
9.994874e-01 3.103223e-02 7.876405e-03 1.135329e-02 -3.099415e-02 9.995075e-01 -4.911383e-03 -4.216236e+00 -8.024937e-03 4.664743e-03 9.999569e-01 2.447786e+02
9.994692e-01 3.067336e-02 1.097793e-02 1.615383e-02 -3.060199e-02 9.995098e-01 -6.610987e-03 -4.226558e+00 -1.117533e-02 6.271531e-03 9.999179e-01 2.454516e+02
9.993652e-01 3.213734e-02 1.537637e-02 8.779297e-03 -3.202613e-02 9.994595e-01 -7.424782e-03 -4.243233e+00 -1.560667e-02 6.927623e-03 9.998542e-01 2.461366e+02
9.993407e-01 3.129820e-02 1.840178e-02 1.738076e-02 -3.118394e-02 9.994928e-01 -6.463846e-03 -4.260409e+00 -1.859475e-02 5.885744e-03 9.998098e-01 2.468230e+02
9.992428e-01 3.260065e-02 2.123719e-02 2.477390e-02 -3.248843e-02 9.994564e-01 -5.608242e-03 -4.281083e+00 -2.140848e-02 4.914032e-03 9.997587e-01 2.475249e+02
9.992637e-01 3.092027e-02 2.271718e-02 4.719711e-02 -3.079156e-02 9.995079e-01 -5.993708e-03 -4.296068e+00 -2.289133e-02 5.289797e-03 9.997240e-01 2.482484e+02
9.992061e-01 3.044926e-02 2.568932e-02 5.756373e-02 -3.025770e-02 9.995116e-01 -7.812644e-03 -4.311585e+00 -2.591466e-02 7.029142e-03 9.996394e-01 2.489613e+02
9.991984e-01 2.962308e-02 2.692570e-02 8.008765e-02 -2.934813e-02 9.995136e-01 -1.054969e-02 -4.325149e+00 -2.722512e-02 9.751010e-03 9.995818e-01 2.496662e+02
9.991789e-01 2.901676e-02 2.827721e-02 9.262681e-02 -2.868041e-02 9.995138e-01 -1.222855e-02 -4.341346e+00 -2.861829e-02 1.140751e-02 9.995253e-01 2.503723e+02
9.991665e-01 2.933688e-02 2.838376e-02 1.067596e-01 -2.899375e-02 9.995024e-01 -1.242595e-02 -4.361299e+00 -2.873418e-02 1.159265e-02 9.995199e-01 2.510790e+02
9.992061e-01 2.854747e-02 2.778815e-02 1.303344e-01 -2.819440e-02 9.995177e-01 -1.301590e-02 -4.381114e+00 -2.814632e-02 1.222209e-02 9.995291e-01 2.517819e+02
9.992198e-01 2.816209e-02 2.768964e-02 1.487171e-01 -2.779618e-02 9.995223e-01 -1.351208e-02 -4.400211e+00 -2.805694e-02 1.273187e-02 9.995252e-01 2.524912e+02
9.991252e-01 3.081434e-02 2.827371e-02 1.597321e-01 -3.042378e-02 9.994370e-01 -1.414142e-02 -4.421936e+00 -2.869356e-02 1.326885e-02 9.995002e-01 2.531999e+02
9.991732e-01 2.956848e-02 2.790437e-02 1.836402e-01 -2.913129e-02 9.994484e-01 -1.594627e-02 -4.445440e+00 -2.836049e-02 1.512019e-02 9.994834e-01 2.539197e+02
9.993216e-01 2.407904e-02 2.786759e-02 2.126827e-01 -2.356761e-02 9.995504e-01 -1.853716e-02 -4.465406e+00 -2.830142e-02 1.786781e-02 9.994397e-01 2.546245e+02
9.994114e-01 1.964024e-02 2.812807e-02 2.360990e-01 -1.909798e-02 9.996290e-01 -1.941904e-02 -4.486992e+00 -2.849903e-02 1.887042e-02 9.994157e-01 2.553257e+02
9.993228e-01 2.288823e-02 2.881024e-02 2.485257e-01 -2.245069e-02 9.996290e-01 -1.541991e-02 -4.505260e+00 -2.915249e-02 1.476266e-02 9.994660e-01 2.560362e+02
9.992913e-01 2.457197e-02 2.851458e-02 2.725542e-01 -2.431489e-02 9.996608e-01 -9.327650e-03 -4.524196e+00 -2.873411e-02 8.627711e-03 9.995499e-01 2.567812e+02
9.993238e-01 2.292606e-02 2.874646e-02 2.979097e-01 -2.276082e-02 9.997226e-01 -6.062408e-03 -4.545387e+00 -2.887747e-02 5.404015e-03 9.995684e-01 2.575602e+02
9.993341e-01 2.039892e-02 3.025332e-02 3.301920e-01 -2.014133e-02 9.997585e-01 -8.794757e-03 -4.560277e+00 -3.042542e-02 8.179558e-03 9.995036e-01 2.583542e+02
9.992294e-01 2.059138e-02 3.341498e-02 3.585171e-01 -2.008655e-02 9.996800e-01 -1.537383e-02 -4.574849e+00 -3.372085e-02 1.469079e-02 9.993233e-01 2.591377e+02
9.990601e-01 2.207860e-02 3.730341e-02 3.784995e-01 -2.137422e-02 9.995876e-01 -1.917679e-02 -4.593441e+00 -3.771143e-02 1.836143e-02 9.991200e-01 2.599057e+02
9.989533e-01 2.211735e-02 4.003962e-02 4.104120e-01 -2.136101e-02 9.995871e-01 -1.922004e-02 -4.615126e+00 -4.044818e-02 1.834463e-02 9.990132e-01 2.606898e+02
9.988598e-01 1.955922e-02 4.354959e-02 4.406368e-01 -1.883377e-02 9.996780e-01 -1.700659e-02 -4.640688e+00 -4.386821e-02 1.616700e-02 9.989065e-01 2.614626e+02
9.988600e-01 1.523445e-02 4.523857e-02 4.898438e-01 -1.460123e-02 9.997912e-01 -1.429503e-02 -4.661786e+00 -4.544690e-02 1.361820e-02 9.988739e-01 2.622534e+02
9.987629e-01 1.309838e-02 4.796893e-02 5.287215e-01 -1.249996e-02 9.998405e-01 -1.275386e-02 -4.686830e+00 -4.812834e-02 1.213847e-02 9.987674e-01 2.630642e+02
9.986029e-01 1.333418e-02 5.113105e-02 5.652428e-01 -1.272690e-02 9.998448e-01 -1.218432e-02 -4.712679e+00 -5.128558e-02 1.151655e-02 9.986176e-01 2.638843e+02
9.984130e-01 1.506056e-02 5.426425e-02 5.974646e-01 -1.429699e-02 9.997936e-01 -1.443226e-02 -4.737522e+00 -5.447041e-02 1.363354e-02 9.984223e-01 2.646981e+02
9.982607e-01 1.541924e-02 5.690192e-02 6.360782e-01 -1.449413e-02 9.997566e-01 -1.663490e-02 -4.764836e+00 -5.714456e-02 1.578122e-02 9.982412e-01 2.654982e+02
9.981132e-01 1.471647e-02 5.961128e-02 6.812437e-01 -1.372804e-02 9.997620e-01 -1.695710e-02 -4.788246e+00 -5.984664e-02 1.610676e-02 9.980776e-01 2.662987e+02
9.978949e-01 1.505591e-02 6.308014e-02 7.201216e-01 -1.415403e-02 9.997915e-01 -1.472003e-02 -4.817703e+00 -6.328861e-02 1.379620e-02 9.978999e-01 2.670963e+02
9.975874e-01 1.833479e-02 6.695639e-02 7.574811e-01 -1.748353e-02 9.997590e-01 -1.327759e-02 -4.841679e+00 -6.718369e-02 1.207492e-02 9.976676e-01 2.678839e+02
9.974194e-01 1.857066e-02 6.935233e-02 8.118692e-01 -1.767219e-02 9.997521e-01 -1.354629e-02 -4.866219e+00 -6.958669e-02 1.228572e-02 9.975003e-01 2.687064e+02
9.972084e-01 1.815319e-02 7.242830e-02 8.629614e-01 -1.718787e-02 9.997552e-01 -1.392904e-02 -4.891490e+00 -7.266343e-02 1.264527e-02 9.972764e-01 2.695128e+02
9.968915e-01 1.830702e-02 7.662978e-02 9.070896e-01 -1.726123e-02 9.997489e-01 -1.428750e-02 -4.917547e+00 -7.687211e-02 1.292036e-02 9.969572e-01 2.703188e+02
9.967151e-01 1.655351e-02 7.927731e-02 9.604142e-01 -1.551265e-02 9.997854e-01 -1.372729e-02 -4.940192e+00 -7.948754e-02 1.245239e-02 9.967581e-01 2.711152e+02
9.965998e-01 1.591890e-02 8.084200e-02 1.017375e+00 -1.483905e-02 9.997927e-01 -1.394093e-02 -4.965620e+00 -8.104716e-02 1.269391e-02 9.966294e-01 2.719459e+02
9.965268e-01 1.407670e-02 8.207424e-02 1.076576e+00 -1.294126e-02 9.998133e-01 -1.434993e-02 -4.986720e+00 -8.226092e-02 1.323795e-02 9.965229e-01 2.727576e+02
9.963815e-01 1.373342e-02 8.387619e-02 1.130004e+00 -1.254494e-02 9.998135e-01 -1.468005e-02 -5.007457e+00 -8.406216e-02 1.357471e-02 9.963680e-01 2.735797e+02
9.961269e-01 1.671715e-02 8.632298e-02 1.167563e+00 -1.552860e-02 9.997754e-01 -1.442189e-02 -5.032154e+00 -8.654468e-02 1.302556e-02 9.961628e-01 2.743990e+02
