1.000000e+00 0.000000e+00 0.000000e+00 0.000000e+00 0.000000e+00 1.000000e+00 0.000000e+00 0.000000e+00 0.000000e+00 0.000000e+00 1.000000e+00 0.000000e+00
1.000000e+00 0.000000e+00 0.000000e+00 0.000000e+00 0.000000e+00 1.000000e+00 0.000000e+00 0.000000e+00 0.000000e+00 0.000000e+00 1.000000e+00 0.000000e+00
9.999247e-01 8.506211e-03 -8.847827e-03 -7.808824e-02 -8.531748e-03 9.999595e-01 -2.852459e-03 -7.222827e-03 8.823205e-03 2.927731e-03 9.999568e-01 1.691520e-01
9.999247e-01 8.506211e-03 -8.847827e-03 -7.808824e-02 -8.531748e-03 9.999595e-01 -2.852459e-03 -7.222827e-03 8.823205e-03 2.927731e-03 9.999568e-01 1.691520e-01
9.996453e-01 1.623975e-02 -2.110931e-02 -1.533360e-01 -1.639629e-02 9.998392e-01 -7.263750e-03 -8.801448e-03 2.098796e-02 7.607288e-03 9.997508e-01 3.587206e-01
9.996453e-01 1.623975e-02 -2.110931e-02 -1.533360e-01 -1.639629e-02 9.998392e-01 -7.263750e-03 -8.801448e-03 2.098796e-02 7.607288e-03 9.997508e-01 3.587206e-01
9.988178e-01 1.974632e-02 -4.442022e-02 -2.104960e-01 -2.020204e-02 9.997476e-01 -9.833969e-03 -1.486509e-02 4.421482e-02 1.071972e-02 9.989645e-01 5.938095e-01
9.988178e-01 1.974632e-02 -4.442022e-02 -2.104960e-01 -2.020204e-02 9.997476e-01 -9.833969e-03 -1.486509e-02 4.421482e-02 1.071972e-02 9.989645e-01 5.938095e-01
9.967437e-01 2.010652e-02 -7.808774e-02 -2.766740e-01 -2.093080e-02 9.997334e-01 -9.751652e-03 -1.590881e-02 7.787085e-02 1.135434e-02 9.968988e-01 8.802689e-01
9.967437e-01 2.010652e-02 -7.808774e-02 -2.766740e-01 -2.093080e-02 9.997334e-01 -9.751652e-03 -1.590881e-02 7.787085e-02 1.135434e-02 9.968988e-01 8.802689e-01
9.927653e-01 2.149584e-02 -1.181312e-01 -3.747314e-01 -2.288038e-02 9.996844e-01 -1.037652e-02 -2.053148e-02 1.178708e-01 1.300433e-02 9.929438e-01 1.198944e+00
9.900603e-01 3.093428e-02 -1.371997e-01 -4.899094e-01 -3.348220e-02 9.993064e-01 -1.630155e-02 -1.467882e-02 1.366003e-01 2.073327e-02 9.904093e-01 1.332793e+00
9.866203e-01 4.039092e-02 -1.579521e-01 -6.003373e-01 -4.428068e-02 9.987945e-01 -2.118358e-02 -1.445444e-02 1.569061e-01 2.789438e-02 9.872195e-01 1.465688e+00
9.821790e-01 4.856964e-02 -1.815640e-01 -7.105285e-01 -5.373065e-02 9.982762e-01 -2.361263e-02 -2.388943e-02 1.801042e-01 3.294738e-02 9.830956e-01 1.618229e+00
9.821790e-01 4.856964e-02 -1.815640e-01 -7.105285e-01 -5.373065e-02 9.982762e-01 -2.361263e-02 -2.388943e-02 1.801042e-01 3.294738e-02 9.830956e-01 1.618229e+00
9.693000e-01 5.408709e-02 -2.398586e-01 -8.773288e-01 -6.099045e-02 9.979079e-01 -2.144637e-02 -3.071954e-02 2.381968e-01 3.541705e-02 9.705709e-01 1.978524e+00
9.615482e-01 5.949012e-02 -2.681156e-01 -1.009806e+00 -6.762142e-02 9.974861e-01 -2.118749e-02 -3.052524e-02 2.661811e-01 3.850315e-02 9.631537e-01 2.146515e+00
9.523443e-01 6.527331e-02 -2.979593e-01 -1.146915e+00 -7.474651e-02 9.969919e-01 -2.049763e-02 -3.012806e-02 2.957251e-01 4.179222e-02 9.543585e-01 2.307976e+00
9.421550e-01 7.203157e-02 -3.273460e-01 -1.298315e+00 -8.371308e-02 9.962532e-01 -2.171711e-02 -2.350122e-02 3.245552e-01 4.786403e-02 9.446549e-01 2.462801e+00
9.298194e-01 7.600096e-02 -3.600830e-01 -1.425635e+00 -8.890734e-02 9.958511e-01 -1.939033e-02 -2.111265e-02 3.571154e-01 5.004353e-02 9.327187e-01 2.651159e+00
9.170169e-01 8.058411e-02 -3.906228e-01 -1.589136e+00 -9.593630e-02 9.951883e-01 -1.991398e-02 -1.234729e-02 3.871384e-01 5.573636e-02 9.203354e-01 2.793549e+00
9.026028e-01 7.869362e-02 -4.232205e-01 -1.756568e+00 -9.671201e-02 9.950859e-01 -2.123150e-02 1.951689e-03 4.194700e-01 6.009411e-02 9.057779e-01 2.943962e+00
8.857102e-01 7.727616e-02 -4.577617e-01 -1.913592e+00 -9.805802e-02 9.949425e-01 -2.177040e-02 9.515394e-03 4.537643e-01 6.416948e-02 8.888083e-01 3.079198e+00
8.642496e-01 8.136042e-02 -4.964405e-01 -2.090020e+00 -1.030679e-01 9.945385e-01 -1.643765e-02 1.173517e-02 4.923918e-01 6.537330e-02 8.679151e-01 3.242330e+00
8.379072e-01 8.781744e-02 -5.387018e-01 -2.280988e+00 -1.099086e-01 9.939016e-01 -8.931262e-03 1.423194e-02 5.346322e-01 6.669151e-02 8.424492e-01 3.428678e+00
8.081659e-01 9.153312e-02 -5.817985e-01 -2.476197e+00 -1.145256e-01 9.934164e-01 -2.793349e-03 1.548979e-02 5.777125e-01 6.888830e-02 8.133281e-01 3.603041e+00
7.753076e-01 9.101718e-02 -6.249911e-01 -2.685875e+00 -1.143198e-01 9.934399e-01 2.859346e-03 1.705975e-02 6.211514e-01 6.923200e-02 7.806266e-01 3.785276e+00
7.395119e-01 8.733495e-02 -6.674539e-01 -2.908123e+00 -1.097693e-01 9.939213e-01 8.432529e-03 2.545074e-02 6.641331e-01 6.703002e-02 7.446034e-01 3.958018e+00
7.006660e-01 8.465761e-02 -7.084492e-01 -3.151980e+00 -1.062717e-01 9.942427e-01 1.370495e-02 3.497048e-02 7.055307e-01 6.568550e-02 7.056287e-01 4.126390e+00
6.591925e-01 8.392527e-02 -7.472763e-01 -3.410212e+00 -1.031989e-01 9.944464e-01 2.064998e-02 4.510760e-02 7.448592e-01 6.350577e-02 6.641926e-01 4.289225e+00
6.148318e-01 8.488428e-02 -7.840769e-01 -3.677177e+00 -1.007196e-01 9.945012e-01 2.868583e-02 5.456280e-02 7.822004e-01 6.133497e-02 6.200004e-01 4.429197e+00
5.669299e-01 8.496895e-02 -8.193722e-01 -3.964823e+00 -9.803216e-02 9.945568e-01 3.530639e-02 7.410197e-02 8.179121e-01 6.030858e-02 5.721736e-01 4.567790e+00
5.179569e-01 8.695871e-02 -8.509752e-01 -4.260021e+00 -9.765974e-02 9.943262e-01 4.216549e-02 9.502150e-02 8.498136e-01 6.126611e-02 5.235105e-01 4.673937e+00
4.678514e-01 9.012254e-02 -8.792002e-01 -4.566631e+00 -9.964523e-02 9.938233e-01 4.884749e-02 1.159175e-01 8.781719e-01 6.475474e-02 4.739419e-01 4.750896e+00
4.156999e-01 9.316175e-02 -9.047179e-01 -4.900300e+00 -1.010011e-01 9.933159e-01 5.587699e-02 1.348751e-01 9.038763e-01 6.814943e-02 4.223307e-01 4.830535e+00
3.629465e-01 9.604656e-02 -9.268467e-01 -5.281447e+00 -9.706104e-02 9.931595e-01 6.490997e-02 1.608409e-01 9.267411e-01 6.640186e-02 3.697862e-01 4.929593e+00
3.124230e-01 9.766799e-02 -9.449089e-01 -5.707147e+00 -9.307258e-02 9.930619e-01 7.187185e-02 1.963251e-01 9.453726e-01 6.549069e-02 3.193456e-01 5.005482e+00
2.635070e-01 9.816676e-02 -9.596496e-01 -6.114804e+00 -9.053458e-02 9.929344e-01 7.671201e-02 2.276611e-01 9.603997e-01 6.666732e-02 2.705327e-01 5.065633e+00
2.180070e-01 9.975300e-02 -9.708359e-01 -6.538223e+00 -9.420265e-02 9.922686e-01 8.080144e-02 2.669748e-01 9.713901e-01 7.384003e-02 2.257185e-01 5.097950e+00
1.770528e-01 1.002100e-01 -9.790864e-01 -6.958283e+00 -9.596886e-02 9.918202e-01 8.415879e-02 3.060653e-01 9.795113e-01 7.906126e-02 1.852216e-01 5.123458e+00
1.400694e-01 9.903846e-02 -9.851761e-01 -7.410800e+00 -9.615537e-02 9.916426e-01 8.601745e-02 3.470088e-01 9.854617e-01 8.268156e-02 1.484218e-01 5.151174e+00
1.071368e-01 9.660053e-02 -9.895403e-01 -7.894580e+00 -9.539544e-02 9.916758e-01 8.648060e-02 3.904100e-01 9.896572e-01 8.513238e-02 1.154602e-01 5.164132e+00
7.684844e-02 9.369165e-02 -9.926309e-01 -8.385837e+00 -9.387634e-02 9.918322e-01 8.634845e-02 4.329561e-01 9.926135e-01 8.654881e-02 8.501619e-02 5.170838e+00
5.083309e-02 9.162235e-02 -9.944955e-01 -9.356926e+00 -9.303467e-02 9.918873e-01 8.662663e-02 5.162814e-01 9.943644e-01 8.811906e-02 5.894475e-02 5.170608e+00
3.016896e-02 8.880690e-02 -9.955919e-01 -1.039483e+01 -9.252375e-02 9.920169e-01 8.568431e-02 6.178827e-01 9.952533e-01 8.953088e-02 3.814486e-02 5.169294e+00
1.458273e-02 8.774704e-02 -9.960360e-01 -1.136288e+01 -9.043779e-02 9.921748e-01 8.608280e-02 7.038531e-01 9.957953e-01 8.882397e-02 2.240427e-02 5.159083e+00
1.886610e-03 8.833930e-02 -9.960887e-01 -1.258080e+01 -8.899562e-02 9.921528e-01 8.782168e-02 8.044157e-01 9.960302e-01 8.848185e-02 9.733616e-03 5.139733e+00
-7.864183e-03 8.970065e-02 -9.959377e-01 -1.312193e+01 -8.938622e-02 9.919184e-01 9.004446e-02 8.416192e-01 9.959660e-01 8.973123e-02 2.173748e-04 5.126915e+00
-1.414489e-02 9.138009e-02 -9.957156e-01 -1.366394e+01 -9.082907e-02 9.915808e-01 9.229092e-02 8.833186e-01 9.957660e-01 9.174537e-02 -5.725831e-03 5.105544e+00
-1.808675e-02 9.232211e-02 -9.955649e-01 -1.424022e+01 -9.024101e-02 9.915131e-01 9.358581e-02 9.331225e-01 9.957557e-01 9.153344e-02 -9.602011e-03 5.089816e+00
-1.980533e-02 9.264868e-02 -9.955019e-01 -1.481830e+01 -8.827607e-02 9.916464e-01 9.404610e-02 9.871132e-01 9.958991e-01 8.974160e-02 -1.146123e-02 5.086131e+00
-1.867674e-02 9.446206e-02 -9.953533e-01 -1.541519e+01 -8.557004e-02 9.917232e-01 9.572318e-02 1.041245e+00 9.961571e-01 8.696021e-02 -1.043903e-02 5.081362e+00
-1.742816e-02 9.697612e-02 -9.951341e-01 -1.602703e+01 -8.540406e-02 9.915034e-01 9.811802e-02 1.091284e+00 9.961940e-01 8.669851e-02 -8.997921e-03 5.077150e+00
-1.617437e-02 9.715004e-02 -9.951383e-01 -1.669283e+01 -8.645331e-02 9.914053e-01 9.819076e-02 1.147069e+00 9.961246e-01 8.762117e-02 -7.636414e-03 5.069880e+00
-1.461457e-02 9.477579e-02 -9.953914e-01 -1.737128e+01 -8.883566e-02 9.914379e-01 9.570367e-02 1.206145e+00 9.959391e-01 8.982492e-02 -6.069967e-03 5.057064e+00
-1.362702e-02 9.466633e-02 -9.954158e-01 -1.869351e+01 -8.848788e-02 9.914882e-01 9.550419e-02 1.327005e+00 9.959840e-01 8.938367e-02 -5.134206e-03 5.057017e+00
-1.199450e-02 9.705962e-02 -9.952063e-01 -1.936441e+01 -8.839137e-02 9.912787e-01 9.774189e-02 1.390602e+00 9.960136e-01 8.914001e-02 -3.310663e-03 5.054504e+00
-1.001409e-02 1.007526e-01 -9.948611e-01 -2.006284e+01 -9.103810e-02 9.906873e-01 1.012463e-01 1.450883e+00 9.957971e-01 9.158416e-02 -7.485072e-04 5.042597e+00
-8.835919e-03 1.027815e-01 -9.946647e-01 -2.078662e+01 -9.083899e-02 9.905082e-01 1.031590e-01 1.510408e+00 9.958264e-01 9.126584e-02 5.845176e-04 5.050457e+00
-7.150535e-03 1.018558e-01 -9.947735e-01 -2.157587e+01 -9.182279e-02 9.905292e-01 1.020812e-01 1.586246e+00 9.957497e-01 9.207281e-02 2.269868e-03 5.049687e+00
-5.469613e-03 9.906342e-02 -9.950661e-01 -2.237572e+01 -9.574084e-02 9.904579e-01 9.913091e-02 1.659950e+00 9.953913e-01 9.581067e-02 4.066995e-03 5.041131e+00
-3.839227e-03 9.846211e-02 -9.951334e-01 -2.319057e+01 -9.653336e-02 9.904566e-01 9.837180e-02 1.735214e+00 9.953223e-01 9.644124e-02 5.702290e-03 5.038414e+00
-1.717372e-03 1.004185e-01 -9.949438e-01 -2.533478e+01 -9.504135e-02 9.904251e-01 1.001264e-01 1.930153e+00 9.954718e-01 9.473276e-02 7.842979e-03 5.034166e+00
-2.067048e-04 1.022230e-01 -9.947615e-01 -2.614185e+01 -9.425597e-02 9.903308e-01 1.017873e-01 2.002964e+00 9.955480e-01 9.378325e-02 9.430426e-03 5.034538e+00
1.103099e-03 1.041347e-01 -9.945626e-01 -2.696295e+01 -9.339195e-02 9.902271e-01 1.035772e-01 2.071599e+00 9.956288e-01 9.276988e-02 1.081766e-02 5.037355e+00
2.163722e-03 9.953695e-02 -9.950315e-01 -2.782332e+01 -9.384993e-02 9.906623e-01 9.889580e-02 2.146099e+00 9.955840e-01 9.316966e-02 1.148505e-02 5.035977e+00
2.871770e-03 9.236102e-02 -9.957214e-01 -2.971698e+01 -9.293561e-02 9.914408e-01 9.169591e-02 2.305546e+00 9.956680e-01 9.227465e-02 1.143082e-02 5.039059e+00
2.179847e-03 8.763585e-02 -9.961502e-01 -3.051574e+01 -8.904637e-02 9.922123e-01 8.709456e-02 2.371943e+00 9.960251e-01 8.851371e-02 9.966526e-03 5.058561e+00
2.061915e-03 8.810371e-02 -9.961092e-01 -3.127456e+01 -8.848019e-02 9.922205e-01 8.757662e-02 2.435910e+00 9.960758e-01 8.795535e-02 9.841308e-03 5.059271e+00
2.389668e-03 9.527691e-02 -9.954479e-01 -3.206807e+01 -8.871031e-02 9.915464e-01 9.469052e-02 2.499441e+00 9.960546e-01 8.808022e-02 1.082151e-02 5.059494e+00
1.706543e-03 1.022674e-01 -9.947555e-01 -3.288982e+01 -8.978559e-02 9.907549e-01 1.017020e-01 2.570639e+00 9.959597e-01 8.914114e-02 1.087290e-02 5.064196e+00
2.804237e-03 1.072312e-01 -9.942302e-01 -3.373627e+01 -9.326920e-02 9.899281e-01 1.065041e-01 2.648513e+00 9.956370e-01 9.243239e-02 1.277736e-02 5.047260e+00
2.850297e-03 1.074164e-01 -9.942100e-01 -3.459089e+01 -9.463878e-02 9.897807e-01 1.066665e-01 2.723835e+00 9.955076e-01 9.378680e-02 1.298692e-02 5.042897e+00
3.227196e-03 1.039925e-01 -9.945728e-01 -3.547221e+01 -9.598791e-02 9.900177e-01 1.032047e-01 2.801070e+00 9.953773e-01 9.513390e-02 1.317700e-02 5.033703e+00
2.940546e-03 1.012710e-01 -9.948545e-01 -3.636010e+01 -9.701969e-02 9.901944e-01 1.005099e-01 2.880234e+00 9.952781e-01 9.622492e-02 1.273700e-02 5.033335e+00
2.609760e-03 1.023766e-01 -9.947423e-01 -3.724750e+01 -9.803694e-02 9.899799e-01 1.016292e-01 2.960549e+00 9.951794e-01 9.725627e-02 1.262029e-02 5.036983e+00
2.546432e-03 1.050073e-01 -9.944682e-01 -3.810202e+01 -9.834897e-02 9.896765e-01 1.042495e-01 3.029394e+00 9.951487e-01 9.753946e-02 1.284750e-02 5.041244e+00
2.933972e-03 1.037652e-01 -9.945975e-01 -3.897566e+01 -1.005894e-01 9.895878e-01 1.029459e-01 3.097387e+00 9.949237e-01 9.974388e-02 1.334110e-02 5.037171e+00
2.705612e-03 9.855480e-02 -9.951279e-01 -4.031561e+01 -1.005751e-01 9.901125e-01 9.778464e-02 3.211889e+00 9.949258e-01 9.982057e-02 1.259102e-02 5.055161e+00
2.450761e-03 9.465861e-02 -9.955068e-01 -4.113782e+01 -1.009334e-01 9.904493e-01 9.392923e-02 3.279232e+00 9.948902e-01 1.002497e-01 1.198157e-02 5.062236e+00
1.939824e-03 9.535685e-02 -9.954413e-01 -4.194466e+01 -9.913394e-02 9.905580e-01 9.469588e-02 3.343198e+00 9.950722e-01 9.849832e-02 1.137461e-02 5.078652e+00
2.432656e-03 9.798188e-02 -9.951852e-01 -4.275574e+01 -9.856889e-02 9.903653e-01 9.726638e-02 3.401818e+00 9.951273e-01 9.785769e-02 1.206718e-02 5.082713e+00
3.881465e-03 1.028093e-01 -9.946935e-01 -4.356085e+01 -9.960191e-02 9.897944e-01 1.019143e-01 3.470118e+00 9.950198e-01 9.867780e-02 1.408186e-02 5.073632e+00
4.763258e-03 1.085115e-01 -9.940838e-01 -4.442862e+01 -1.001675e-01 9.891470e-01 1.074927e-01 3.545058e+00 9.949592e-01 9.906289e-02 1.558089e-02 5.075672e+00
4.095948e-03 1.117106e-01 -9.937323e-01 -4.528881e+01 -9.866325e-02 9.889372e-01 1.107649e-01 3.618958e+00 9.951124e-01 9.759117e-02 1.507237e-02 5.092426e+00
3.969211e-03 1.113341e-01 -9.937751e-01 -4.617907e+01 -9.778190e-02 9.890637e-01 1.104158e-01 3.701748e+00 9.952000e-01 9.673496e-02 1.481227e-02 5.105418e+00
3.505112e-03 1.067556e-01 -9.942791e-01 -4.707247e+01 -9.640944e-02 9.896896e-01 1.059230e-01 3.784593e+00 9.953356e-01 9.548662e-02 1.376122e-02 5.119996e+00
3.783352e-03 1.024735e-01 -9.947285e-01 -4.794773e+01 -9.652265e-02 9.901284e-01 1.016325e-01 3.860635e+00 9.953236e-01 9.562932e-02 1.363702e-02 5.127898e+00
3.307091e-03 1.001331e-01 -9.949686e-01 -4.879923e+01 -1.001094e-01 9.900088e-01 9.930123e-02 3.932464e+00 9.949709e-01 9.927734e-02 1.329832e-02 5.130676e+00
2.687049e-03 9.887318e-02 -9.950964e-01 -4.966722e+01 -1.036977e-01 9.897628e-01 9.806322e-02 4.002525e+00 9.946052e-01 1.029257e-01 1.291246e-02 5.126025e+00
2.000064e-03 9.658237e-02 -9.953230e-01 -5.052433e+01 -1.002278e-01 9.903324e-01 9.589669e-02 4.070476e+00 9.949625e-01 9.956719e-02 1.166096e-02 5.136169e+00
1.336818e-03 9.231961e-02 -9.957285e-01 -5.137586e+01 -9.760742e-02 9.909868e-01 9.174894e-02 4.140749e+00 9.952241e-01 9.706784e-02 1.033585e-02 5.136712e+00
-4.117722e-04 9.042314e-02 -9.959034e-01 -5.219551e+01 -9.040204e-02 9.918222e-01 9.008997e-02 4.203455e+00 9.959053e-01 9.006879e-02 7.766032e-03 5.162846e+00
-2.433970e-03 9.359500e-02 -9.956074e-01 -5.300297e+01 -8.848734e-02 9.916847e-01 9.344256e-02 4.268769e+00 9.960743e-01 8.832609e-02 5.868242e-03 5.167237e+00
-4.483571e-03 9.989255e-02 -9.949881e-01 -5.384055e+01 -8.492582e-02 9.913654e-01 9.991153e-02 4.329703e+00 9.963772e-01 8.494814e-02 4.038599e-03 5.176212e+00
-6.582446e-03 1.033363e-01 -9.946247e-01 -5.468334e+01 -8.161574e-02 9.912723e-01 1.035281e-01 4.400272e+00 9.966421e-01 8.185850e-02 1.908869e-03 5.182260e+00
-8.154169e-03 1.025162e-01 -9.946979e-01 -5.552335e+01 -8.197634e-02 9.913142e-01 1.028394e-01 4.467971e+00 9.966009e-01 8.238027e-02 3.205554e-04 5.174900e+00
-9.748136e-03 9.912879e-02 -9.950269e-01 -5.637227e+01 -8.459487e-02 9.914251e-01 9.959873e-02 4.533845e+00 9.963677e-01 8.514507e-02 -1.278761e-03 5.164723e+00
-1.171571e-02 9.572283e-02 -9.953391e-01 -5.720622e+01 -8.806992e-02 9.914402e-01 9.638450e-02 4.605008e+00 9.960454e-01 8.878865e-02 -3.185122e-03 5.151592e+00
-1.335552e-02 9.467423e-02 -9.954187e-01 -5.802422e+01 -9.189054e-02 9.911787e-01 9.550385e-02 4.670075e+00 9.956795e-01 9.274507e-02 -4.538040e-03 5.134946e+00
-1.480980e-02 9.549782e-02 -9.953195e-01 -5.926199e+01 -9.355212e-02 9.909298e-01 9.646864e-02 4.771605e+00 9.955042e-01 9.454293e-02 -5.741452e-03 5.115134e+00
-1.598771e-02 9.687132e-02 -9.951685e-01 -6.086661e+01 -9.334304e-02 9.908045e-01 9.794611e-02 4.900087e+00 9.955056e-01 9.445798e-02 -6.798429e-03 5.095400e+00
-1.780648e-02 9.677350e-02 -9.951471e-01 -6.267451e+01 -9.405106e-02 9.907296e-01 9.802680e-02 5.038417e+00 9.954081e-01 9.534016e-02 -8.539753e-03 5.077356e+00
-1.866534e-02 9.632843e-02 -9.951746e-01 -6.476150e+01 -9.584353e-02 9.905918e-01 9.768247e-02 5.207254e+00 9.952214e-01 9.720432e-02 -9.257273e-03 5.034764e+00
-1.963971e-02 9.792622e-02 -9.949999e-01 -6.667309e+01 -9.425341e-02 9.905784e-01 9.935148e-02 5.360061e+00 9.953545e-01 9.573336e-02 -1.022479e-02 5.015684e+00
-2.059192e-02 1.008644e-01 -9.946871e-01 -6.846536e+01 -9.224912e-02 9.904622e-01 1.023457e-01 5.507035e+00 9.955230e-01 9.386650e-02 -1.109087e-02 5.012686e+00
-2.109943e-02 1.045767e-01 -9.942930e-01 -6.940728e+01 -9.220626e-02 9.900722e-01 1.060894e-01 5.593303e+00 9.955164e-01 9.391847e-02 -1.124734e-02 4.998599e+00
-2.126780e-02 1.067698e-01 -9.940563e-01 -7.116198e+01 -9.372096e-02 9.896899e-01 1.083060e-01 5.742946e+00 9.953713e-01 9.546734e-02 -1.104195e-02 4.948670e+00
-2.141477e-02 1.066123e-01 -9.940700e-01 -7.281170e+01 -9.415358e-02 9.896640e-01 1.081681e-01 5.887210e+00 9.953273e-01 9.591164e-02 -1.115549e-02 4.903110e+00
-2.198548e-02 1.044861e-01 -9.942833e-01 -7.445256e+01 -9.315550e-02 9.899829e-01 1.060940e-01 6.027699e+00 9.954088e-01 9.495549e-02 -1.203180e-02 4.883606e+00
-2.267973e-02 1.010971e-01 -9.946180e-01 -7.603270e+01 -9.293689e-02 9.903527e-01 1.027827e-01 6.154671e+00 9.954137e-01 9.476779e-02 -1.306529e-02 4.869693e+00
-2.318190e-02 9.929807e-02 -9.947877e-01 -7.681525e+01 -9.170652e-02 9.906485e-01 1.010220e-01 6.202974e+00 9.955162e-01 9.357040e-02 -1.385884e-02 4.864712e+00
-2.242779e-02 9.704603e-02 -9.950272e-01 -7.758300e+01 -9.204568e-02 9.908498e-01 9.871330e-02 6.266135e+00 9.955022e-01 9.380188e-02 -1.328990e-02 4.853163e+00
-2.037600e-02 9.630670e-02 -9.951431e-01 -7.832456e+01 -9.434544e-02 9.907230e-01 9.781070e-02 6.327014e+00 9.953310e-01 9.588021e-02 -1.110088e-02 4.839053e+00
-1.568792e-02 9.742978e-02 -9.951188e-01 -7.901910e+01 -9.621077e-02 9.904761e-01 9.849198e-02 6.379254e+00 9.952373e-01 9.728627e-02 -6.164719e-03 4.818156e+00
-9.088754e-03 9.898129e-02 -9.950478e-01 -7.970936e+01 -9.719603e-02 9.902896e-01 9.939576e-02 6.433425e+00 9.952238e-01 9.761808e-02 6.200904e-04 4.808393e+00
-1.565226e-03 1.002287e-01 -9.949632e-01 -8.042460e+01 -9.783512e-02 9.901759e-01 9.990031e-02 6.488959e+00 9.952014e-01 9.749871e-02 8.256035e-03 4.809900e+00
8.464794e-03 1.017811e-01 -9.947708e-01 -8.110445e+01 -1.015642e-01 9.897494e-01 1.004031e-01 6.538752e+00 9.947930e-01 1.001832e-01 1.871534e-02 4.803213e+00
2.030580e-02 1.031257e-01 -9.944610e-01 -8.178078e+01 -1.047127e-01 9.894151e-01 1.004643e-01 6.595228e+00 9.942952e-01 1.020927e-01 3.088944e-02 4.817554e+00
3.455291e-02 1.047157e-01 -9.939018e-01 -8.243466e+01 -1.079430e-01 9.890689e-01 1.004539e-01 6.646160e+00 9.935564e-01 1.038138e-01 4.547854e-02 4.849646e+00
5.260985e-02 1.061739e-01 -9.929548e-01 -8.303874e+01 -1.117152e-01 9.887160e-01 9.980159e-02 6.690477e+00 9.923467e-01 1.056776e-01 6.387744e-02 4.891256e+00
7.458622e-02 1.068680e-01 -9.914717e-01 -8.368534e+01 -1.136204e-01 9.886772e-01 9.801938e-02 6.739452e+00 9.907206e-01 1.053405e-01 8.588408e-02 4.954425e+00
9.967627e-02 1.071530e-01 -9.892335e-01 -8.429083e+01 -1.135675e-01 9.889129e-01 9.567506e-02 6.777504e+00 9.885176e-01 1.028083e-01 1.107402e-01 5.044066e+00
1.285530e-01 1.058926e-01 -9.860329e-01 -8.488380e+01 -1.118387e-01 9.894879e-01 9.168283e-02 6.821840e+00 9.853762e-01 9.849051e-02 1.390446e-01 5.152707e+00
1.619185e-01 1.057047e-01 -9.811264e-01 -8.541187e+01 -1.122872e-01 9.897622e-01 8.810397e-02 6.851556e+00 9.803948e-01 9.590228e-02 1.721301e-01 5.272553e+00
1.975221e-01 1.050031e-01 -9.746586e-01 -8.590478e+01 -1.107289e-01 9.902736e-01 8.424526e-02 6.878540e+00 9.740247e-01 9.128260e-02 2.072278e-01 5.423797e+00
2.367029e-01 1.042940e-01 -9.659682e-01 -8.637299e+01 -1.111037e-01 9.906055e-01 7.972895e-02 6.897198e+00 9.652086e-01 8.845056e-02 2.460666e-01 5.584850e+00
2.801212e-01 1.043642e-01 -9.542747e-01 -8.683991e+01 -1.104184e-01 9.909778e-01 7.596562e-02 6.918704e+00 9.535931e-01 8.408989e-02 2.891176e-01 5.769057e+00
3.260335e-01 1.018913e-01 -9.398512e-01 -8.728352e+01 -1.070365e-01 9.917604e-01 7.038797e-02 6.930681e+00 9.392792e-01 7.764956e-02 3.342532e-01 5.985353e+00
3.744233e-01 9.643135e-02 -9.222300e-01 -8.771360e+01 -1.008625e-01 9.929118e-01 6.287211e-02 6.939929e+00 9.217559e-01 6.947767e-02 3.814956e-01 6.222425e+00
4.228288e-01 8.901636e-02 -9.018270e-01 -8.811130e+01 -9.377220e-02 9.941194e-01 5.416039e-02 6.945643e+00 9.013449e-01 6.166572e-02 4.286896e-01 6.492879e+00
4.727803e-01 8.288139e-02 -8.772739e-01 -8.850011e+01 -8.840677e-02 9.950050e-01 4.636001e-02 6.959920e+00 8.767343e-01 5.563885e-02 4.777460e-01 6.769809e+00
5.189973e-01 7.831903e-02 -8.511803e-01 -8.883889e+01 -8.370384e-02 9.956642e-01 4.057587e-02 6.970904e+00 8.506676e-01 5.018829e-02 5.233027e-01 7.080336e+00
5.631706e-01 7.322090e-02 -8.230903e-01 -8.915737e+01 -7.707528e-02 9.963787e-01 3.590034e-02 6.972597e+00 8.227383e-01 4.322189e-02 5.667747e-01 7.388084e+00
6.044852e-01 6.553522e-02 -7.939161e-01 -8.944518e+01 -6.565863e-02 9.973182e-01 3.233312e-02 6.969625e+00 7.939059e-01 3.258255e-02 6.071671e-01 7.711184e+00
6.458446e-01 5.728506e-02 -7.613168e-01 -8.975031e+01 -5.458830e-02 9.980937e-01 2.879262e-02 6.974462e+00 7.615149e-01 2.296343e-02 6.477405e-01 8.063158e+00
6.847237e-01 4.943875e-02 -7.271239e-01 -9.004545e+01 -4.993025e-02 9.985346e-01 2.087384e-02 6.978269e+00 7.270904e-01 2.201267e-02 6.861888e-01 8.441175e+00
7.227679e-01 4.454424e-02 -6.896538e-01 -9.035827e+01 -5.253023e-02 9.985747e-01 9.444732e-03 6.980852e+00 6.890916e-01 2.940132e-02 7.240776e-01 8.844647e+00
7.595218e-01 3.557184e-02 -6.495085e-01 -9.068571e+01 -5.253895e-02 9.985961e-01 -6.747524e-03 6.980776e+00 6.483566e-01 3.924939e-02 7.603244e-01 9.356628e+00
7.954249e-01 3.283722e-02 -6.051619e-01 -9.108550e+01 -5.613712e-02 9.982303e-01 -1.962079e-02 6.975331e+00 6.034466e-01 4.957891e-02 7.958606e-01 1.002010e+01
8.295962e-01 3.164816e-02 -5.574662e-01 -9.147397e+01 -5.603589e-02 9.980709e-01 -2.672817e-02 6.955822e+00 5.555449e-01 5.341170e-02 8.297693e-01 1.071830e+01
8.607041e-01 3.047178e-02 -5.081928e-01 -9.183161e+01 -5.453539e-02 9.979820e-01 -3.252415e-02 6.927684e+00 5.061762e-01 5.570816e-02 8.606290e-01 1.146295e+01
8.878957e-01 2.962648e-02 -4.590899e-01 -9.215734e+01 -5.316038e-02 9.978466e-01 -3.841990e-02 6.882833e+00 4.569630e-01 5.851826e-02 8.875587e-01 1.228103e+01
9.113598e-01 3.017749e-02 -4.105029e-01 -9.249841e+01 -5.111744e-02 9.978861e-01 -4.012804e-02 6.824486e+00 4.084242e-01 5.755494e-02 9.109759e-01 1.317661e+01
9.297397e-01 3.499043e-02 -3.665512e-01 -9.277634e+01 -5.394336e-02 9.976776e-01 -4.158795e-02 6.769213e+00 3.642447e-01 5.843897e-02 9.294679e-01 1.404112e+01
9.450381e-01 3.811882e-02 -3.247306e-01 -9.305377e+01 -5.580797e-02 9.974119e-01 -4.533141e-02 6.719086e+00 3.221622e-01 6.096247e-02 9.447196e-01 1.493641e+01
9.566776e-01 4.281681e-02 -2.879840e-01 -9.334284e+01 -5.840320e-02 9.972444e-01 -4.574634e-02 6.660525e+00 2.852317e-01 6.058368e-02 9.565420e-01 1.597843e+01
9.653195e-01 4.386484e-02 -2.573599e-01 -9.362839e+01 -5.743148e-02 9.973151e-01 -4.543312e-02 6.588033e+00 2.546760e-01 5.863803e-02 9.652470e-01 1.710992e+01
9.714869e-01 4.204837e-02 -2.333349e-01 -9.385895e+01 -5.411784e-02 9.974944e-01 -4.556439e-02 6.528371e+00 2.308344e-01 5.689279e-02 9.713283e-01 1.825571e+01
9.763176e-01 4.107838e-02 -2.124067e-01 -9.407901e+01 -5.170406e-02 9.976610e-01 -4.471274e-02 6.466363e+00 2.100731e-01 5.463612e-02 9.761579e-01 1.938036e+01
9.800180e-01 4.182085e-02 -1.944627e-01 -9.427808e+01 -5.111474e-02 9.977657e-01 -4.302085e-02 6.404194e+00 1.922291e-01 5.210112e-02 9.799660e-01 2.048473e+01
9.827580e-01 4.759305e-02 -1.786660e-01 -9.440942e+01 -5.599325e-02 9.975360e-01 -4.226898e-02 6.368000e+00 1.762141e-01 5.154427e-02 9.830014e-01 2.117445e+01
9.848950e-01 5.140726e-02 -1.653457e-01 -9.452633e+01 -5.908100e-02 9.973765e-01 -4.182867e-02 6.331960e+00 1.627616e-01 5.096564e-02 9.853482e-01 2.184581e+01
9.870951e-01 5.016204e-02 -1.520760e-01 -9.463388e+01 -5.728120e-02 9.974404e-01 -4.279666e-02 6.294047e+00 1.495400e-01 5.095547e-02 9.874418e-01 2.255619e+01
9.890705e-01 4.932492e-02 -1.389479e-01 -9.472222e+01 -5.589775e-02 9.974751e-01 -4.380374e-02 6.254520e+00 1.364365e-01 5.109186e-02 9.893304e-01 2.326952e+01
9.909405e-01 4.958102e-02 -1.248147e-01 -9.480641e+01 -5.541123e-02 9.975078e-01 -4.367901e-02 6.217261e+00 1.223380e-01 5.019943e-02 9.912182e-01 2.398595e+01
9.925294e-01 5.170047e-02 -1.105097e-01 -9.489132e+01 -5.684313e-02 9.974174e-01 -4.390142e-02 6.178860e+00 1.079546e-01 4.985517e-02 9.929050e-01 2.471261e+01
9.939278e-01 4.868690e-02 -9.867719e-02 -9.495156e+01 -5.358234e-02 9.974291e-01 -4.758186e-02 6.136639e+00 9.610690e-02 5.258029e-02 9.939813e-01 2.544551e+01
9.949627e-01 4.773644e-02 -8.814994e-02 -9.501723e+01 -5.256306e-02 9.971958e-01 -5.326951e-02 6.088439e+00 8.535985e-02 5.763460e-02 9.946818e-01 2.621460e+01
9.958102e-01 4.330606e-02 -8.053949e-02 -9.505117e+01 -4.821170e-02 9.970336e-01 -5.999667e-02 6.041124e+00 7.770236e-02 6.362825e-02 9.949441e-01 2.695076e+01
9.964314e-01 4.242367e-02 -7.296997e-02 -9.510082e+01 -4.686151e-02 9.970845e-01 -6.022067e-02 5.989964e+00 7.020244e-02 6.342526e-02 9.955144e-01 2.769900e+01
9.968324e-01 4.329224e-02 -6.671477e-02 -9.514663e+01 -4.695915e-02 9.974137e-01 -5.441266e-02 5.940022e+00 6.418658e-02 5.737317e-02 9.962873e-01 2.844654e+01
9.969690e-01 4.717526e-02 -6.186604e-02 -9.520361e+01 -5.008744e-02 9.976665e-01 -4.639765e-02 5.884774e+00 5.953285e-02 4.935573e-02 9.970054e-01 2.924490e+01
9.972266e-01 4.633844e-02 -5.823986e-02 -9.524390e+01 -4.886438e-02 9.978913e-01 -4.272211e-02 5.829485e+00 5.613738e-02 4.544947e-02 9.973881e-01 3.004447e+01
9.974954e-01 4.433601e-02 -5.511107e-02 -9.528801e+01 -4.678225e-02 9.979391e-01 -4.391923e-02 5.778248e+00 5.305029e-02 4.638745e-02 9.975138e-01 3.086562e+01
9.977664e-01 4.195705e-02 -5.197809e-02 -9.532939e+01 -4.431350e-02 9.980017e-01 -4.504432e-02 5.729495e+00 4.998429e-02 4.724704e-02 9.976318e-01 3.165832e+01
9.979678e-01 3.987006e-02 -4.970551e-02 -9.536493e+01 -4.201591e-02 9.981955e-01 -4.290093e-02 5.680988e+00 4.790536e-02 4.490217e-02 9.978421e-01 3.246512e+01
9.981591e-01 3.774776e-02 -4.747020e-02 -9.540156e+01 -3.969137e-02 9.983831e-01 -4.069042e-02 5.632110e+00 4.585748e-02 4.249967e-02 9.980435e-01 3.328523e+01
9.983899e-01 3.434751e-02 -4.514332e-02 -9.543177e+01 -3.611300e-02 9.985906e-01 -3.889296e-02 5.578433e+00 4.374382e-02 4.046059e-02 9.982231e-01 3.410794e+01
9.985267e-01 3.332426e-02 -4.282497e-02 -9.546690e+01 -3.513296e-02 9.984913e-01 -4.220002e-02 5.522503e+00 4.135407e-02 4.364241e-02 9.981910e-01 3.493704e+01
9.984938e-01 3.646351e-02 -4.099368e-02 -9.551433e+01 -3.847612e-02 9.980363e-01 -4.942872e-02 5.468583e+00 3.911084e-02 5.093155e-02 9.979360e-01 3.576444e+01
9.985241e-01 3.724153e-02 -3.953056e-02 -9.555433e+01 -3.947820e-02 9.975707e-01 -5.739533e-02 5.415135e+00 3.729704e-02 5.887122e-02 9.975686e-01 3.659558e+01
9.985305e-01 3.839515e-02 -3.824515e-02 -9.558971e+01 -4.070643e-02 9.972699e-01 -6.161003e-02 5.361429e+00 3.577521e-02 6.307632e-02 9.973673e-01 3.737186e+01
9.985617e-01 3.984845e-02 -3.586847e-02 -9.565946e+01 -4.195746e-02 9.973099e-01 -6.010480e-02 5.255755e+00 3.337689e-02 6.152330e-02 9.975474e-01 3.877243e+01
9.984348e-01 4.551487e-02 -3.250023e-02 -9.570778e+01 -4.730019e-02 9.972839e-01 -5.645848e-02 5.200079e+00 2.984225e-02 5.790738e-02 9.978758e-01 3.950605e+01
9.984744e-01 4.608731e-02 -3.041128e-02 -9.573187e+01 -4.761696e-02 9.975292e-01 -5.165449e-02 5.146688e+00 2.795552e-02 5.302378e-02 9.982019e-01 4.026792e+01
9.986552e-01 4.382870e-02 -2.769239e-02 -9.575737e+01 -4.516054e-02 9.977549e-01 -4.945452e-02 5.090815e+00 2.546269e-02 5.063862e-02 9.983924e-01 4.103094e+01
9.988085e-01 4.109565e-02 -2.632131e-02 -9.578050e+01 -4.237601e-02 9.978453e-01 -5.008951e-02 5.042001e+00 2.420613e-02 5.114522e-02 9.983978e-01 4.177876e+01
9.989181e-01 3.920096e-02 -2.501708e-02 -9.580336e+01 -4.041750e-02 9.979244e-01 -5.013283e-02 4.989183e+00 2.299990e-02 5.108972e-02 9.984292e-01 4.252379e+01
9.989455e-01 3.939614e-02 -2.357641e-02 -9.583291e+01 -4.058409e-02 9.978100e-01 -5.223170e-02 4.940937e+00 2.146705e-02 5.313345e-02 9.983567e-01 4.328726e+01
9.989908e-01 3.897280e-02 -2.232692e-02 -9.586068e+01 -4.012707e-02 9.977439e-01 -5.382311e-02 4.892946e+00 2.017892e-02 5.466471e-02 9.983008e-01 4.403102e+01
9.990452e-01 3.808487e-02 -2.140734e-02 -9.588007e+01 -3.919212e-02 9.977751e-01 -5.393281e-02 4.841540e+00 1.930569e-02 5.472031e-02 9.983151e-01 4.478374e+01
9.989357e-01 4.109511e-02 -2.094291e-02 -9.590161e+01 -4.215538e-02 9.977050e-01 -5.298754e-02 4.788554e+00 1.871732e-02 5.381401e-02 9.983755e-01 4.556779e+01
9.989437e-01 4.111786e-02 -2.051276e-02 -9.599829e+01 -4.217055e-02 9.976587e-01 -5.384065e-02 4.603144e+00 1.825092e-02 5.464881e-02 9.983388e-01 4.836179e+01
9.988974e-01 4.173642e-02 -2.149551e-02 -9.616592e+01 -4.284146e-02 9.976318e-01 -5.380838e-02 4.303971e+00 1.919883e-02 5.466995e-02 9.983199e-01 5.259093e+01
9.988954e-01 4.036919e-02 -2.404650e-02 -9.618123e+01 -4.160705e-02 9.977050e-01 -5.341935e-02 4.243715e+00 2.183481e-02 5.436085e-02 9.982826e-01 5.350398e+01
9.987383e-01 4.199421e-02 -2.753874e-02 -9.633126e+01 -4.342931e-02 9.976085e-01 -5.376938e-02 3.949995e+00 2.521488e-02 5.489752e-02 9.981736e-01 5.796764e+01
9.985356e-01 4.482979e-02 -3.028116e-02 -9.661516e+01 -4.641705e-02 9.974656e-01 -5.392459e-02 3.535778e+00 2.778699e-02 5.525118e-02 9.980858e-01 6.380933e+01
9.984914e-01 4.405000e-02 -3.277970e-02 -9.665585e+01 -4.594446e-02 9.971716e-01 -5.947981e-02 3.485377e+00 3.006690e-02 6.089613e-02 9.976912e-01 6.464919e+01
9.983804e-01 4.424031e-02 -3.576908e-02 -9.668588e+01 -4.643648e-02 9.969265e-01 -6.309746e-02 3.430449e+00 3.286769e-02 6.465626e-02 9.973662e-01 6.544736e+01
9.983706e-01 4.265870e-02 -3.789884e-02 -9.672296e+01 -4.502641e-02 9.969343e-01 -6.398943e-02 3.364067e+00 3.505295e-02 6.559161e-02 9.972307e-01 6.627078e+01
9.982848e-01 4.247313e-02 -4.029164e-02 -9.676328e+01 -4.494903e-02 9.970212e-01 -6.267619e-02 3.301671e+00 3.750957e-02 6.437976e-02 9.972203e-01 6.711040e+01
9.982494e-01 4.118539e-02 -4.244971e-02 -9.680253e+01 -4.375560e-02 9.971469e-01 -6.151076e-02 3.233819e+00 3.979525e-02 6.326049e-02 9.972033e-01 6.794106e+01
9.982293e-01 3.918912e-02 -4.474935e-02 -9.684115e+01 -4.182994e-02 9.973403e-01 -5.968777e-02 3.170642e+00 4.229122e-02 6.145394e-02 9.972136e-01 6.881018e+01
9.981891e-01 3.803371e-02 -4.660402e-02 -9.687694e+01 -4.064070e-02 9.975846e-01 -5.633130e-02 3.112387e+00 4.434897e-02 5.812331e-02 9.973238e-01 6.967945e+01
9.981496e-01 3.846041e-02 -4.709829e-02 -9.692617e+01 -4.088849e-02 9.978240e-01 -5.172395e-02 3.050552e+00 4.500648e-02 5.355401e-02 9.975502e-01 7.057160e+01
9.981684e-01 3.849598e-02 -4.666744e-02 -9.697057e+01 -4.083341e-02 9.979034e-01 -5.021397e-02 2.992161e+00 4.463656e-02 5.202759e-02 9.976476e-01 7.148967e+01
9.981318e-01 4.190907e-02 -4.445891e-02 -9.702368e+01 -4.413440e-02 9.977579e-01 -5.031263e-02 2.933510e+00 4.225067e-02 5.218080e-02 9.977435e-01 7.239349e+01
9.982120e-01 4.067319e-02 -4.380111e-02 -9.706070e+01 -4.293532e-02 9.977233e-01 -5.200700e-02 2.874830e+00 4.158610e-02 5.379462e-02 9.976857e-01 7.334657e+01
9.984019e-01 3.784999e-02 -4.196542e-02 -9.710709e+01 -4.010517e-02 9.977207e-01 -5.426724e-02 2.809882e+00 3.981576e-02 5.586355e-02 9.976442e-01 7.430323e+01
9.985933e-01 3.419969e-02 -4.051880e-02 -9.714010e+01 -3.642964e-02 9.977861e-01 -5.563892e-02 2.738622e+00 3.852626e-02 5.703674e-02 9.976285e-01 7.527342e+01
9.987128e-01 3.258909e-02 -3.886795e-02 -9.718092e+01 -3.473646e-02 9.978310e-01 -5.591587e-02 2.665494e+00 3.696140e-02 5.719402e-02 9.976787e-01 7.633034e+01
9.988469e-01 2.866213e-02 -3.851306e-02 -9.724113e+01 -3.069591e-02 9.981068e-01 -5.329750e-02 2.531329e+00 3.691252e-02 5.441824e-02 9.978357e-01 7.816058e+01
9.989689e-01 2.460529e-02 -3.815451e-02 -9.730418e+01 -2.655105e-02 9.983273e-01 -5.135818e-02 2.401804e+00 3.682700e-02 5.231826e-02 9.979512e-01 8.006252e+01
9.990145e-01 2.630279e-02 -3.575115e-02 -9.746256e+01 -2.811108e-02 9.983001e-01 -5.105582e-02 2.211046e+00 3.434747e-02 5.201051e-02 9.980557e-01 8.263035e+01
9.989970e-01 2.980165e-02 -3.341840e-02 -9.759709e+01 -3.158274e-02 9.980359e-01 -5.410038e-02 2.054723e+00 3.174048e-02 5.510156e-02 9.979761e-01 8.474346e+01
9.989709e-01 3.195345e-02 -3.218756e-02 -9.764599e+01 -3.384096e-02 9.976299e-01 -5.991206e-02 1.981622e+00 3.019688e-02 6.093966e-02 9.976846e-01 8.570897e+01
9.989264e-01 3.428549e-02 -3.115519e-02 -9.768721e+01 -3.626111e-02 9.972111e-01 -6.523164e-02 1.910903e+00 2.883181e-02 6.629133e-02 9.973837e-01 8.659569e+01
9.988167e-01 3.762674e-02 -3.081327e-02 -9.772346e+01 -3.974056e-02 9.966747e-01 -7.113527e-02 1.840562e+00 2.803422e-02 7.227563e-02 9.969906e-01 8.746870e+01
9.988832e-01 3.687131e-02 -2.954396e-02 -9.775677e+01 -3.892039e-02 9.966392e-01 -7.208017e-02 1.769528e+00 2.678698e-02 7.314954e-02 9.969612e-01 8.831132e+01
9.990239e-01 3.233030e-02 -3.010050e-02 -9.777725e+01 -3.427141e-02 9.972059e-01 -6.637739e-02 1.701590e+00 2.787040e-02 6.734419e-02 9.973405e-01 8.918830e+01
9.990536e-01 3.117372e-02 -3.033335e-02 -9.780895e+01 -3.287450e-02 9.978163e-01 -5.728829e-02 1.629289e+00 2.848122e-02 5.823127e-02 9.978968e-01 9.006149e+01
9.990757e-01 2.856089e-02 -3.212432e-02 -9.783279e+01 -3.013447e-02 9.983136e-01 -4.961648e-02 1.559576e+00 3.065306e-02 5.053867e-02 9.982516e-01 9.094555e+01
9.990275e-01 2.786901e-02 -3.416539e-02 -9.787530e+01 -2.961698e-02 9.982197e-01 -5.177136e-02 1.492946e+00 3.266175e-02 5.273289e-02 9.980744e-01 9.184768e+01
9.990740e-01 2.208587e-02 -3.692472e-02 -9.790024e+01 -2.412352e-02 9.981571e-01 -5.568131e-02 1.431546e+00 3.562691e-02 5.652051e-02 9.977656e-01 9.273699e+01
9.989832e-01 2.109538e-02 -3.984505e-02 -9.793506e+01 -2.334651e-02 9.981067e-01 -5.690382e-02 1.363999e+00 3.856920e-02 5.777620e-02 9.975842e-01 9.359441e+01
9.988277e-01 2.477351e-02 -4.158780e-02 -9.799698e+01 -2.722005e-02 9.978671e-01 -5.933154e-02 1.295444e+00 4.002925e-02 6.039400e-02 9.973717e-01 9.445946e+01
9.986559e-01 2.676614e-02 -4.438351e-02 -9.805265e+01 -2.951521e-02 9.976093e-01 -6.248685e-02 1.226977e+00 4.260487e-02 6.371285e-02 9.970584e-01 9.529596e+01
9.984387e-01 2.827911e-02 -4.817051e-02 -9.810892e+01 -3.141704e-02 9.973459e-01 -6.568211e-02 1.155304e+00 4.618523e-02 6.709294e-02 9.966772e-01 9.617236e+01
9.982160e-01 3.012917e-02 -5.154679e-02 -9.820720e+01 -3.367129e-02 9.970283e-01 -6.928810e-02 1.010907e+00 4.930602e-02 7.090014e-02 9.962641e-01 9.780239e+01
9.978981e-01 3.512361e-02 -5.445891e-02 -9.833996e+01 -3.886318e-02 9.968454e-01 -6.920236e-02 8.600704e-01 5.185648e-02 7.117334e-02 9.961151e-01 9.955276e+01
9.975854e-01 3.927026e-02 -5.728275e-02 -9.848862e+01 -4.312120e-02 9.967790e-01 -6.761736e-02 7.184736e-01 5.444289e-02 6.992419e-02 9.960656e-01 1.012897e+02
9.972884e-01 4.170769e-02 -6.063310e-02 -9.860411e+01 -4.544314e-02 9.970663e-01 -6.159310e-02 5.989151e-01 5.788631e-02 6.418145e-02 9.962580e-01 1.027238e+02
9.971316e-01 3.862737e-02 -6.508798e-02 -9.870970e+01 -4.226874e-02 9.975619e-01 -5.552947e-02 4.618396e-01 6.278434e-02 5.812138e-02 9.963333e-01 1.043420e+02
9.968469e-01 3.883265e-02 -6.919725e-02 -9.891723e+01 -4.244745e-02 9.977675e-01 -5.155769e-02 2.829204e-01 6.704064e-02 5.433237e-02 9.962698e-01 1.066910e+02
9.964107e-01 3.784890e-02 -7.571801e-02 -9.911425e+01 -4.174557e-02 9.978482e-01 -5.055967e-02 1.212843e-01 7.364146e-02 5.353908e-02 9.958466e-01 1.090289e+02
9.960205e-01 3.760654e-02 -8.080167e-02 -9.928960e+01 -4.151670e-02 9.980190e-01 -4.726940e-02 1.058504e-02 7.886397e-02 5.043591e-02 9.956087e-01 1.107781e+02
9.955145e-01 3.991395e-02 -8.577686e-02 -9.952485e+01 -4.408567e-02 9.979072e-01 -4.730304e-02 -1.289162e-01 8.370930e-02 5.087240e-02 9.951908e-01 1.126896e+02
9.947249e-01 4.518687e-02 -9.208983e-02 -9.972521e+01 -4.976083e-02 9.976075e-01 -4.799194e-02 -2.573006e-01 8.970090e-02 5.232125e-02 9.945935e-01 1.145455e+02
9.940714e-01 4.851523e-02 -9.730581e-02 -9.991666e+01 -5.371998e-02 9.972219e-01 -5.160064e-02 -3.568433e-01 9.453207e-02 5.652199e-02 9.939160e-01 1.160259e+02
9.935032e-01 4.590552e-02 -1.041351e-01 -1.000820e+02 -5.174067e-02 9.971973e-01 -5.404195e-02 -4.736169e-01 1.013625e-01 5.907887e-02 9.930938e-01 1.176734e+02
9.928621e-01 4.843792e-02 -1.089889e-01 -1.002945e+02 -5.468994e-02 9.969806e-01 -5.512394e-02 -5.928677e-01 1.059898e-01 6.069107e-02 9.925134e-01 1.193172e+02
9.922787e-01 5.002650e-02 -1.134920e-01 -1.005050e+02 -5.599997e-02 9.971746e-01 -5.006887e-02 -6.963243e-01 1.106665e-01 5.603782e-02 9.922765e-01 1.208905e+02
9.915127e-01 5.057934e-02 -1.197677e-01 -1.007662e+02 -5.640134e-02 9.973604e-01 -4.572859e-02 -8.347793e-01 1.171386e-01 5.209554e-02 9.917483e-01 1.228960e+02
9.908722e-01 4.981851e-02 -1.252613e-01 -1.009748e+02 -5.563027e-02 9.975106e-01 -4.333336e-02 -9.422502e-01 1.227907e-01 4.990614e-02 9.911770e-01 1.243431e+02
9.900975e-01 4.861528e-02 -1.316944e-01 -1.010944e+02 -5.526463e-02 9.973501e-01 -4.731351e-02 -9.883159e-01 1.290453e-01 5.412303e-02 9.901606e-01 1.251034e+02
9.890884e-01 4.940214e-02 -1.387933e-01 -1.012271e+02 -5.738358e-02 9.968851e-01 -5.410323e-02 -1.037755e+00 1.356882e-01 6.147734e-02 9.888424e-01 1.258594e+02
9.878025e-01 4.557513e-02 -1.488933e-01 -1.013325e+02 -5.439982e-02 9.969621e-01 -5.574197e-02 -1.088125e+00 1.459005e-01 6.316182e-02 9.872809e-01 1.265818e+02
9.862307e-01 4.397944e-02 -1.594206e-01 -1.014598e+02 -5.296898e-02 9.972108e-01 -5.258326e-02 -1.139439e+00 1.566633e-01 6.030357e-02 9.858094e-01 1.273146e+02
9.844140e-01 4.356262e-02 -1.703859e-01 -1.015954e+02 -5.214335e-02 9.975698e-01 -4.621206e-02 -1.183934e+00 1.679588e-01 5.437629e-02 9.842932e-01 1.280377e+02
9.823464e-01 4.655791e-02 -1.811850e-01 -1.017496e+02 -5.431269e-02 9.977978e-01 -3.807430e-02 -1.230023e+00 1.790133e-01 4.724279e-02 9.827117e-01 1.287612e+02
9.802253e-01 4.699051e-02 -1.922246e-01 -1.019036e+02 -5.459588e-02 9.979138e-01 -3.445857e-02 -1.274349e+00 1.902044e-01 4.427183e-02 9.807458e-01 1.294898e+02
9.777761e-01 5.136121e-02 -2.032632e-01 -1.020810e+02 -6.037702e-02 9.974367e-01 -3.840170e-02 -1.323008e+00 2.007698e-01 4.982069e-02 9.783708e-01 1.302375e+02
9.750825e-01 5.203297e-02 -2.156540e-01 -1.022584e+02 -6.359549e-02 9.968673e-01 -4.702384e-02 -1.367132e+00 2.125317e-01 5.956675e-02 9.753369e-01 1.309661e+02
9.722981e-01 5.017220e-02 -2.282962e-01 -1.024325e+02 -6.357198e-02 9.966362e-01 -5.172002e-02 -1.403991e+00 2.249334e-01 6.480052e-02 9.722170e-01 1.316570e+02
9.694903e-01 4.846491e-02 -2.402909e-01 -1.026085e+02 -6.136939e-02 9.970309e-01 -4.651033e-02 -1.441794e+00 2.373233e-01 5.983782e-02 9.695860e-01 1.323323e+02
9.665959e-01 4.856254e-02 -2.516624e-01 -1.028007e+02 -6.023829e-02 9.974259e-01 -3.889557e-02 -1.486273e+00 2.491257e-01 5.275601e-02 9.670332e-01 1.330407e+02
9.635001e-01 4.868533e-02 -2.632438e-01 -1.030172e+02 -5.954708e-02 9.976653e-01 -3.343649e-02 -1.526236e+00 2.610014e-01 4.789146e-02 9.641497e-01 1.337693e+02
9.600969e-01 4.634713e-02 -2.758004e-01 -1.032400e+02 -5.830614e-02 9.976739e-01 -3.531618e-02 -1.562605e+00 2.735221e-01 4.998781e-02 9.605659e-01 1.345057e+02
9.566601e-01 4.411478e-02 -2.878461e-01 -1.034686e+02 -5.781022e-02 9.975557e-01 -3.924933e-02 -1.604588e+00 2.854111e-01 5.418872e-02 9.568720e-01 1.352452e+02
