1.000000e+00 0.000000e+00 0.000000e+00 0.000000e+00 0.000000e+00 1.000000e+00 0.000000e+00 0.000000e+00 0.000000e+00 0.000000e+00 1.000000e+00 0.000000e+00
9.999996e-01 8.037572e-04 -2.406118e-04 -7.176821e-04 -8.033973e-04 9.999986e-01 1.492110e-03 -1.516976e-02 2.418107e-04 -1.491916e-03 9.999989e-01 7.867382e-01
9.999928e-01 3.781393e-03 2.231106e-04 -1.166138e-02 -3.781816e-03 9.999910e-01 1.928247e-03 -3.150545e-02 -2.158171e-04 -1.929077e-03 9.999981e-01 1.582604e+00
9.999862e-01 5.242482e-03 2.412560e-04 -1.686552e-02 -5.242811e-03 9.999853e-01 1.384189e-03 -4.550946e-02 -2.339958e-04 -1.385434e-03 9.999990e-01 2.369586e+00
9.999788e-01 6.500091e-03 -4.948578e-04 -1.558524e-02 -6.499680e-03 9.999785e-01 8.274303e-04 -5.830340e-02 5.002256e-04 -8.241963e-04 9.999995e-01 3.120808e+00
9.999830e-01 5.829908e-03 -4.370209e-05 -1.988876e-02 -5.829888e-03 9.999829e-01 4.540809e-04 -7.225913e-02 4.634859e-05 -4.538184e-04 9.999999e-01 3.853054e+00
9.999611e-01 8.656098e-03 1.722765e-03 -4.715939e-02 -8.658021e-03 9.999619e-01 1.111448e-03 -8.618826e-02 -1.713079e-03 -1.126320e-03 9.999979e-01 4.557594e+00
9.999485e-01 9.723724e-03 2.905508e-03 -5.698441e-02 -9.735404e-03 9.999445e-01 4.033223e-03 -1.018630e-01 -2.866129e-03 -4.061302e-03 9.999876e-01 5.240237e+00
9.999123e-01 1.183162e-02 5.948428e-03 -7.788312e-02 -1.187945e-02 9.998969e-01 8.071456e-03 -1.158823e-01 -5.852316e-03 -8.141412e-03 9.999497e-01 5.920606e+00
9.998956e-01 1.224743e-02 7.670466e-03 -8.341423e-02 -1.233673e-02 9.998554e-01 1.170515e-02 -1.274431e-01 -7.525998e-03 -1.179856e-02 9.999021e-01 6.578603e+00
9.998564e-01 1.340654e-02 1.036789e-02 -9.920122e-02 -1.355069e-02 9.998107e-01 1.396072e-02 -1.413995e-01 -1.017876e-02 -1.409921e-02 9.998488e-01 7.232774e+00
9.998629e-01 1.257910e-02 1.077248e-02 -8.446449e-02 -1.272364e-02 9.998285e-01 1.345564e-02 -1.459426e-01 -1.060137e-02 -1.359086e-02 9.998514e-01 7.862422e+00
9.997855e-01 1.573441e-02 1.346954e-02 -1.023894e-01 -1.587733e-02 9.998181e-01 1.056968e-02 -1.524543e-01 -1.330079e-02 -1.078127e-02 9.998534e-01 8.459681e+00
9.996416e-01 2.048902e-02 1.723101e-02 -1.340038e-01 -2.061797e-02 9.997605e-01 7.339692e-03 -1.601609e-01 -1.707650e-02 -7.692330e-03 9.998246e-01 9.025286e+00
9.995222e-01 2.240426e-02 2.129193e-02 -1.539127e-01 -2.251974e-02 9.997329e-01 5.199236e-03 -1.616224e-01 -2.116975e-02 -5.676241e-03 9.997598e-01 9.560026e+00
9.995147e-01 2.009011e-02 2.380585e-02 -1.483798e-01 -2.015944e-02 9.997932e-01 2.676008e-03 -1.697294e-01 -2.374717e-02 -3.154622e-03 9.997130e-01 1.006824e+01
9.995062e-01 1.835031e-02 2.550555e-02 -1.341933e-01 -1.838801e-02 9.998302e-01 1.244190e-03 -1.773479e-01 -2.547839e-02 -1.712572e-03 9.996739e-01 1.053169e+01
9.993116e-01 2.359715e-02 2.862737e-02 -1.440986e-01 -2.358225e-02 9.997215e-01 -8.579662e-04 -1.890123e-01 -2.863965e-02 1.822777e-04 9.995898e-01 1.095001e+01
9.989867e-01 3.010301e-02 3.345685e-02 -1.619516e-01 -3.005690e-02 9.995464e-01 -1.880371e-03 -1.994108e-01 -3.349828e-02 8.728563e-04 9.994384e-01 1.133966e+01
9.986112e-01 3.452066e-02 3.979957e-02 -1.845522e-01 -3.448005e-02 9.994039e-01 -1.706751e-03 -2.027411e-01 -3.983476e-02 3.320899e-04 9.992062e-01 1.170426e+01
9.987056e-01 2.884555e-02 4.189352e-02 -1.524583e-01 -2.879389e-02 9.995837e-01 -1.836057e-03 -2.033562e-01 -4.192904e-02 6.274033e-04 9.991204e-01 1.204088e+01
9.988176e-01 2.244126e-02 4.312524e-02 -1.162179e-01 -2.234511e-02 9.997466e-01 -2.710412e-03 -2.042777e-01 -4.317514e-02 1.743569e-03 9.990660e-01 1.233729e+01
9.983474e-01 2.697227e-02 5.074346e-02 -1.643923e-01 -2.680706e-02 9.996329e-01 -3.933759e-03 -2.053342e-01 -5.083093e-02 2.566976e-03 9.987040e-01 1.260719e+01
9.983474e-01 2.697227e-02 5.074346e-02 -1.643923e-01 -2.680706e-02 9.996329e-01 -3.933759e-03 -2.053342e-01 -5.083093e-02 2.566976e-03 9.987040e-01 1.260719e+01
9.981073e-01 2.667145e-02 5.541168e-02 -1.365558e-01 -2.649302e-02 9.996412e-01 -3.952286e-03 -2.206464e-01 -5.549722e-02 2.476783e-03 9.984558e-01 1.306969e+01
9.981073e-01 2.667145e-02 5.541168e-02 -1.365558e-01 -2.649302e-02 9.996412e-01 -3.952286e-03 -2.206464e-01 -5.549722e-02 2.476783e-03 9.984558e-01 1.306969e+01
9.975168e-01 3.336136e-02 6.202610e-02 -1.453582e-01 -3.299448e-02 9.994315e-01 -6.930029e-03 -2.311106e-01 -6.222204e-02 4.866301e-03 9.980505e-01 1.344609e+01
9.975168e-01 3.336136e-02 6.202610e-02 -1.453582e-01 -3.299448e-02 9.994315e-01 -6.930029e-03 -2.311106e-01 -6.222204e-02 4.866301e-03 9.980505e-01 1.344609e+01
9.971394e-01 3.807610e-02 6.529273e-02 -1.352060e-01 -3.755841e-02 9.992526e-01 -9.138415e-03 -2.471957e-01 -6.559189e-02 6.659983e-03 9.978243e-01 1.378384e+01
9.963585e-01 4.431974e-02 7.283833e-02 -2.004465e-01 -4.325748e-02 9.989343e-01 -1.609784e-02 -2.389144e-01 -7.347416e-02 1.288842e-02 9.972138e-01 1.393157e+01
9.963585e-01 4.431974e-02 7.283833e-02 -2.004465e-01 -4.325748e-02 9.989343e-01 -1.609784e-02 -2.389144e-01 -7.347416e-02 1.288842e-02 9.972138e-01 1.393157e+01
9.964981e-01 4.024728e-02 7.329123e-02 -1.529303e-01 -3.894120e-02 9.990577e-01 -1.916358e-02 -2.466554e-01 -7.399345e-02 1.624242e-02 9.971264e-01 1.421981e+01
9.964981e-01 4.024728e-02 7.329123e-02 -1.529303e-01 -3.894120e-02 9.990577e-01 -1.916358e-02 -2.466554e-01 -7.399345e-02 1.624242e-02 9.971264e-01 1.421981e+01
9.963544e-01 4.104538e-02 7.478735e-02 -1.239725e-01 -3.943581e-02 9.989603e-01 -2.287360e-02 -2.577057e-01 -7.564844e-02 1.984091e-02 9.969371e-01 1.448514e+01
9.963544e-01 4.104538e-02 7.478735e-02 -1.239725e-01 -3.943581e-02 9.989603e-01 -2.287360e-02 -2.577057e-01 -7.564844e-02 1.984091e-02 9.969371e-01 1.448514e+01
9.960347e-01 4.261251e-02 7.809591e-02 -1.240777e-01 -4.053323e-02 9.987852e-01 -2.801991e-02 -2.631491e-01 -7.919504e-02 2.474332e-02 9.965520e-01 1.473717e+01
9.960347e-01 4.261251e-02 7.809591e-02 -1.240777e-01 -4.053323e-02 9.987852e-01 -2.801991e-02 -2.631491e-01 -7.919504e-02 2.474332e-02 9.965520e-01 1.473717e+01
9.961717e-01 4.279160e-02 7.622860e-02 -1.171177e-01 -4.051726e-02 9.986936e-01 -3.113727e-02 -2.732573e-01 -7.746143e-02 2.792949e-02 9.966041e-01 1.499206e+01
9.961717e-01 4.279160e-02 7.622860e-02 -1.171177e-01 -4.051726e-02 9.986936e-01 -3.113727e-02 -2.732573e-01 -7.746143e-02 2.792949e-02 9.966041e-01 1.499206e+01
9.965821e-01 4.413606e-02 6.982959e-02 -1.145767e-01 -4.188896e-02 9.985664e-01 -3.332392e-02 -2.804845e-01 -7.120027e-02 3.028493e-02 9.970022e-01 1.523999e+01
9.965821e-01 4.413606e-02 6.982959e-02 -1.145767e-01 -4.188896e-02 9.985664e-01 -3.332392e-02 -2.804845e-01 -7.120027e-02 3.028493e-02 9.970022e-01 1.523999e+01
9.972850e-01 4.500763e-02 5.828269e-02 -1.201277e-01 -4.301678e-02 9.984620e-01 -3.497451e-02 -2.875269e-01 -5.976717e-02 3.237242e-02 9.976873e-01 1.549051e+01
9.972850e-01 4.500763e-02 5.828269e-02 -1.201277e-01 -4.301678e-02 9.984620e-01 -3.497451e-02 -2.875269e-01 -5.976717e-02 3.237242e-02 9.976873e-01 1.549051e+01
9.981515e-01 4.382821e-02 4.210416e-02 -1.139422e-01 -4.232723e-02 9.984585e-01 -3.590300e-02 -2.974056e-01 -4.361282e-02 3.405448e-02 9.984679e-01 1.573499e+01
9.981515e-01 4.382821e-02 4.210416e-02 -1.139422e-01 -4.232723e-02 9.984585e-01 -3.590300e-02 -2.974056e-01 -4.361282e-02 3.405448e-02 9.984679e-01 1.573499e+01
9.987953e-01 4.415216e-02 2.141385e-02 -1.512091e-01 -4.330388e-02 9.983168e-01 -3.857943e-02 -3.033498e-01 -2.308117e-02 3.760565e-02 9.990261e-01 1.600413e+01
9.987953e-01 4.415216e-02 2.141385e-02 -1.512091e-01 -4.330388e-02 9.983168e-01 -3.857943e-02 -3.033498e-01 -2.308117e-02 3.760565e-02 9.990261e-01 1.600413e+01
9.988737e-01 4.573301e-02 -1.264533e-02 -2.005639e-01 -4.621040e-02 9.981118e-01 -4.046526e-02 -3.110514e-01 1.077085e-02 4.100402e-02 9.991009e-01 1.629899e+01
9.988737e-01 4.573301e-02 -1.264533e-02 -2.005639e-01 -4.621040e-02 9.981118e-01 -4.046526e-02 -3.110514e-01 1.077085e-02 4.100402e-02 9.991009e-01 1.629899e+01
9.971911e-01 4.784252e-02 -5.762867e-02 -2.611739e-01 -5.001041e-02 9.980712e-01 -3.678193e-02 -3.224151e-01 5.575777e-02 3.956064e-02 9.976603e-01 1.665261e+01
9.971911e-01 4.784252e-02 -5.762867e-02 -2.611739e-01 -5.001041e-02 9.980712e-01 -3.678193e-02 -3.224151e-01 5.575777e-02 3.956064e-02 9.976603e-01 1.665261e+01
9.922415e-01 5.186657e-02 -1.129899e-01 -3.640574e-01 -5.569708e-02 9.979660e-01 -3.101050e-02 -3.344785e-01 1.111517e-01 3.706312e-02 9.931121e-01 1.703754e+01
9.880165e-01 5.359944e-02 -1.447427e-01 -4.355081e-01 -5.801442e-02 9.979652e-01 -2.645267e-02 -3.386201e-01 1.430303e-01 3.453283e-02 9.891157e-01 1.725275e+01
9.819923e-01 5.663954e-02 -1.802304e-01 -5.175735e-01 -6.147470e-02 9.978802e-01 -2.135157e-02 -3.402071e-01 1.786390e-01 3.204669e-02 9.833927e-01 1.747355e+01
9.741218e-01 6.268955e-02 -2.171559e-01 -6.327176e-01 -6.769540e-02 9.975828e-01 -1.568251e-02 -3.379526e-01 2.156478e-01 2.997713e-02 9.760110e-01 1.769539e+01
9.644049e-01 7.333117e-02 -2.540584e-01 -7.857906e-01 -7.904185e-02 9.967951e-01 -1.232864e-02 -3.328850e-01 2.523401e-01 3.197105e-02 9.671103e-01 1.789980e+01
9.524173e-01 7.999764e-02 -2.941116e-01 -9.261097e-01 -8.550366e-02 9.963205e-01 -5.888502e-03 -3.339949e-01 2.925584e-01 3.075593e-02 9.557529e-01 1.814022e+01
9.382768e-01 8.517537e-02 -3.352339e-01 -1.079439e+00 -8.965532e-02 9.959706e-01 2.119889e-03 -3.353860e-01 3.340637e-01 2.806646e-02 9.421325e-01 1.838334e+01
9.215858e-01 9.108729e-02 -3.773363e-01 -1.245990e+00 -9.329129e-02 9.955607e-01 1.247427e-02 -3.343984e-01 3.767975e-01 2.370608e-02 9.259923e-01 1.863901e+01
9.023279e-01 9.829877e-02 -4.196924e-01 -1.432644e+00 -9.805450e-02 9.949331e-01 2.221482e-02 -3.342409e-01 4.197496e-01 2.110768e-02 9.073945e-01 1.889420e+01
8.806606e-01 1.082435e-01 -4.612161e-01 -1.664130e+00 -1.070980e-01 9.938328e-01 2.874774e-02 -3.212644e-01 4.614834e-01 2.407833e-02 8.868220e-01 1.914886e+01
8.562302e-01 1.151634e-01 -5.035943e-01 -1.909413e+00 -1.128425e-01 9.929885e-01 3.522045e-02 -3.077655e-01 5.041194e-01 2.667001e-02 8.632221e-01 1.940887e+01
8.288436e-01 1.218754e-01 -5.460446e-01 -2.166544e+00 -1.193939e-01 9.920332e-01 4.018993e-02 -2.871945e-01 5.465925e-01 3.188324e-02 8.367916e-01 1.966181e+01
7.982082e-01 1.264768e-01 -5.889544e-01 -2.431032e+00 -1.219360e-01 9.913940e-01 4.764038e-02 -2.661115e-01 5.899113e-01 3.378783e-02 8.067608e-01 1.992530e+01
7.650704e-01 1.321603e-01 -6.302388e-01 -2.722769e+00 -1.251318e-01 9.905687e-01 5.581898e-02 -2.364714e-01 6.316719e-01 3.615744e-02 7.743922e-01 2.017972e+01
7.285046e-01 1.330265e-01 -6.720008e-01 -3.014724e+00 -1.212754e-01 9.905142e-01 6.460545e-02 -2.126600e-01 6.742206e-01 3.443182e-02 7.377270e-01 2.045859e+01
6.910687e-01 1.338665e-01 -7.102843e-01 -3.349823e+00 -1.188550e-01 9.903689e-01 7.101422e-02 -1.824396e-01 7.129499e-01 3.534513e-02 7.003236e-01 2.072097e+01
6.518391e-01 1.326330e-01 -7.466688e-01 -3.702172e+00 -1.122665e-01 9.906154e-01 7.795771e-02 -1.484931e-01 7.500014e-01 3.300999e-02 6.606121e-01 2.097798e+01
6.094963e-01 1.317642e-01 -7.817624e-01 -4.074316e+00 -1.042048e-01 9.908512e-01 8.576298e-02 -1.148666e-01 7.859107e-01 2.919118e-02 6.176506e-01 2.124139e+01
5.653237e-01 1.338915e-01 -8.139301e-01 -4.489470e+00 -1.012301e-01 9.905410e-01 9.263362e-02 -7.077463e-02 8.186340e-01 3.002625e-02 5.735301e-01 2.148220e+01
5.180376e-01 1.337999e-01 -8.448282e-01 -4.936249e+00 -9.736706e-02 9.904941e-01 9.716554e-02 -2.001263e-02 8.497981e-01 3.192304e-02 5.261408e-01 2.171172e+01
4.688251e-01 1.327373e-01 -8.732605e-01 -5.400680e+00 -8.988979e-02 9.906811e-01 1.023266e-01 3.373308e-02 8.787052e-01 3.052392e-02 4.763879e-01 2.191503e+01
4.180359e-01 1.322532e-01 -8.987519e-01 -5.899641e+00 -8.265743e-02 9.907795e-01 1.073488e-01 9.062984e-02 9.046622e-01 2.941288e-02 4.251131e-01 2.210701e+01
3.667692e-01 1.318256e-01 -9.209247e-01 -6.432892e+00 -7.808543e-02 9.907787e-01 1.107264e-01 1.529667e-01 9.270291e-01 3.129979e-02 3.736807e-01 2.227024e+01
3.155294e-01 1.377672e-01 -9.388617e-01 -6.998805e+00 -7.433032e-02 9.899530e-01 1.202836e-01 2.274605e-01 9.460001e-01 3.183288e-02 3.225996e-01 2.241940e+01
2.658374e-01 1.428020e-01 -9.533824e-01 -7.585774e+00 -6.722359e-02 9.893062e-01 1.294384e-01 2.974004e-01 9.616712e-01 2.968021e-02 2.725943e-01 2.255466e+01
2.191673e-01 1.438820e-01 -9.650200e-01 -8.183954e+00 -5.887397e-02 9.892149e-01 1.341184e-01 3.730466e-01 9.739094e-01 2.742019e-02 2.252745e-01 2.266248e+01
1.761333e-01 1.455078e-01 -9.735525e-01 -8.789250e+00 -5.357533e-02 9.889656e-01 1.381187e-01 4.447754e-01 9.829073e-01 2.783109e-02 1.819854e-01 2.274261e+01
1.356453e-01 1.438060e-01 -9.802654e-01 -9.414251e+00 -4.874065e-02 9.891806e-01 1.383694e-01 5.266820e-01 9.895578e-01 2.900962e-02 1.411869e-01 2.281688e+01
1.004910e-01 1.398515e-01 -9.850600e-01 -1.004386e+01 -5.091815e-02 9.894972e-01 1.352871e-01 6.193412e-01 9.936342e-01 3.656230e-02 1.065565e-01 2.284915e+01
7.189571e-02 1.400587e-01 -9.875295e-01 -1.066109e+01 -5.106652e-02 9.893101e-01 1.365935e-01 7.075105e-01 9.961040e-01 4.060921e-02 7.827946e-02 2.287436e+01
5.137458e-02 1.443035e-01 -9.881989e-01 -1.131913e+01 -5.294018e-02 9.885079e-01 1.415964e-01 7.981490e-01 9.972753e-01 4.504098e-02 5.842363e-02 2.288218e+01
3.862340e-02 1.502490e-01 -9.878935e-01 -1.200784e+01 -5.060045e-02 9.876569e-01 1.482347e-01 8.918846e-01 9.979719e-01 4.426253e-02 4.574934e-02 2.290090e+01
3.058184e-02 1.529760e-01 -9.877566e-01 -1.274496e+01 -5.095161e-02 9.871726e-01 1.513081e-01 9.917194e-01 9.982328e-01 4.570051e-02 3.798393e-02 2.291781e+01
2.708508e-02 1.501680e-01 -9.882894e-01 -1.352480e+01 -5.060864e-02 9.875903e-01 1.486747e-01 1.098395e+00 9.983512e-01 4.598912e-02 3.434875e-02 2.293196e+01
2.839819e-02 1.458048e-01 -9.889057e-01 -1.432107e+01 -4.236668e-02 9.885913e-01 1.445418e-01 1.209999e+00 9.986985e-01 3.779193e-02 3.425147e-02 2.296847e+01
3.419234e-02 1.433410e-01 -9.890825e-01 -1.514121e+01 -3.223345e-02 9.893045e-01 1.422589e-01 1.327886e+00 9.988953e-01 2.701738e-02 3.844701e-02 2.300673e+01
4.008506e-02 1.433661e-01 -9.888576e-01 -1.601945e+01 -3.409114e-02 9.892731e-01 1.420444e-01 1.450332e+00 9.986145e-01 2.801743e-02 4.454259e-02 2.304129e+01
4.489947e-02 1.419803e-01 -9.888507e-01 -1.688978e+01 -3.708781e-02 9.894034e-01 1.403756e-01 1.563305e+00 9.983028e-01 3.037151e-02 4.968942e-02 2.307735e+01
4.884574e-02 1.352646e-01 -9.896048e-01 -1.782511e+01 -3.362696e-02 9.904485e-01 1.337201e-01 1.688094e+00 9.982401e-01 2.674574e-02 5.292772e-02 2.312701e+01
5.076289e-02 1.247176e-01 -9.908929e-01 -1.873723e+01 -3.481871e-02 9.917899e-01 1.230468e-01 1.800762e+00 9.981036e-01 2.825540e-02 5.468863e-02 2.317557e+01
5.086267e-02 1.168172e-01 -9.918502e-01 -1.955757e+01 -4.262393e-02 9.924846e-01 1.147062e-01 1.900328e+00 9.977957e-01 3.644229e-02 5.545963e-02 2.320485e+01
4.848830e-02 1.142857e-01 -9.922639e-01 -2.035858e+01 -4.765779e-02 9.925657e-01 1.119916e-01 1.993026e+00 9.976861e-01 4.185883e-02 5.357443e-02 2.324080e+01
4.421976e-02 1.211411e-01 -9.916499e-01 -2.114595e+01 -5.665453e-02 9.913275e-01 1.185754e-01 2.078321e+00 9.974141e-01 5.093808e-02 5.069946e-02 2.326185e+01
3.904168e-02 1.296539e-01 -9.907904e-01 -2.196683e+01 -6.240553e-02 9.899271e-01 1.270819e-01 2.171971e+00 9.972870e-01 5.686930e-02 4.673954e-02 2.328100e+01
3.375364e-02 1.391780e-01 -9.896920e-01 -2.283380e+01 -6.234134e-02 9.886211e-01 1.369012e-01 2.283657e+00 9.974840e-01 5.707781e-02 4.204610e-02 2.331825e+01
3.196787e-02 1.490250e-01 -9.883165e-01 -2.376391e+01 -6.266812e-02 9.871752e-01 1.468259e-01 2.408337e+00 9.975223e-01 5.724223e-02 4.089701e-02 2.335007e+01
3.063160e-02 1.567674e-01 -9.871604e-01 -2.475645e+01 -6.037071e-02 9.861109e-01 1.547275e-01 2.540006e+00 9.977059e-01 5.485603e-02 3.967031e-02 2.338949e+01
2.960377e-02 1.574777e-01 -9.870787e-01 -2.578531e+01 -6.003946e-02 9.860086e-01 1.555063e-01 2.687724e+00 9.977569e-01 5.466010e-02 3.864445e-02 2.342046e+01
2.738439e-02 1.547042e-01 -9.875812e-01 -2.683490e+01 -5.945702e-02 9.864547e-01 1.528791e-01 2.838344e+00 9.978552e-01 5.453213e-02 3.621171e-02 2.345607e+01
2.445883e-02 1.500588e-01 -9.883745e-01 -2.789240e+01 -5.889417e-02 9.871694e-01 1.484184e-01 2.981232e+00 9.979645e-01 5.457935e-02 3.298260e-02 2.348528e+01
1.984210e-02 1.448840e-01 -9.892497e-01 -2.889916e+01 -5.930555e-02 9.878728e-01 1.434928e-01 3.116792e+00 9.980427e-01 5.582080e-02 2.819389e-02 2.350316e+01
1.379755e-02 1.403514e-01 -9.900056e-01 -2.989010e+01 -5.809588e-02 9.885398e-01 1.393339e-01 3.245460e+00 9.982157e-01 5.559278e-02 2.179326e-02 2.352343e+01
7.050145e-03 1.385312e-01 -9.903330e-01 -3.087188e+01 -5.893907e-02 9.886934e-01 1.378823e-01 3.373129e+00 9.982367e-01 5.739722e-02 1.513533e-02 2.352587e+01
3.273803e-04 1.408321e-01 -9.900334e-01 -3.185152e+01 -5.740065e-02 9.884038e-01 1.405813e-01 3.501853e+00 9.983512e-01 5.678254e-02 8.407439e-03 2.353128e+01
-6.549450e-03 1.456779e-01 -9.893104e-01 -3.285170e+01 -5.733867e-02 9.876492e-01 1.458129e-01 3.633599e+00 9.983333e-01 5.768074e-02 1.884418e-03 2.353177e+01
-1.272242e-02 1.487664e-01 -9.887905e-01 -3.387648e+01 -5.950260e-02 9.870055e-01 1.492635e-01 3.770075e+00 9.981471e-01 6.073460e-02 -3.705113e-03 2.351435e+01
-1.747933e-02 1.512395e-01 -9.883426e-01 -3.492508e+01 -6.250011e-02 9.863952e-01 1.520469e-01 3.914728e+00 9.978919e-01 6.442920e-02 -7.789036e-03 2.349011e+01
-2.055927e-02 1.527750e-01 -9.880471e-01 -3.598684e+01 -6.685896e-02 9.858337e-01 1.538239e-01 4.062494e+00 9.975506e-01 6.922231e-02 -1.005365e-02 2.346278e+01
-2.260489e-02 1.542266e-01 -9.877769e-01 -3.707244e+01 -7.113800e-02 9.852767e-01 1.554643e-01 4.216320e+00 9.972103e-01 7.378273e-02 -1.130070e-02 2.343182e+01
-2.500036e-02 1.533886e-01 -9.878496e-01 -3.818457e+01 -7.118236e-02 9.853771e-01 1.548062e-01 4.378406e+00 9.971500e-01 7.418768e-02 -1.371622e-02 2.341738e+01
-2.627092e-02 1.529424e-01 -9.878859e-01 -3.930007e+01 -7.122068e-02 9.854293e-01 1.544560e-01 4.527695e+00 9.971146e-01 7.441561e-02 -1.499547e-02 2.338936e+01
-2.754918e-02 1.522158e-01 -9.879633e-01 -4.040680e+01 -7.237039e-02 9.854411e-01 1.538452e-01 4.683365e+00 9.969973e-01 7.573759e-02 -1.613218e-02 2.335974e+01
-2.890636e-02 1.515066e-01 -9.880335e-01 -4.152016e+01 -7.393939e-02 9.854145e-01 1.532682e-01 4.839489e+00 9.968437e-01 7.748502e-02 -1.728244e-02 2.333239e+01
-3.003276e-02 1.494117e-01 -9.883189e-01 -4.264086e+01 -7.828402e-02 9.853761e-01 1.513457e-01 4.994123e+00 9.964786e-01 8.191490e-02 -1.789702e-02 2.329713e+01
-3.051726e-02 1.450476e-01 -9.889539e-01 -4.377203e+01 -8.355348e-02 9.855817e-01 1.471313e-01 5.145856e+00 9.960359e-01 8.712059e-02 -1.795802e-02 2.325371e+01
-2.977648e-02 1.443406e-01 -9.890800e-01 -4.486859e+01 -8.388677e-02 9.856670e-01 1.463679e-01 5.300307e+00 9.960303e-01 8.732904e-02 -1.724143e-02 2.322376e+01
-2.850817e-02 1.490405e-01 -9.884201e-01 -4.597417e+01 -8.482835e-02 9.848942e-01 1.509554e-01 5.442052e+00 9.959877e-01 8.814950e-02 -1.543468e-02 2.319505e+01
-2.623093e-02 1.522986e-01 -9.879864e-01 -4.708446e+01 -8.674218e-02 9.842519e-01 1.540259e-01 5.593233e+00 9.958854e-01 8.974033e-02 -1.260713e-02 2.315747e+01
-2.480092e-02 1.516989e-01 -9.881156e-01 -4.821788e+01 -8.464573e-02 9.845514e-01 1.532762e-01 5.756245e+00 9.961024e-01 8.744116e-02 -1.157712e-02 2.314336e+01
-2.233886e-02 1.509049e-01 -9.882959e-01 -4.937039e+01 -8.422646e-02 9.847441e-01 1.522664e-01 5.916281e+00 9.961962e-01 8.664212e-02 -9.287877e-03 2.312633e+01
-1.839755e-02 1.518607e-01 -9.882307e-01 -5.052843e+01 -9.149540e-02 9.839950e-01 1.529131e-01 6.075846e+00 9.956355e-01 9.323178e-02 -4.208542e-03 2.309597e+01
-1.320908e-02 1.532887e-01 -9.880932e-01 -5.172788e+01 -9.783696e-02 9.832396e-01 1.538437e-01 6.238380e+00 9.951148e-01 9.870417e-02 2.009617e-03 2.307523e+01
-7.203789e-03 1.530220e-01 -9.881965e-01 -5.296280e+01 -1.028111e-01 9.828719e-01 1.529470e-01 6.411607e+00 9.946748e-01 1.026993e-01 8.651954e-03 2.305801e+01
-9.031239e-04 1.521473e-01 -9.883574e-01 -5.421242e+01 -1.061449e-01 9.827597e-01 1.513826e-01 6.588659e+00 9.943503e-01 1.050458e-01 1.526211e-02 2.304996e+01
4.786581e-03 1.514280e-01 -9.884567e-01 -5.548354e+01 -1.054226e-01 9.830361e-01 1.500871e-01 6.759585e+00 9.944160e-01 1.034873e-01 2.066932e-02 2.306833e+01
9.899140e-03 1.513317e-01 -9.884335e-01 -5.683180e+01 -1.042985e-01 9.832465e-01 1.494931e-01 6.935557e+00 9.944968e-01 1.016122e-01 2.551696e-02 2.309920e+01
1.445083e-02 1.516300e-01 -9.883317e-01 -5.820358e+01 -1.036359e-01 9.833385e-01 1.493486e-01 7.125052e+00 9.945103e-01 1.002684e-01 2.992437e-02 2.314367e+01
2.017728e-02 1.531673e-01 -9.879943e-01 -5.953674e+01 -1.040308e-01 9.831530e-01 1.502922e-01 7.305171e+00 9.943694e-01 9.974939e-02 3.577148e-02 2.318220e+01
2.557729e-02 1.542874e-01 -9.876949e-01 -6.085780e+01 -1.049811e-01 9.829695e-01 1.508306e-01 7.488182e+00 9.941453e-01 9.983141e-02 4.133895e-02 2.322526e+01
3.184812e-02 1.535183e-01 -9.876324e-01 -6.225305e+01 -1.055306e-01 9.831269e-01 1.494149e-01 7.675506e+00 9.939059e-01 9.946682e-02 4.751161e-02 2.326514e+01
3.715606e-02 1.491448e-01 -9.881170e-01 -6.367532e+01 -1.067334e-01 9.837359e-01 1.444700e-01 7.865239e+00 9.935932e-01 1.000972e-01 5.247048e-02 2.332411e+01
4.155178e-02 1.437025e-01 -9.887482e-01 -6.497682e+01 -1.073968e-01 9.845117e-01 1.385735e-01 8.032904e+00 9.933476e-01 1.004304e-01 5.634141e-02 2.339022e+01
4.503806e-02 1.431612e-01 -9.886741e-01 -6.619078e+01 -1.066681e-01 9.847096e-01 1.377280e-01 8.185986e+00 9.932741e-01 9.925696e-02 5.962013e-02 2.345907e+01
4.804971e-02 1.458238e-01 -9.881430e-01 -6.739628e+01 -1.064273e-01 9.844014e-01 1.400965e-01 8.331434e+00 9.931588e-01 9.843378e-02 6.281983e-02 2.352905e+01
5.033396e-02 1.455652e-01 -9.880674e-01 -6.853810e+01 -1.070093e-01 9.844124e-01 1.395754e-01 8.476648e+00 9.929831e-01 9.870704e-02 6.512621e-02 2.359261e+01
5.129346e-02 1.455095e-01 -9.880263e-01 -6.970792e+01 -1.089475e-01 9.842394e-01 1.392957e-01 8.625754e+00 9.927232e-01 1.004980e-01 6.633793e-02 2.365629e+01
5.267354e-02 1.465710e-01 -9.877968e-01 -7.086806e+01 -1.110249e-01 9.838970e-01 1.400720e-01 8.772318e+00 9.924208e-01 1.022920e-01 6.809837e-02 2.371328e+01
5.307530e-02 1.462874e-01 -9.878173e-01 -7.205163e+01 -1.102853e-01 9.840190e-01 1.397993e-01 8.917958e+00 9.924818e-01 1.015218e-01 6.836045e-02 2.379491e+01
5.446834e-02 1.441333e-01 -9.880581e-01 -7.322650e+01 -1.107398e-01 9.842947e-01 1.374796e-01 9.066827e+00 9.923557e-01 1.019291e-01 6.957419e-02 2.385918e+01
5.555893e-02 1.426148e-01 -9.882177e-01 -7.439302e+01 -1.089726e-01 9.847001e-01 1.359806e-01 9.213525e+00 9.924909e-01 1.001338e-01 7.025000e-02 2.393243e+01
5.636693e-02 1.422260e-01 -9.882280e-01 -7.554867e+01 -1.053151e-01 9.851267e-01 1.357727e-01 9.355826e+00 9.928401e-01 9.642221e-02 7.050710e-02 2.400819e+01
5.730673e-02 1.426821e-01 -9.881082e-01 -7.670795e+01 -1.043046e-01 9.851739e-01 1.362091e-01 9.499126e+00 9.928930e-01 9.525852e-02 7.133949e-02 2.407694e+01
5.694686e-02 1.449575e-01 -9.877977e-01 -7.789158e+01 -1.037018e-01 9.849103e-01 1.385553e-01 9.648306e+00 9.929768e-01 9.454610e-02 7.111990e-02 2.415777e+01
5.703578e-02 1.489583e-01 -9.871972e-01 -7.914959e+01 -1.058662e-01 9.841343e-01 1.423797e-01 9.800225e+00 9.927433e-01 9.639011e-02 7.190052e-02 2.423414e+01
5.719115e-02 1.492023e-01 -9.871514e-01 -8.053812e+01 -1.075488e-01 9.839366e-01 1.424855e-01 9.970692e+00 9.925535e-01 9.801806e-02 7.231899e-02 2.432163e+01
5.965410e-02 1.473292e-01 -9.872869e-01 -8.182809e+01 -1.127715e-01 9.837112e-01 1.399817e-01 1.013743e+01 9.918286e-01 1.029873e-01 7.529693e-02 2.436813e+01
6.001229e-02 1.451657e-01 -9.875857e-01 -8.317673e+01 -1.118384e-01 9.841173e-01 1.378599e-01 1.030393e+01 9.919126e-01 1.021767e-01 7.529424e-02 2.446012e+01
6.066346e-02 1.446892e-01 -9.876158e-01 -8.444711e+01 -1.091492e-01 9.844662e-01 1.375234e-01 1.045517e+01 9.921726e-01 9.945478e-02 7.551384e-02 2.454465e+01
6.086666e-02 1.462434e-01 -9.873743e-01 -8.575437e+01 -1.080458e-01 9.843613e-01 1.391367e-01 1.061401e+01 9.922809e-01 9.821284e-02 7.571577e-02 2.463429e+01
6.196886e-02 1.488721e-01 -9.869128e-01 -8.695653e+01 -1.073518e-01 9.840711e-01 1.417027e-01 1.076322e+01 9.922880e-01 9.716575e-02 7.696345e-02 2.471410e+01
6.250245e-02 1.509377e-01 -9.865654e-01 -8.819664e+01 -1.073426e-01 9.837808e-01 1.437111e-01 1.092128e+01 9.922555e-01 9.691822e-02 7.769076e-02 2.480171e+01
6.167216e-02 1.511137e-01 -9.865907e-01 -8.945425e+01 -1.062615e-01 9.838484e-01 1.440512e-01 1.107827e+01 9.924238e-01 9.595261e-02 7.673362e-02 2.490382e+01
6.156959e-02 1.491051e-01 -9.869027e-01 -9.069498e+01 -1.057813e-01 9.841846e-01 1.420951e-01 1.123330e+01 9.924815e-01 9.564714e-02 7.636838e-02 2.499352e+01
6.202420e-02 1.475445e-01 -9.871087e-01 -9.194850e+01 -1.045231e-01 9.845348e-01 1.405921e-01 1.139305e+01 9.925865e-01 9.445559e-02 7.648680e-02 2.508191e+01
6.314882e-02 1.482154e-01 -9.869369e-01 -9.324316e+01 -1.034120e-01 9.845592e-01 1.412416e-01 1.155855e+01 9.926320e-01 9.314184e-02 7.750100e-02 2.516421e+01
6.349753e-02 1.508000e-01 -9.865229e-01 -9.450416e+01 -9.977399e-02 9.845244e-01 1.440726e-01 1.171750e+01 9.929820e-01 8.928107e-02 7.756079e-02 2.526283e+01
6.289795e-02 1.531864e-01 -9.861936e-01 -9.571556e+01 -9.818037e-02 9.843068e-01 1.466316e-01 1.187170e+01 9.931790e-01 8.760203e-02 7.695078e-02 2.536130e+01
6.441038e-02 1.545150e-01 -9.858886e-01 -9.690722e+01 -9.953550e-02 9.840083e-01 1.477174e-01 1.203363e+01 9.929471e-01 8.861638e-02 7.876008e-02 2.543265e+01
6.504900e-02 1.564544e-01 -9.855408e-01 -9.810611e+01 -1.035706e-01 9.833571e-01 1.492717e-01 1.219421e+01 9.924927e-01 9.236305e-02 8.017046e-02 2.550730e+01
6.525955e-02 1.559786e-01 -9.856023e-01 -9.931382e+01 -1.053012e-01 9.832694e-01 1.486371e-01 1.235027e+01 9.922968e-01 9.408508e-02 8.059245e-02 2.559142e+01
6.465336e-02 1.523431e-01 -9.862107e-01 -1.005424e+02 -1.073648e-01 9.836037e-01 1.449018e-01 1.250852e+01 9.921153e-01 9.651589e-02 7.994957e-02 2.568238e+01
6.496011e-02 1.505129e-01 -9.864715e-01 -1.017525e+02 -1.087018e-01 9.837441e-01 1.429386e-01 1.266650e+01 9.919496e-01 9.794595e-02 8.026515e-02 2.576578e+01
6.525608e-02 1.487925e-01 -9.867129e-01 -1.029300e+02 -1.090216e-01 9.839644e-01 1.411679e-01 1.281576e+01 9.918951e-01 9.836099e-02 8.043126e-02 2.584584e+01
6.549566e-02 1.489948e-01 -9.866665e-01 -1.041537e+02 -1.075444e-01 9.840841e-01 1.414659e-01 1.297210e+01 9.920406e-01 9.684504e-02 8.047679e-02 2.593724e+01
6.521535e-02 1.520091e-01 -9.862252e-01 -1.053946e+02 -1.115384e-01 9.832461e-01 1.441743e-01 1.312251e+01 9.916179e-01 1.005996e-01 8.107759e-02 2.601526e+01
6.576721e-02 1.536692e-01 -9.859313e-01 -1.066133e+02 -1.093496e-01 9.832294e-01 1.459539e-01 1.328461e+01 9.918253e-01 9.821223e-02 8.146792e-02 2.611143e+01
6.418425e-02 1.530571e-01 -9.861308e-01 -1.078657e+02 -1.122168e-01 9.830079e-01 1.452685e-01 1.344392e+01 9.916087e-01 1.013365e-01 8.026920e-02 2.621292e+01
6.295802e-02 1.543596e-01 -9.860068e-01 -1.091450e+02 -1.153457e-01 9.824716e-01 1.464411e-01 1.361673e+01 9.913282e-01 1.045120e-01 7.965917e-02 2.630197e+01
6.272607e-02 1.537328e-01 -9.861195e-01 -1.103917e+02 -1.197493e-01 9.820864e-01 1.454869e-01 1.378676e+01 9.908206e-01 1.089613e-01 8.001180e-02 2.638002e+01
6.247249e-02 1.500652e-01 -9.867004e-01 -1.116848e+02 -1.198675e-01 9.826035e-01 1.418528e-01 1.395467e+01 9.908224e-01 1.094114e-01 7.937362e-02 2.647033e+01
6.263881e-02 1.458675e-01 -9.873191e-01 -1.130245e+02 -1.210963e-01 9.830636e-01 1.375560e-01 1.413400e+01 9.906624e-01 1.109443e-01 7.924195e-02 2.655011e+01
6.228985e-02 1.444979e-01 -9.875426e-01 -1.143018e+02 -1.140889e-01 9.840090e-01 1.367846e-01 1.429145e+01 9.915159e-01 1.041473e-01 7.777937e-02 2.665609e+01
6.195836e-02 1.427996e-01 -9.878104e-01 -1.155354e+02 -1.102477e-01 9.846347e-01 1.354254e-01 1.445721e+01 9.919711e-01 1.005131e-01 7.674967e-02 2.674473e+01
6.201715e-02 1.444713e-01 -9.875636e-01 -1.167499e+02 -1.093642e-01 9.844938e-01 1.371544e-01 1.461111e+01 9.920652e-01 9.949822e-02 7.685550e-02 2.682637e+01
6.146990e-02 1.486163e-01 -9.869826e-01 -1.179610e+02 -1.077997e-01 9.840568e-01 1.414620e-01 1.476103e+01 9.922705e-01 9.770077e-02 7.651067e-02 2.691077e+01
6.051364e-02 1.482978e-01 -9.870896e-01 -1.192374e+02 -1.052542e-01 9.843367e-01 1.414316e-01 1.492964e+01 9.926025e-01 9.533674e-02 7.517475e-02 2.701468e+01
5.934795e-02 1.434365e-01 -9.878784e-01 -1.204745e+02 -1.029769e-01 9.852228e-01 1.368644e-01 1.509323e+01 9.929117e-01 9.360606e-02 7.324160e-02 2.710834e+01
5.888641e-02 1.397666e-01 -9.884319e-01 -1.217046e+02 -1.025889e-01 9.857550e-01 1.332763e-01 1.524610e+01 9.929793e-01 9.355402e-02 7.238609e-02 2.718406e+01
5.961809e-02 1.383671e-01 -9.885850e-01 -1.228946e+02 -1.032274e-01 9.858915e-01 1.317648e-01 1.538983e+01 9.928695e-01 9.419350e-02 7.306025e-02 2.724324e+01
5.900468e-02 1.399020e-01 -9.884057e-01 -1.240882e+02 -1.057902e-01 9.854315e-01 1.331657e-01 1.553477e+01 9.926363e-01 9.670627e-02 7.294534e-02 2.731470e+01
5.859082e-02 1.450422e-01 -9.876892e-01 -1.253067e+02 -1.098765e-01 9.843146e-01 1.380287e-01 1.567973e+01 9.922168e-01 1.004366e-01 7.360854e-02 2.738539e+01
5.802380e-02 1.486804e-01 -9.871815e-01 -1.265715e+02 -1.134908e-01 9.834194e-01 1.414431e-01 1.583373e+01 9.918433e-01 1.038290e-01 7.393559e-02 2.746097e+01
5.783568e-02 1.492150e-01 -9.871119e-01 -1.278883e+02 -1.210283e-01 9.825221e-01 1.414301e-01 1.600252e+01 9.909628e-01 1.112887e-01 7.488407e-02 2.752857e+01
5.697137e-02 1.473293e-01 -9.874454e-01 -1.292335e+02 -1.233038e-01 9.825179e-01 1.394800e-01 1.617351e+01 9.907323e-01 1.138094e-01 7.414165e-02 2.762047e+01
5.607342e-02 1.462410e-01 -9.876585e-01 -1.306163e+02 -1.249873e-01 9.824614e-01 1.383754e-01 1.634572e+01 9.905725e-01 1.156856e-01 7.336823e-02 2.770700e+01
5.484251e-02 1.456380e-01 -9.878167e-01 -1.320124e+02 -1.244170e-01 9.825922e-01 1.379603e-01 1.651496e+01 9.907132e-01 1.153351e-01 7.200767e-02 2.780289e+01
5.469306e-02 1.445289e-01 -9.879879e-01 -1.334238e+02 -1.219469e-01 9.830287e-01 1.370527e-01 1.668608e+01 9.910286e-01 1.129863e-01 7.138970e-02 2.789280e+01
5.384206e-02 1.449466e-01 -9.879734e-01 -1.347431e+02 -1.205871e-01 9.831114e-01 1.376616e-01 1.685028e+01 9.912415e-01 1.117249e-01 7.041144e-02 2.798114e+01
5.438517e-02 1.503657e-01 -9.871334e-01 -1.360378e+02 -1.209106e-01 9.823137e-01 1.429701e-01 1.700750e+01 9.911725e-01 1.115795e-01 7.160411e-02 2.804340e+01
5.266408e-02 1.543494e-01 -9.866118e-01 -1.374157e+02 -1.187529e-01 9.819401e-01 1.472797e-01 1.718035e+01 9.915262e-01 1.094067e-01 7.004242e-02 2.814675e+01
5.324700e-02 1.531361e-01 -9.867695e-01 -1.387501e+02 -1.191378e-01 9.820875e-01 1.459807e-01 1.735336e+01 9.914489e-01 1.097885e-01 7.053751e-02 2.822440e+01
5.373352e-02 1.515716e-01 -9.869847e-01 -1.400424e+02 -1.171198e-01 9.825470e-01 1.445139e-01 1.752357e+01 9.916631e-01 1.078302e-01 7.054775e-02 2.831273e+01
5.555278e-02 1.511440e-01 -9.869495e-01 -1.413354e+02 -1.164651e-01 9.827092e-01 1.439391e-01 1.768397e+01 9.916399e-01 1.069490e-01 7.219523e-02 2.838943e+01
5.708840e-02 1.507389e-01 -9.869239e-01 -1.426291e+02 -1.170825e-01 9.827256e-01 1.433251e-01 1.784668e+01 9.914800e-01 1.073693e-01 7.375112e-02 2.846514e+01
5.816335e-02 1.530316e-01 -9.865082e-01 -1.439174e+02 -1.187012e-01 9.822310e-01 1.453696e-01 1.801277e+01 9.912250e-01 1.086445e-01 7.529487e-02 2.854448e+01
5.914486e-02 1.567676e-01 -9.858630e-01 -1.452245e+02 -1.203200e-01 9.815114e-01 1.488573e-01 1.818268e+01 9.909717e-01 1.098148e-01 7.691363e-02 2.862818e+01
6.158155e-02 1.578759e-01 -9.855369e-01 -1.465377e+02 -1.244188e-01 9.809234e-01 1.493626e-01 1.836167e+01 9.903170e-01 1.134213e-01 8.004951e-02 2.869637e+01
6.290009e-02 1.554787e-01 -9.858347e-01 -1.478503e+02 -1.267961e-01 9.810311e-01 1.466310e-01 1.853371e+01 9.899325e-01 1.157769e-01 8.142104e-02 2.877513e+01
6.209756e-02 1.522608e-01 -9.863876e-01 -1.491546e+02 -1.239679e-01 9.818185e-01 1.437512e-01 1.870348e+01 9.903413e-01 1.133538e-01 7.984398e-02 2.888457e+01
6.285746e-02 1.506059e-01 -9.865935e-01 -1.504534e+02 -1.225118e-01 9.822364e-01 1.421354e-01 1.887040e+01 9.904745e-01 1.119350e-01 8.019188e-02 2.897437e+01
6.362861e-02 1.503337e-01 -9.865856e-01 -1.517330e+02 -1.234775e-01 9.821786e-01 1.416986e-01 1.903242e+01 9.903054e-01 1.128050e-01 8.105747e-02 2.905063e+01
6.383005e-02 1.502819e-01 -9.865805e-01 -1.529647e+02 -1.197455e-01 9.826073e-01 1.419293e-01 1.918773e+01 9.907506e-01 1.090793e-01 8.071546e-02 2.914584e+01
6.336800e-02 1.485136e-01 -9.868780e-01 -1.542336e+02 -1.174638e-01 9.831019e-01 1.404029e-01 1.934452e+01 9.910534e-01 1.070254e-01 7.974217e-02 2.924543e+01
6.369273e-02 1.487198e-01 -9.868261e-01 -1.555104e+02 -1.163239e-01 9.831999e-01 1.406654e-01 1.950256e+01 9.911670e-01 1.058321e-01 7.992236e-02 2.933361e+01
6.280586e-02 1.509489e-01 -9.865444e-01 -1.567956e+02 -1.114565e-01 9.833733e-01 1.433681e-01 1.966305e+01 9.917827e-01 1.009524e-01 7.858584e-02 2.944646e+01
6.388279e-02 1.524134e-01 -9.862500e-01 -1.580842e+02 -1.114453e-01 9.831766e-01 1.447197e-01 1.982636e+01 9.917151e-01 1.006678e-01 7.979381e-02 2.952416e+01
6.435618e-02 1.507544e-01 -9.864742e-01 -1.593829e+02 -1.094119e-01 9.836300e-01 1.431818e-01 1.999298e+01 9.919109e-01 9.871742e-02 7.979700e-02 2.961663e+01
6.362373e-02 1.509492e-01 -9.864919e-01 -1.606465e+02 -1.109610e-01 9.834356e-01 1.433252e-01 2.015901e+01 9.917861e-01 1.003433e-01 7.931932e-02 2.970357e+01
6.426079e-02 1.563116e-01 -9.856152e-01 -1.619109e+02 -1.132486e-01 9.824184e-01 1.484209e-01 2.031662e+01 9.914864e-01 1.020819e-01 8.083305e-02 2.978375e+01
6.358978e-02 1.634593e-01 -9.844985e-01 -1.631924e+02 -1.170457e-01 9.809084e-01 1.553031e-01 2.048114e+01 9.910886e-01 1.053556e-01 8.150795e-02 2.987880e+01
6.458117e-02 1.638798e-01 -9.843641e-01 -1.645844e+02 -1.229527e-01 9.802141e-01 1.551223e-01 2.067675e+01 9.903090e-01 1.110122e-01 8.345283e-02 2.996486e+01
6.529091e-02 1.605031e-01 -9.848735e-01 -1.660085e+02 -1.271466e-01 9.802728e-01 1.513243e-01 2.087578e+01 9.897327e-01 1.153433e-01 8.441032e-02 3.006477e+01
6.596101e-02 1.551623e-01 -9.856844e-01 -1.673547e+02 -1.285445e-01 9.809258e-01 1.458112e-01 2.105749e+01 9.895077e-01 1.170864e-01 8.464811e-02 3.017444e+01
6.670200e-02 1.535498e-01 -9.858871e-01 -1.687175e+02 -1.299603e-01 9.810072e-01 1.439971e-01 2.123743e+01 9.892731e-01 1.185213e-01 8.539052e-02 3.027450e+01
6.815717e-02 1.499199e-01 -9.863461e-01 -1.700307e+02 -1.241697e-01 9.822328e-01 1.407145e-01 2.140213e+01 9.899174e-01 1.128836e-01 8.556171e-02 3.038574e+01
6.892418e-02 1.452117e-01 -9.869970e-01 -1.712982e+02 -1.211359e-01 9.832474e-01 1.362009e-01 2.156273e+01 9.902401e-01 1.101733e-01 8.535988e-02 3.048376e+01
7.002065e-02 1.414364e-01 -9.874679e-01 -1.725064e+02 -1.156052e-01 9.843783e-01 1.327964e-01 2.170868e+01 9.908242e-01 1.048580e-01 8.527759e-02 3.057283e+01
7.065397e-02 1.442630e-01 -9.870138e-01 -1.737366e+02 -1.135587e-01 9.842170e-01 1.357253e-01 2.186116e+01 9.910159e-01 1.024944e-01 8.592116e-02 3.065680e+01
7.211392e-02 1.507235e-01 -9.859422e-01 -1.749573e+02 -1.159851e-01 9.830766e-01 1.418020e-01 2.201310e+01 9.906296e-01 1.041287e-01 8.837519e-02 3.074180e+01
7.387958e-02 1.540905e-01 -9.852908e-01 -1.762158e+02 -1.174600e-01 9.824584e-01 1.448401e-01 2.217090e+01 9.903257e-01 1.050315e-01 9.068308e-02 3.083648e+01
7.516082e-02 1.506485e-01 -9.857261e-01 -1.775269e+02 -1.192139e-01 9.827899e-01 1.411099e-01 2.234423e+01 9.900196e-01 1.069063e-01 9.182670e-02 3.094353e+01
7.597442e-02 1.512248e-01 -9.855754e-01 -1.788370e+02 -1.230118e-01 9.823031e-01 1.412402e-01 2.251032e+01 9.894928e-01 1.105068e-01 9.323234e-02 3.104350e+01
7.708936e-02 1.522027e-01 -9.853383e-01 -1.802043e+02 -1.204422e-01 9.824634e-01 1.423356e-01 2.267750e+01 9.897226e-01 1.077037e-01 9.406909e-02 3.116425e+01
7.800386e-02 1.503694e-01 -9.855478e-01 -1.815227e+02 -1.213067e-01 9.826461e-01 1.403255e-01 2.284230e+01 9.895454e-01 1.086076e-01 9.489100e-02 3.127514e+01
7.949376e-02 1.487993e-01 -9.856670e-01 -1.828348e+02 -1.203971e-01 9.829908e-01 1.386853e-01 2.300507e+01 9.895379e-01 1.076468e-01 9.605664e-02 3.139552e+01
8.199267e-02 1.508434e-01 -9.851515e-01 -1.841201e+02 -1.232525e-01 9.824265e-01 1.401680e-01 2.316200e+01 9.889823e-01 1.099296e-01 9.914359e-02 3.149258e+01
8.295522e-02 1.524219e-01 -9.848279e-01 -1.853626e+02 -1.223668e-01 9.823137e-01 1.417254e-01 2.331331e+01 9.890120e-01 1.087534e-01 1.001394e-01 3.161637e+01
8.363540e-02 1.537775e-01 -9.845596e-01 -1.865789e+02 -1.227546e-01 9.820859e-01 1.429635e-01 2.345849e+01 9.889067e-01 1.089024e-01 1.010140e-01 3.172813e+01
8.304645e-02 1.546861e-01 -9.844671e-01 -1.877170e+02 -1.208610e-01 9.821508e-01 1.441267e-01 2.359385e+01 9.891895e-01 1.070144e-01 1.002596e-01 3.184689e+01
8.329626e-02 1.558868e-01 -9.842566e-01 -1.888259e+02 -1.212272e-01 9.819386e-01 1.452603e-01 2.372435e+01 9.891237e-01 1.072190e-01 1.006895e-01 3.194142e+01
8.403024e-02 1.548800e-01 -9.843531e-01 -1.899156e+02 -1.214214e-01 9.820772e-01 1.441566e-01 2.386091e+01 9.890378e-01 1.074081e-01 1.013299e-01 3.203694e+01
8.562702e-02 1.549137e-01 -9.842102e-01 -1.909532e+02 -1.227257e-01 9.819554e-01 1.438815e-01 2.398784e+01 9.887398e-01 1.084678e-01 1.030938e-01 3.213325e+01
8.738516e-02 1.557611e-01 -9.839219e-01 -1.919630e+02 -1.241899e-01 9.816983e-01 1.443794e-01 2.411262e+01 9.884031e-01 1.095766e-01 1.051298e-01 3.221997e+01
8.612215e-02 1.536682e-01 -9.843623e-01 -1.929785e+02 -1.205295e-01 9.823832e-01 1.428141e-01 2.423434e+01 9.889669e-01 1.063452e-01 1.031265e-01 3.232983e+01
8.318493e-02 1.507766e-01 -9.850618e-01 -1.939850e+02 -1.189773e-01 9.829200e-01 1.404016e-01 2.435138e+01 9.894062e-01 1.055206e-01 9.970313e-02 3.242082e+01
7.900366e-02 1.475055e-01 -9.859009e-01 -1.949494e+02 -1.196231e-01 9.832486e-01 1.375229e-01 2.446558e+01 9.896710e-01 1.070717e-01 9.532531e-02 3.249194e+01
7.418275e-02 1.447059e-01 -9.866900e-01 -1.959018e+02 -1.208097e-01 9.834331e-01 1.351454e-01 2.458074e+01 9.899000e-01 1.091762e-01 9.043566e-02 3.256433e+01
7.030098e-02 1.440669e-01 -9.870676e-01 -1.968470e+02 -1.224085e-01 9.832833e-01 1.347964e-01 2.469687e+01 9.899868e-01 1.113491e-01 8.676079e-02 3.263486e+01
6.715049e-02 1.448191e-01 -9.871769e-01 -1.977801e+02 -1.220877e-01 9.831677e-01 1.359262e-01 2.480675e+01 9.902451e-01 1.113947e-01 8.370083e-02 3.270575e+01
6.637630e-02 1.467226e-01 -9.869482e-01 -1.987191e+02 -1.234743e-01 9.827347e-01 1.377921e-01 2.491978e+01 9.901254e-01 1.127166e-01 8.334677e-02 3.275868e+01
6.504088e-02 1.479673e-01 -9.868512e-01 -1.996497e+02 -1.213375e-01 9.827798e-01 1.393598e-01 2.503438e+01 9.904781e-01 1.106780e-01 8.187484e-02 3.282842e+01
6.333958e-02 1.481439e-01 -9.869354e-01 -2.005975e+02 -1.184402e-01 9.830480e-01 1.399591e-01 2.515066e+01 9.909390e-01 1.080279e-01 7.981205e-02 3.290764e+01
6.334080e-02 1.473263e-01 -9.870577e-01 -2.015139e+02 -1.216508e-01 9.828082e-01 1.388855e-01 2.526360e+01 9.905499e-01 1.112792e-01 8.017421e-02 3.295115e+01
6.292917e-02 1.463698e-01 -9.872263e-01 -2.024517e+02 -1.258055e-01 9.824597e-01 1.376439e-01 2.538295e+01 9.900570e-01 1.155367e-01 8.023950e-02 3.300525e+01
6.339621e-02 1.463073e-01 -9.872057e-01 -2.033574e+02 -1.303727e-01 9.819327e-01 1.371536e-01 2.549070e+01 9.894361e-01 1.200097e-01 8.132530e-02 3.305541e+01
6.402182e-02 1.447823e-01 -9.873901e-01 -2.042717e+02 -1.340164e-01 9.817049e-01 1.352591e-01 2.560404e+01 9.889089e-01 1.236669e-01 8.225374e-02 3.311513e+01
6.523261e-02 1.421793e-01 -9.876891e-01 -2.051781e+02 -1.346536e-01 9.819984e-01 1.324669e-01 2.571329e+01 9.887432e-01 1.243547e-01 8.320328e-02 3.317611e+01
6.589281e-02 1.396394e-01 -9.880076e-01 -2.060717e+02 -1.351896e-01 9.822791e-01 1.298136e-01 2.582084e+01 9.886263e-01 1.250146e-01 8.360292e-02 3.323977e+01
6.690098e-02 1.394007e-01 -9.879735e-01 -2.069405e+02 -1.350562e-01 9.823440e-01 1.294610e-01 2.592223e+01 9.885768e-01 1.247708e-01 8.454670e-02 3.330119e+01
