1.000000e+00 0.000000e+00 0.000000e+00 0.000000e+00 0.000000e+00 1.000000e+00 0.000000e+00 0.000000e+00 0.000000e+00 0.000000e+00 1.000000e+00 0.000000e+00
9.999258e-01 -1.537754e-03 1.208606e-02 5.203418e-03 1.526828e-03 9.999984e-01 9.131780e-04 -3.555773e-03 -1.208745e-02 -8.946568e-04 9.999265e-01 2.843320e-01
9.998126e-01 -4.194979e-03 1.889842e-02 1.574317e-02 4.179715e-03 9.999909e-01 8.471066e-04 -6.550302e-03 -1.890181e-02 -7.679578e-04 9.998210e-01 5.812039e-01
9.997596e-01 -6.480742e-03 2.094478e-02 2.439596e-02 6.492222e-03 9.999788e-01 -4.801534e-04 -9.050787e-03 -2.094122e-02 6.160161e-04 9.997805e-01 8.845566e-01
9.997946e-01 -7.006535e-03 1.901596e-02 2.533694e-02 7.049881e-03 9.999727e-01 -2.213401e-03 -1.094899e-02 -1.899993e-02 2.347007e-03 9.998167e-01 1.190027e+00
9.998826e-01 -1.046047e-02 1.119593e-02 3.735315e-02 1.050726e-02 9.999363e-01 -4.129197e-03 -8.175067e-03 -1.115203e-02 4.246351e-03 9.999288e-01 1.502649e+00
9.999527e-01 -9.720334e-03 1.817245e-04 1.528581e-02 9.721323e-03 9.999309e-01 -6.610475e-03 -7.988193e-03 -1.174559e-04 6.611929e-03 9.999781e-01 1.829125e+00
9.998111e-01 -1.017121e-02 -1.656102e-02 -3.602060e-04 1.006134e-02 9.999269e-01 -6.704060e-03 -1.585107e-02 1.662800e-02 6.536168e-03 9.998404e-01 2.165260e+00
9.994644e-01 -1.036718e-03 -3.270939e-02 -7.014587e-02 7.948068e-04 9.999722e-01 -7.407916e-03 -2.292984e-02 3.271616e-02 7.377951e-03 9.994375e-01 2.490322e+00
9.986603e-01 4.277916e-03 -5.156799e-02 -1.215069e-01 -4.736283e-03 9.999503e-01 -8.769662e-03 -2.735040e-02 5.152792e-02 9.002154e-03 9.986310e-01 2.845117e+00
9.975317e-01 7.115620e-03 -6.985549e-02 -1.852782e-01 -7.775867e-03 9.999276e-01 -9.184231e-03 -3.511544e-02 6.978508e-02 9.704749e-03 9.975148e-01 3.203814e+00
9.959233e-01 6.597805e-03 -8.996273e-02 -2.432876e-01 -7.412224e-03 9.999345e-01 -8.721761e-03 -3.613407e-02 8.989929e-02 9.353029e-03 9.959069e-01 3.585627e+00
9.940465e-01 6.475696e-03 -1.087639e-01 -3.103390e-01 -7.431568e-03 9.999372e-01 -8.385448e-03 -3.552945e-02 1.087028e-01 9.143812e-03 9.940322e-01 3.975698e+00
9.920295e-01 8.266821e-03 -1.257341e-01 -3.880859e-01 -9.319707e-03 9.999262e-01 -7.787965e-03 -4.151120e-02 1.256605e-01 8.897697e-03 9.920334e-01 4.375800e+00
9.900889e-01 1.093095e-02 -1.400163e-01 -4.821687e-01 -1.209224e-02 9.998992e-01 -7.445890e-03 -4.533244e-02 1.399208e-01 9.065204e-03 9.901212e-01 4.797364e+00
9.882398e-01 1.335945e-02 -1.523275e-01 -5.803444e-01 -1.464562e-02 9.998659e-01 -7.324482e-03 -5.608080e-02 1.522092e-01 9.469274e-03 9.883029e-01 5.234755e+00
9.859604e-01 8.259621e-03 -1.667747e-01 -6.381334e-01 -9.799864e-03 9.999166e-01 -8.414619e-03 -6.298731e-02 1.666913e-01 9.930851e-03 9.859591e-01 5.701535e+00
9.845677e-01 6.530422e-03 -1.748823e-01 -7.468599e-01 -8.468439e-03 9.999107e-01 -1.033788e-02 -7.670167e-02 1.747992e-01 1.165932e-02 9.845351e-01 6.171615e+00
9.832874e-01 8.921959e-03 -1.818413e-01 -8.594149e-01 -1.139778e-02 9.998560e-01 -1.257482e-02 -7.945416e-02 1.817029e-01 1.443725e-02 9.832475e-01 6.662717e+00
9.819671e-01 8.254410e-03 -1.888716e-01 -9.741022e-01 -1.128325e-02 9.998243e-01 -1.496689e-02 -7.930454e-02 1.887148e-01 1.682808e-02 9.818877e-01 7.171385e+00
9.805624e-01 8.814116e-03 -1.960095e-01 -1.101046e+00 -1.255053e-02 9.997623e-01 -1.782849e-02 -9.019956e-02 1.958058e-01 1.994197e-02 9.804399e-01 7.694028e+00
9.791244e-01 6.138729e-03 -2.031691e-01 -1.229597e+00 -1.026448e-02 9.997618e-01 -1.925951e-02 -1.061500e-01 2.030025e-01 2.094288e-02 9.789542e-01 8.244001e+00
9.774355e-01 -7.580517e-04 -2.112329e-01 -1.346118e+00 -3.693665e-03 9.997793e-01 -2.067956e-02 -1.189345e-01 2.112020e-01 2.099316e-02 9.772170e-01 8.811941e+00
9.751426e-01 -3.179331e-03 -2.215552e-01 -1.464646e+00 -2.022796e-03 9.997277e-01 -2.324919e-02 -1.334195e-01 2.215688e-01 2.311944e-02 9.748706e-01 9.396035e+00
9.732575e-01 7.177102e-04 -2.297158e-01 -1.629734e+00 -7.238694e-03 9.995943e-01 -2.754575e-02 -1.475309e-01 2.296028e-01 2.847195e-02 9.728679e-01 9.977431e+00
9.716206e-01 6.502371e-03 -2.364553e-01 -1.820980e+00 -1.411966e-02 9.994340e-01 -3.053541e-02 -1.691221e-01 2.361229e-01 3.300750e-02 9.711624e-01 1.057578e+01
9.696276e-01 5.131423e-03 -2.445320e-01 -1.995128e+00 -1.339446e-02 9.993936e-01 -3.214028e-02 -1.951239e-01 2.442188e-01 3.443948e-02 9.691084e-01 1.120950e+01
9.674741e-01 1.766000e-03 -2.529641e-01 -2.171159e+00 -1.093127e-02 9.993334e-01 -3.483061e-02 -2.176197e-01 2.527339e-01 3.646293e-02 9.668485e-01 1.186461e+01
9.651301e-01 1.701141e-04 -2.617707e-01 -2.355942e+00 -1.027515e-02 9.992537e-01 -3.723437e-02 -2.462868e-01 2.615691e-01 3.862574e-02 9.644116e-01 1.255175e+01
9.627380e-01 5.517603e-04 -2.704352e-01 -2.562619e+00 -1.201926e-02 9.990971e-01 -4.074966e-02 -2.783037e-01 2.701685e-01 4.248168e-02 9.618754e-01 1.325410e+01
9.610049e-01 2.543312e-03 -2.765195e-01 -2.794850e+00 -1.578122e-02 9.988324e-01 -4.565857e-02 -3.183641e-01 2.760805e-01 4.824192e-02 9.599230e-01 1.394823e+01
9.591897e-01 6.543386e-05 -2.827632e-01 -3.011645e+00 -1.575689e-02 9.984585e-01 -5.321948e-02 -3.605544e-01 2.823238e-01 5.550305e-02 9.577122e-01 1.467272e+01
9.587564e-01 4.306170e-03 -2.841965e-01 -3.280796e+00 -2.258796e-02 9.978771e-01 -6.108211e-02 -4.138555e-01 2.833301e-01 6.498228e-02 9.568183e-01 1.538738e+01
9.576242e-01 4.784175e-03 -2.879811e-01 -3.517263e+00 -2.591225e-02 9.972384e-01 -6.959913e-02 -4.651536e-01 2.868528e-01 7.411205e-02 9.551036e-01 1.610996e+01
9.560071e-01 4.361481e-03 -2.933110e-01 -3.738871e+00 -2.867518e-02 9.964902e-01 -7.864520e-02 -5.181085e-01 2.919385e-01 8.359612e-02 9.527768e-01 1.683559e+01
9.545868e-01 3.492443e-03 -2.979125e-01 -3.968017e+00 -3.042519e-02 9.958464e-01 -8.581564e-02 -5.757172e-01 2.963753e-01 9.098252e-02 9.507281e-01 1.754792e+01
9.530020e-01 3.968990e-03 -3.029381e-01 -4.200710e+00 -3.350140e-02 9.951626e-01 -9.235258e-02 -6.443156e-01 3.011061e-01 9.816104e-02 9.485249e-01 1.825029e+01
9.511160e-01 3.016279e-03 -3.088193e-01 -4.420121e+00 -3.516582e-02 9.945064e-01 -9.859184e-02 -7.073956e-01 3.068254e-01 1.046322e-01 9.459970e-01 1.893036e+01
9.495201e-01 5.629486e-03 -3.136556e-01 -4.655605e+00 -4.013112e-02 9.938038e-01 -1.036509e-01 -7.809512e-01 3.111286e-01 1.110060e-01 9.438626e-01 1.958946e+01
9.481540e-01 8.286201e-03 -3.177031e-01 -4.901663e+00 -4.441894e-02 9.933032e-01 -1.066571e-01 -8.558347e-01 3.146917e-01 1.152394e-01 9.421725e-01 2.025012e+01
9.464939e-01 9.250235e-03 -3.225891e-01 -5.138056e+00 -4.643324e-02 9.930919e-01 -1.077608e-01 -9.312924e-01 3.193638e-01 1.169738e-01 9.403850e-01 2.089150e+01
9.446558e-01 1.121456e-02 -3.278714e-01 -5.380425e+00 -4.879609e-02 9.931015e-01 -1.066221e-01 -1.009520e+00 3.244139e-01 1.167200e-01 9.386864e-01 2.153027e+01
9.425461e-01 1.189914e-02 -3.338641e-01 -5.621818e+00 -4.972510e-02 9.932302e-01 -1.049817e-01 -1.084630e+00 3.303547e-01 1.155515e-01 9.367570e-01 2.217374e+01
9.405908e-01 1.310241e-02 -3.392895e-01 -5.878036e+00 -5.086515e-02 9.934165e-01 -1.026473e-01 -1.165613e+00 3.357108e-01 1.138071e-01 9.350648e-01 2.281008e+01
9.371877e-01 1.233651e-02 -3.486073e-01 -6.118867e+00 -5.018753e-02 9.937454e-01 -9.975636e-02 -1.236312e+00 3.451962e-01 1.109862e-01 9.319451e-01 2.346525e+01
9.341028e-01 1.448255e-02 -3.567102e-01 -6.387335e+00 -5.121209e-02 9.942788e-01 -9.373901e-02 -1.311296e+00 3.533118e-01 1.058297e-01 9.295003e-01 2.413547e+01
9.308797e-01 1.959665e-02 -3.647999e-01 -6.674509e+00 -5.548293e-02 9.945606e-01 -8.815210e-02 -1.386472e+00 3.610881e-01 1.022992e-01 9.269036e-01 2.481019e+01
9.274462e-01 2.339733e-02 -3.732238e-01 -6.974558e+00 -5.873335e-02 9.947680e-01 -8.358821e-02 -1.461877e+00 3.693154e-01 9.944426e-02 9.239681e-01 2.550822e+01
9.236352e-01 2.424610e-02 -3.825051e-01 -7.268931e+00 -5.979168e-02 9.948934e-01 -8.131504e-02 -1.533808e+00 3.785803e-01 9.797606e-02 9.203682e-01 2.619609e+01
9.202885e-01 2.573436e-02 -3.903932e-01 -7.593485e+00 -6.208049e-02 9.947977e-01 -8.076849e-02 -1.597570e+00 3.862837e-01 9.856611e-02 9.170985e-01 2.689814e+01
9.164458e-01 2.529016e-02 -3.993588e-01 -7.909621e+00 -6.183059e-02 9.949648e-01 -7.888037e-02 -1.667834e+00 3.953530e-01 9.698217e-02 9.133950e-01 2.761398e+01
9.130301e-01 2.724046e-02 -4.069816e-01 -8.250709e+00 -6.410563e-02 9.949510e-01 -7.722082e-02 -1.731496e+00 4.028232e-01 9.659474e-02 9.101664e-01 2.832715e+01
9.092890e-01 2.702405e-02 -4.152869e-01 -8.579277e+00 -6.366431e-02 9.951765e-01 -7.463650e-02 -1.796070e+00 4.112668e-01 9.430510e-02 9.066235e-01 2.903458e+01
9.058643e-01 2.863779e-02 -4.225987e-01 -8.931088e+00 -6.432189e-02 9.954414e-01 -7.042062e-02 -1.855586e+00 4.186556e-01 9.097388e-02 9.035769e-01 2.975459e+01
9.025814e-01 3.184898e-02 -4.293396e-01 -9.294543e+00 -6.590234e-02 9.957276e-01 -6.467913e-02 -1.912863e+00 4.254453e-01 8.667266e-02 9.008241e-01 3.047534e+01
8.991299e-01 3.308077e-02 -4.364300e-01 -9.674025e+00 -6.596906e-02 9.959911e-01 -6.041426e-02 -1.971212e+00 4.326818e-01 8.311114e-02 8.977076e-01 3.122116e+01
8.957840e-01 3.267116e-02 -4.432874e-01 -1.007356e+01 -6.534050e-02 9.961396e-01 -5.862096e-02 -2.027417e+00 4.396609e-01 8.147634e-02 8.944607e-01 3.200684e+01
8.928243e-01 3.359821e-02 -4.491503e-01 -1.047927e+01 -6.648216e-02 9.961214e-01 -5.763993e-02 -2.080356e+00 4.454716e-01 8.132281e-02 8.915950e-01 3.277858e+01
8.898840e-01 3.523341e-02 -4.548241e-01 -1.089641e+01 -6.779587e-02 9.961556e-01 -5.547750e-02 -2.135756e+00 4.511209e-01 8.020374e-02 8.888517e-01 3.357088e+01
8.877970e-01 3.559316e-02 -4.588568e-01 -1.134049e+01 -6.811258e-02 9.961874e-01 -5.451089e-02 -2.187222e+00 4.551671e-01 7.964853e-02 8.868365e-01 3.437622e+01
8.854078e-01 3.621848e-02 -4.634018e-01 -1.177198e+01 -6.915402e-02 9.961285e-01 -5.427526e-02 -2.243626e+00 4.596420e-01 8.010184e-02 8.844846e-01 3.517085e+01
8.836195e-01 3.603360e-02 -4.668171e-01 -1.221712e+01 -6.954027e-02 9.960760e-01 -5.474293e-02 -2.297302e+00 4.630127e-01 8.083450e-02 8.826579e-01 3.598646e+01
8.823324e-01 3.650306e-02 -4.692090e-01 -1.265147e+01 -7.071419e-02 9.959518e-01 -5.549368e-02 -2.349777e+00 4.652838e-01 8.214361e-02 8.813418e-01 3.678550e+01
8.819229e-01 3.536266e-02 -4.700653e-01 -1.311032e+01 -6.914067e-02 9.961016e-01 -5.478375e-02 -2.403443e+00 4.662955e-01 8.081568e-02 8.809298e-01 3.763130e+01
8.819665e-01 3.648618e-02 -4.698976e-01 -1.357971e+01 -6.941326e-02 9.961826e-01 -5.293338e-02 -2.463640e+00 4.661725e-01 7.930260e-02 8.811324e-01 3.848384e+01
8.815547e-01 3.467653e-02 -4.708066e-01 -1.405051e+01 -6.733046e-02 9.963386e-01 -5.268814e-02 -2.519516e+00 4.672557e-01 7.814710e-02 8.806618e-01 3.936804e+01
8.808246e-01 3.142607e-02 -4.723986e-01 -1.452399e+01 -6.418771e-02 9.965086e-01 -5.339084e-02 -2.581057e+00 4.690714e-01 7.735015e-02 8.797664e-01 4.025453e+01
8.799296e-01 2.914789e-02 -4.742092e-01 -1.500671e+01 -6.201354e-02 9.966236e-01 -5.381185e-02 -2.638931e+00 4.710396e-01 7.675803e-02 8.787661e-01 4.113268e+01
8.781651e-01 2.776437e-02 -4.775513e-01 -1.547800e+01 -6.001314e-02 9.968211e-01 -5.240346e-02 -2.692367e+00 4.745783e-01 7.467824e-02 8.770397e-01 4.201521e+01
8.761799e-01 2.699348e-02 -4.812277e-01 -1.598149e+01 -5.756463e-02 9.971446e-01 -4.887618e-02 -2.749025e+00 4.785343e-01 7.052602e-02 8.752320e-01 4.292398e+01
8.731058e-01 2.405057e-02 -4.869371e-01 -1.648258e+01 -5.225259e-02 9.976456e-01 -4.441661e-02 -2.814629e+00 4.847225e-01 6.422413e-02 8.723069e-01 4.384529e+01
8.694040e-01 2.487315e-02 -4.934754e-01 -1.700699e+01 -5.247926e-02 9.977313e-01 -4.216817e-02 -2.874410e+00 4.913070e-01 6.255841e-02 8.687369e-01 4.474821e+01
8.645762e-01 2.203171e-02 -5.020185e-01 -1.755830e+01 -5.093355e-02 9.977354e-01 -4.393089e-02 -2.937650e+00 4.999138e-01 6.355119e-02 8.637404e-01 4.568018e+01
8.592092e-01 1.962295e-02 -5.112479e-01 -1.810947e+01 -5.054082e-02 9.976320e-01 -4.664793e-02 -2.998933e+00 5.091219e-01 6.591922e-02 8.581664e-01 4.657564e+01
8.533794e-01 1.946185e-02 -5.209269e-01 -1.865489e+01 -5.041425e-02 9.976999e-01 -4.531422e-02 -3.058425e+00 5.188468e-01 6.493237e-02 8.523976e-01 4.745502e+01
8.489476e-01 2.598880e-02 -5.278377e-01 -1.925430e+01 -5.510352e-02 9.976989e-01 -3.950267e-02 -3.118615e+00 5.255964e-01 6.262140e-02 8.484262e-01 4.834147e+01
8.441855e-01 3.164075e-02 -5.351166e-01 -1.984507e+01 -5.957448e-02 9.976102e-01 -3.499569e-02 -3.168624e+00 5.327305e-01 6.142215e-02 8.440531e-01 4.924529e+01
8.404290e-01 3.170116e-02 -5.409936e-01 -2.045854e+01 -6.113700e-02 9.974608e-01 -3.652658e-02 -3.217245e+00 5.384620e-01 6.377272e-02 8.402332e-01 5.016778e+01
8.377142e-01 3.074779e-02 -5.452426e-01 -2.108421e+01 -6.268816e-02 9.972281e-01 -4.007794e-02 -3.278736e+00 5.424990e-01 6.775412e-02 8.373197e-01 5.108230e+01
8.347073e-01 2.821295e-02 -5.499706e-01 -2.168120e+01 -6.464516e-02 9.968019e-01 -4.697899e-02 -3.335475e+00 5.468864e-01 7.476665e-02 8.338617e-01 5.196915e+01
8.315494e-01 2.772836e-02 -5.547582e-01 -2.224835e+01 -6.534828e-02 9.967009e-01 -4.813527e-02 -3.392773e+00 5.515933e-01 7.627935e-02 8.306180e-01 5.280035e+01
8.288282e-01 3.039630e-02 -5.586769e-01 -2.283134e+01 -6.613599e-02 9.968453e-01 -4.388041e-02 -3.450758e+00 5.555806e-01 7.331797e-02 8.282238e-01 5.363254e+01
8.256530e-01 3.211641e-02 -5.632634e-01 -2.340982e+01 -6.464807e-02 9.971879e-01 -3.790549e-02 -3.512055e+00 5.604621e-01 6.771067e-02 8.254075e-01 5.447225e+01
8.230605e-01 3.462167e-02 -5.668974e-01 -2.403767e+01 -6.585874e-02 9.972249e-01 -3.471552e-02 -3.562390e+00 5.641223e-01 6.590812e-02 8.230566e-01 5.535201e+01
8.201961e-01 3.467245e-02 -5.710308e-01 -2.466869e+01 -6.694871e-02 9.971205e-01 -3.561710e-02 -3.607292e+00 5.681516e-01 6.744278e-02 8.201556e-01 5.623622e+01
8.163842e-01 3.303620e-02 -5.765635e-01 -2.531713e+01 -6.651895e-02 9.970969e-01 -3.705528e-02 -3.659353e+00 5.736655e-01 6.860374e-02 8.162116e-01 5.715456e+01
8.127725e-01 3.089418e-02 -5.817615e-01 -2.596312e+01 -6.610050e-02 9.970347e-01 -3.940120e-02 -3.712419e+00 5.788191e-01 7.047893e-02 8.124045e-01 5.804142e+01
8.090901e-01 3.075183e-02 -5.868795e-01 -2.660865e+01 -6.619690e-02 9.970434e-01 -3.901712e-02 -3.769651e+00 5.839445e-01 7.041797e-02 8.087336e-01 5.890147e+01
8.049095e-01 3.125878e-02 -5.925737e-01 -2.724907e+01 -6.663732e-02 9.970564e-01 -3.791975e-02 -3.821843e+00 5.896441e-01 7.000949e-02 8.046232e-01 5.975269e+01
8.004235e-01 3.182632e-02 -5.985895e-01 -2.790839e+01 -6.744133e-02 9.970306e-01 -3.717039e-02 -3.871891e+00 5.956290e-01 7.012173e-02 8.001931e-01 6.060678e+01
7.968506e-01 3.380491e-02 -6.032299e-01 -2.860836e+01 -7.111174e-02 9.967412e-01 -3.807949e-02 -3.926685e+00 5.999768e-01 7.324040e-02 7.966578e-01 6.145968e+01
7.921835e-01 3.302194e-02 -6.093889e-01 -2.928623e+01 -7.138674e-02 9.966941e-01 -3.879069e-02 -3.975755e+00 6.060934e-01 7.423163e-02 7.919220e-01 6.230747e+01
7.870204e-01 3.240524e-02 -6.160753e-01 -2.996241e+01 -7.176582e-02 9.966487e-01 -3.925578e-02 -4.027922e+00 6.127386e-01 7.510825e-02 7.867084e-01 6.314983e+01
7.819365e-01 3.192724e-02 -6.225400e-01 -3.064788e+01 -7.251430e-02 9.965661e-01 -3.997169e-02 -4.079473e+00 6.191260e-01 7.639837e-02 7.815665e-01 6.398726e+01
7.759754e-01 3.050768e-02 -6.300249e-01 -3.134092e+01 -7.202028e-02 9.965827e-01 -4.044688e-02 -4.134252e+00 6.266380e-01 7.676036e-02 7.755209e-01 6.483580e+01
7.704765e-01 3.046447e-02 -6.367400e-01 -3.208253e+01 -7.331829e-02 9.964637e-01 -4.104232e-02 -4.175557e+00 6.332380e-01 7.830684e-02 7.699855e-01 6.570958e+01
7.644875e-01 3.045042e-02 -6.439190e-01 -3.280429e+01 -7.223000e-02 9.966399e-01 -3.862416e-02 -4.233234e+00 6.405792e-01 7.603795e-02 7.641182e-01 6.655665e+01
7.581057e-01 2.999477e-02 -6.514415e-01 -3.355810e+01 -7.164337e-02 9.967258e-01 -3.748101e-02 -4.290398e+00 6.481844e-01 7.508603e-02 7.577725e-01 6.743482e+01
7.522636e-01 2.863261e-02 -6.582398e-01 -3.434402e+01 -7.134464e-02 9.967208e-01 -3.817949e-02 -4.343159e+00 6.549881e-01 7.568292e-02 7.518395e-01 6.831696e+01
7.460323e-01 2.678791e-02 -6.653707e-01 -3.510114e+01 -7.108498e-02 9.966848e-01 -3.957582e-02 -4.395157e+00 6.621047e-01 7.682270e-02 7.454633e-01 6.915569e+01
7.404154e-01 2.721000e-02 -6.715985e-01 -3.586785e+01 -7.239849e-02 9.965957e-01 -3.943962e-02 -4.441547e+00 6.682391e-01 7.782443e-02 7.398648e-01 6.998450e+01
7.365778e-01 2.945788e-02 -6.757110e-01 -3.667406e+01 -7.487907e-02 9.964613e-01 -3.818292e-02 -4.499271e+00 6.721951e-01 7.872131e-02 7.361771e-01 7.081132e+01
7.326295e-01 3.172612e-02 -6.798878e-01 -3.750915e+01 -7.779627e-02 9.962697e-01 -3.734155e-02 -4.560826e+00 6.761670e-01 8.025026e-02 7.323647e-01 7.165910e+01
7.293022e-01 3.317056e-02 -6.833872e-01 -3.833186e+01 -8.093031e-02 9.959942e-01 -3.802379e-02 -4.615607e+00 6.793884e-01 8.303757e-02 7.290653e-01 7.248282e+01
7.254076e-01 3.335690e-02 -6.875108e-01 -3.917584e+01 -8.415662e-02 9.956296e-01 -4.048916e-02 -4.670911e+00 6.831555e-01 8.722973e-02 7.250445e-01 7.332531e+01
7.212267e-01 3.260485e-02 -6.919313e-01 -3.998825e+01 -8.574938e-02 9.954109e-01 -4.247461e-02 -4.730168e+00 6.873711e-01 8.996650e-02 7.207128e-01 7.414034e+01
7.162755e-01 3.189784e-02 -6.970882e-01 -4.077827e+01 -8.609657e-02 9.953619e-01 -4.291993e-02 -4.783339e+00 6.924859e-01 9.075940e-02 7.156996e-01 7.494692e+01
7.123877e-01 3.439778e-02 -7.009427e-01 -4.160105e+01 -8.839270e-02 9.952417e-01 -4.099589e-02 -4.842984e+00 6.961972e-01 9.116319e-02 7.120384e-01 7.574413e+01
7.081312e-01 3.552947e-02 -7.051864e-01 -4.244036e+01 -8.934385e-02 9.952143e-01 -3.957498e-02 -4.904055e+00 7.004055e-01 9.102834e-02 7.079166e-01 7.655445e+01
7.030241e-01 3.337285e-02 -7.103826e-01 -4.327081e+01 -8.731416e-02 9.953915e-01 -3.964752e-02 -4.958469e+00 7.057856e-01 8.989962e-02 7.026982e-01 7.737700e+01
6.983623e-01 3.171439e-02 -7.150415e-01 -4.411875e+01 -8.553373e-02 9.955566e-01 -3.938241e-02 -5.014360e+00 7.106153e-01 8.866336e-02 6.979719e-01 7.819718e+01
6.944134e-01 3.109886e-02 -7.189039e-01 -4.498568e+01 -8.495284e-02 9.956218e-01 -3.898948e-02 -5.066564e+00 7.145439e-01 8.814775e-02 6.940151e-01 7.901823e+01
6.903680e-01 3.045919e-02 -7.228169e-01 -4.587604e+01 -8.370507e-02 9.957663e-01 -3.798620e-02 -5.131746e+00 7.185997e-01 8.672790e-02 6.899947e-01 7.986622e+01
6.871782e-01 2.867164e-02 -7.259229e-01 -4.676837e+01 -8.293166e-02 9.957849e-01 -3.917500e-02 -5.186221e+00 7.217399e-01 8.712220e-02 6.866595e-01 8.068503e+01
6.839463e-01 2.453121e-02 -7.291198e-01 -4.767028e+01 -8.070040e-02 9.958449e-01 -4.219535e-02 -5.242938e+00 7.250551e-01 8.769961e-02 6.830841e-01 8.150734e+01
6.798001e-01 2.014815e-02 -7.331207e-01 -4.856946e+01 -7.665444e-02 9.960994e-01 -4.370376e-02 -5.299155e+00 7.293805e-01 8.590677e-02 6.786929e-01 8.233011e+01
6.737325e-01 1.702917e-02 -7.387791e-01 -4.947300e+01 -7.257412e-02 9.964263e-01 -4.321621e-02 -5.363768e+00 7.354030e-01 8.273241e-02 6.725606e-01 8.314562e+01
6.658734e-01 1.329822e-02 -7.459462e-01 -5.035817e+01 -6.768606e-02 9.967946e-01 -4.265021e-02 -5.430509e+00 7.429880e-01 7.888980e-02 6.646392e-01 8.393859e+01
6.579073e-01 1.273589e-02 -7.529912e-01 -5.127051e+01 -6.560062e-02 9.970256e-01 -4.045348e-02 -5.489704e+00 7.502363e-01 7.601133e-02 6.567859e-01 8.472032e+01
6.495951e-01 1.404166e-02 -7.601507e-01 -5.219733e+01 -6.510146e-02 9.971845e-01 -3.721297e-02 -5.546009e+00 7.574880e-01 7.366029e-02 6.486803e-01 8.550075e+01
6.417125e-01 1.518428e-02 -7.667950e-01 -5.316105e+01 -6.705059e-02 9.970865e-01 -3.636847e-02 -5.601268e+00 7.640087e-01 7.475215e-02 6.408610e-01 8.627559e+01
6.331388e-01 1.400406e-02 -7.739116e-01 -5.414063e+01 -6.809169e-02 9.969678e-01 -3.766567e-02 -5.654377e+00 7.710375e-01 7.654454e-02 6.321726e-01 8.705475e+01
6.242605e-01 1.186210e-02 -7.811261e-01 -5.515026e+01 -6.718179e-02 9.969957e-01 -3.855009e-02 -5.716024e+00 7.783222e-01 7.654275e-02 6.231820e-01 8.783206e+01
6.153771e-01 1.144100e-02 -7.881498e-01 -5.614006e+01 -6.833275e-02 9.969046e-01 -3.888198e-02 -5.775435e+00 7.852653e-01 7.778352e-02 6.142541e-01 8.858027e+01
6.054630e-01 1.081720e-02 -7.958000e-01 -5.713632e+01 -6.568142e-02 9.971759e-01 -3.641747e-02 -5.835546e+00 7.931586e-01 7.431870e-02 6.044635e-01 8.934059e+01
5.954137e-01 1.015862e-02 -8.033551e-01 -5.813443e+01 -6.366458e-02 9.973723e-01 -3.457355e-02 -5.890879e+00 8.008929e-01 7.173083e-02 5.944958e-01 9.007983e+01
5.854948e-01 9.281440e-03 -8.106230e-01 -5.918478e+01 -6.321180e-02 9.974127e-01 -3.423633e-02 -5.946272e+00 8.082079e-01 7.128613e-02 5.845667e-01 9.082799e+01
5.763120e-01 9.043078e-03 -8.171798e-01 -6.022118e+01 -6.539527e-02 9.972425e-01 -3.508400e-02 -5.994622e+00 8.146091e-01 7.365902e-02 5.753141e-01 9.153382e+01
5.666848e-01 8.912038e-03 -8.238865e-01 -6.125143e+01 -6.723755e-02 9.971066e-01 -3.546150e-02 -6.047572e+00 8.211866e-01 7.549160e-02 5.656444e-01 9.222070e+01
5.569280e-01 7.588607e-03 -8.305261e-01 -6.232507e+01 -6.847626e-02 9.969735e-01 -3.680885e-02 -6.097749e+00 8.277332e-01 7.737121e-02 5.557621e-01 9.293425e+01
5.473733e-01 8.174489e-03 -8.368486e-01 -6.337757e+01 -6.958636e-02 9.969342e-01 -3.577743e-02 -6.156193e+00 8.339905e-01 7.781686e-02 5.462640e-01 9.361440e+01
5.390085e-01 1.054073e-02 -8.422344e-01 -6.444417e+01 -7.085143e-02 9.969453e-01 -3.286615e-02 -6.208504e+00 8.393151e-01 7.738865e-02 5.381088e-01 9.428096e+01
5.313973e-01 1.205959e-02 -8.470369e-01 -6.552725e+01 -7.074989e-02 9.970371e-01 -3.019048e-02 -6.258568e+00 8.441631e-01 7.597090e-02 5.306761e-01 9.494694e+01
5.242572e-01 1.232390e-02 -8.514708e-01 -6.664479e+01 -7.112148e-02 9.970355e-01 -2.935930e-02 -6.313110e+00 8.485848e-01 7.594969e-02 5.235795e-01 9.561993e+01
5.170399e-01 9.537197e-03 -8.559081e-01 -6.776431e+01 -6.971701e-02 9.970849e-01 -3.100459e-02 -6.365892e+00 8.531174e-01 7.570197e-02 5.161976e-01 9.628904e+01
5.112471e-01 6.363665e-03 -8.594102e-01 -6.887855e+01 -6.804555e-02 9.971331e-01 -3.309557e-02 -6.416940e+00 8.567358e-01 7.539906e-02 5.102145e-01 9.693125e+01
5.053795e-01 3.696577e-03 -8.628893e-01 -6.995417e+01 -6.686357e-02 9.971520e-01 -3.488910e-02 -6.470612e+00 8.603028e-01 7.532809e-02 5.041873e-01 9.755075e+01
4.999508e-01 -1.280257e-04 -8.660538e-01 -7.099525e+01 -6.435336e-02 9.972300e-01 -3.729697e-02 -6.528661e+00 8.636596e-01 7.438012e-02 4.985577e-01 9.815193e+01
4.956452e-01 -1.462584e-03 -8.685239e-01 -7.204931e+01 -6.155867e-02 9.974245e-01 -3.680967e-02 -6.583567e+00 8.663408e-01 7.170971e-02 4.942786e-01 9.874629e+01
4.907781e-01 7.114811e-05 -8.712846e-01 -7.311275e+01 -5.883780e-02 9.977200e-01 -3.306075e-02 -6.638945e+00 8.692957e-01 6.748996e-02 4.896633e-01 9.935432e+01
4.864953e-01 4.352320e-04 -8.736831e-01 -7.418518e+01 -5.387559e-02 9.981117e-01 -2.950247e-02 -6.690239e+00 8.720205e-01 6.142300e-02 4.856001e-01 9.996202e+01
4.829283e-01 2.195986e-04 -8.756599e-01 -7.527288e+01 -5.172639e-02 9.982609e-01 -2.827687e-02 -6.738636e+00 8.741308e-01 5.895043e-02 4.820998e-01 1.005618e+02
4.799636e-01 3.177757e-04 -8.772884e-01 -7.636548e+01 -5.011482e-02 9.983769e-01 -2.705613e-02 -6.791329e+00 8.758559e-01 5.695110e-02 4.792005e-01 1.011585e+02
4.780004e-01 3.918652e-04 -8.783595e-01 -7.745666e+01 -4.783585e-02 9.985274e-01 -2.558664e-02 -6.834660e+00 8.770561e-01 5.424750e-02 4.773153e-01 1.017403e+02
4.756879e-01 5.413946e-04 -8.796139e-01 -7.852901e+01 -4.606986e-02 9.986426e-01 -2.429955e-02 -6.874342e+00 8.784068e-01 5.208270e-02 4.750672e-01 1.023259e+02
4.739488e-01 -6.770747e-04 -8.805522e-01 -7.963684e+01 -4.375788e-02 9.987461e-01 -2.432022e-02 -6.923006e+00 8.794645e-01 5.005763e-02 4.733249e-01 1.029117e+02
4.721243e-01 -1.501830e-03 -8.815307e-01 -8.071145e+01 -4.116821e-02 9.988699e-01 -2.375033e-02 -6.966928e+00 8.805702e-01 4.750415e-02 4.715290e-01 1.034805e+02
4.706899e-01 4.254922e-05 -8.822987e-01 -8.181950e+01 -3.958331e-02 9.989941e-01 -2.106878e-02 -7.020203e+00 8.814103e-01 4.484117e-02 4.702181e-01 1.040525e+02
4.689547e-01 9.419931e-04 -8.832217e-01 -8.289628e+01 -3.918560e-02 9.990369e-01 -1.974044e-02 -7.062435e+00 8.823525e-01 4.386694e-02 4.685400e-01 1.046198e+02
4.671113e-01 -2.372668e-04 -8.841985e-01 -8.400370e+01 -3.677582e-02 9.991294e-01 -1.969633e-02 -7.114086e+00 8.834334e-01 4.171750e-02 4.666959e-01 1.052061e+02
4.666946e-01 -1.024725e-03 -8.844179e-01 -8.509270e+01 -3.659162e-02 9.991207e-01 -2.046650e-02 -7.159220e+00 8.836612e-01 4.191389e-02 4.662467e-01 1.057605e+02
4.667135e-01 -2.109195e-03 -8.844060e-01 -8.618102e+01 -3.738432e-02 9.990563e-01 -2.211085e-02 -7.204461e+00 8.836181e-01 4.338235e-02 4.661942e-01 1.063163e+02
4.670645e-01 -2.277599e-03 -8.842203e-01 -8.726847e+01 -3.893954e-02 9.989736e-01 -2.314190e-02 -7.255628e+00 8.833654e-01 4.523990e-02 4.664964e-01 1.068765e+02
4.701224e-01 -8.867301e-04 -8.826008e-01 -8.833019e+01 -4.258715e-02 9.988119e-01 -2.368778e-02 -7.309337e+00 8.815732e-01 4.872361e-02 4.695261e-01 1.074072e+02
4.748478e-01 -6.902646e-04 -8.800676e-01 -8.937478e+01 -4.552678e-02 9.986415e-01 -2.534762e-02 -7.355837e+00 8.788896e-01 5.210291e-02 4.741713e-01 1.079434e+02
4.795802e-01 -1.535141e-03 -8.774967e-01 -9.041438e+01 -4.611644e-02 9.985724e-01 -2.695108e-02 -7.405914e+00 8.762854e-01 5.339223e-02 4.788248e-01 1.085024e+02
4.854853e-01 -1.890224e-03 -8.742428e-01 -9.142887e+01 -4.672478e-02 9.985123e-01 -2.810616e-02 -7.450630e+00 8.729953e-01 5.449393e-02 4.846748e-01 1.090507e+02
4.914365e-01 -1.365851e-03 -8.709124e-01 -9.245146e+01 -4.630450e-02 9.985434e-01 -2.769461e-02 -7.503699e+00 8.696816e-01 5.393731e-02 4.906574e-01 1.096266e+02
4.991260e-01 -5.833473e-04 -8.665292e-01 -9.342730e+01 -4.706276e-02 9.985055e-01 -2.778062e-02 -7.547595e+00 8.652505e-01 5.464729e-02 4.983526e-01 1.101766e+02
5.077961e-01 -1.326767e-04 -8.614773e-01 -9.443038e+01 -4.811483e-02 9.984347e-01 -2.851496e-02 -7.594448e+00 8.601326e-01 5.592961e-02 5.069948e-01 1.107510e+02
5.176081e-01 1.481351e-03 -8.556165e-01 -9.539335e+01 -5.160455e-02 9.982321e-01 -2.949009e-02 -7.641024e+00 8.540602e-01 5.941802e-02 5.167695e-01 1.113046e+02
5.263330e-01 2.026711e-04 -8.502785e-01 -9.636505e+01 -5.130211e-02 9.981857e-01 -3.151872e-02 -7.695519e+00 8.487294e-01 6.021043e-02 5.253885e-01 1.119075e+02
5.363850e-01 -8.368346e-04 -8.439730e-01 -9.736619e+01 -5.319751e-02 9.979775e-01 -3.479908e-02 -7.753699e+00 8.422952e-01 6.356297e-02 5.352556e-01 1.125252e+02
5.486658e-01 -3.760341e-04 -8.360417e-01 -9.832688e+01 -5.808344e-02 9.975665e-01 -3.856687e-02 -7.800041e+00 8.340217e-01 6.972050e-02 5.473088e-01 1.131211e+02
5.599510e-01 5.128538e-04 -8.285255e-01 -9.922959e+01 -5.890651e-02 9.974938e-01 -3.919396e-02 -7.853964e+00 8.264290e-01 7.075225e-02 5.585779e-01 1.137210e+02
5.718572e-01 2.769763e-03 -8.203485e-01 -1.001387e+02 -6.080532e-02 9.973867e-01 -3.901931e-02 -7.907396e+00 8.180966e-01 7.219502e-02 5.705312e-01 1.143409e+02
5.837153e-01 5.435722e-03 -8.119402e-01 -1.010831e+02 -6.241885e-02 9.973188e-01 -3.819701e-02 -7.967840e+00 8.095557e-01 7.297655e-02 5.824895e-01 1.150013e+02
5.947018e-01 6.150185e-03 -8.039228e-01 -1.020084e+02 -6.254770e-02 9.972937e-01 -3.864014e-02 -8.032737e+00 8.015095e-01 7.326289e-02 5.934771e-01 1.156819e+02
6.064667e-01 5.808322e-03 -7.950877e-01 -1.029049e+02 -6.274172e-02 9.972048e-01 -4.057248e-02 -8.094172e+00 7.926296e-01 7.449102e-02 6.051359e-01 1.163403e+02
6.178614e-01 5.370312e-03 -7.862687e-01 -1.037432e+02 -6.340102e-02 9.970608e-01 -4.301140e-02 -8.154198e+00 7.837267e-01 7.642532e-02 6.163859e-01 1.169722e+02
6.276990e-01 3.818026e-03 -7.784468e-01 -1.045819e+02 -6.149059e-02 9.971066e-01 -4.469233e-02 -8.223310e+00 7.760238e-01 7.592048e-02 6.261175e-01 1.176540e+02
6.373121e-01 3.368397e-03 -7.705984e-01 -1.053756e+02 -6.024793e-02 9.971473e-01 -4.546849e-02 -8.287395e+00 7.682470e-01 7.540458e-02 6.356970e-01 1.183160e+02
6.480178e-01 6.234158e-03 -7.615996e-01 -1.061723e+02 -6.181702e-02 9.970978e-01 -4.443603e-02 -8.352194e+00 7.591123e-01 7.587516e-02 6.465226e-01 1.189682e+02
6.579232e-01 9.207073e-03 -7.530287e-01 -1.069716e+02 -6.240654e-02 9.971526e-01 -4.233285e-02 -8.413636e+00 7.504948e-01 7.484568e-02 6.566245e-01 1.196485e+02
6.675177e-01 1.098148e-02 -7.445129e-01 -1.077509e+02 -6.431551e-02 9.970046e-01 -4.295851e-02 -8.468906e+00 7.418110e-01 7.655929e-02 6.662245e-01 1.203248e+02
6.770480e-01 1.242550e-02 -7.358339e-01 -1.085232e+02 -6.773810e-02 9.966652e-01 -4.549652e-02 -8.528104e+00 7.328148e-01 8.064732e-02 6.756319e-01 1.210150e+02
6.859966e-01 1.347055e-02 -7.274801e-01 -1.092895e+02 -7.032685e-02 9.963749e-01 -4.786696e-02 -8.591003e+00 7.241981e-01 8.399795e-02 6.844571e-01 1.217189e+02
6.938655e-01 1.381122e-02 -7.199721e-01 -1.100285e+02 -7.011816e-02 9.963608e-01 -4.846245e-02 -8.658448e+00 7.166827e-01 8.410954e-02 6.923088e-01 1.224358e+02
7.031594e-01 1.610952e-02 -7.108497e-01 -1.107524e+02 -7.054243e-02 9.963915e-01 -4.719871e-02 -8.725917e+00 7.075243e-01 8.333328e-02 7.017585e-01 1.231259e+02
7.123719e-01 1.781455e-02 -7.015761e-01 -1.114495e+02 -7.035343e-02 9.964547e-01 -4.613387e-02 -8.785441e+00 6.982669e-01 8.222275e-02 7.110996e-01 1.238015e+02
7.198207e-01 1.797186e-02 -6.939273e-01 -1.121219e+02 -6.912182e-02 9.965521e-01 -4.589158e-02 -8.852747e+00 6.907100e-01 8.099923e-02 7.185811e-01 1.244928e+02
7.274254e-01 1.847573e-02 -6.859380e-01 -1.127752e+02 -6.968744e-02 9.964581e-01 -4.706274e-02 -8.911121e+00 6.826389e-01 8.203590e-02 7.261365e-01 1.251731e+02
7.341224e-01 1.969159e-02 -6.787316e-01 -1.134123e+02 -7.041939e-02 9.963974e-01 -4.725845e-02 -8.970726e+00 6.753558e-01 8.248935e-02 7.328643e-01 1.258542e+02
7.405584e-01 2.347793e-02 -6.715818e-01 -1.140231e+02 -7.269441e-02 9.963236e-01 -4.533006e-02 -9.028258e+00 6.680485e-01 8.238980e-02 7.395425e-01 1.265170e+02
7.476119e-01 2.644564e-02 -6.636092e-01 -1.146342e+02 -7.386351e-02 9.963188e-01 -4.350896e-02 -9.085733e+00 6.600157e-01 8.154432e-02 7.468131e-01 1.271914e+02
7.547740e-01 2.744085e-02 -6.554107e-01 -1.152046e+02 -7.386536e-02 9.963256e-01 -4.334934e-02 -9.140351e+00 6.518129e-01 8.113110e-02 7.540276e-01 1.278368e+02
7.617958e-01 2.732433e-02 -6.472407e-01 -1.157639e+02 -7.318364e-02 9.963441e-01 -4.407411e-02 -9.192738e+00 6.436702e-01 8.094290e-02 7.610105e-01 1.284917e+02
7.695212e-01 3.041389e-02 -6.378966e-01 -1.163127e+02 -7.586073e-02 9.961463e-01 -4.401930e-02 -9.243124e+00 6.340995e-01 8.226509e-02 7.688630e-01 1.291291e+02
7.772202e-01 2.916092e-02 -6.285526e-01 -1.168201e+02 -7.159219e-02 9.965370e-01 -4.229234e-02 -9.297035e+00 6.251426e-01 7.786992e-02 7.766164e-01 1.297818e+02
7.864193e-01 3.514948e-02 -6.166921e-01 -1.173405e+02 -7.602476e-02 9.962967e-01 -4.016271e-02 -9.343962e+00 6.129966e-01 7.846860e-02 7.861792e-01 1.304153e+02
7.956595e-01 3.806270e-02 -6.045471e-01 -1.178392e+02 -7.867478e-02 9.960637e-01 -4.083299e-02 -9.390421e+00 6.006132e-01 8.005176e-02 7.955222e-01 1.310569e+02
8.042292e-01 3.750238e-02 -5.931349e-01 -1.183014e+02 -7.815144e-02 9.960142e-01 -4.298983e-02 -9.439556e+00 5.891585e-01 8.092802e-02 8.039545e-01 1.316997e+02
8.139150e-01 3.678578e-02 -5.798182e-01 -1.187542e+02 -7.810475e-02 9.958621e-01 -4.645777e-02 -9.484554e+00 5.757100e-01 8.309923e-02 8.134203e-01 1.323173e+02
8.229637e-01 3.849087e-02 -5.667885e-01 -1.191832e+02 -7.918951e-02 9.957339e-01 -4.736058e-02 -9.529192e+00 5.625476e-01 8.385974e-02 8.225009e-01 1.329351e+02
8.322813e-01 4.163075e-02 -5.527882e-01 -1.196035e+02 -8.123061e-02 9.955712e-01 -4.732434e-02 -9.575331e+00 5.483698e-01 8.429049e-02 8.319769e-01 1.335550e+02
8.414141e-01 4.426920e-02 -5.385745e-01 -1.199951e+02 -8.176103e-02 9.955944e-01 -4.590027e-02 -9.621731e+00 5.341698e-01 8.265554e-02 8.413267e-01 1.341639e+02
8.497296e-01 4.383388e-02 -5.253934e-01 -1.203694e+02 -7.911134e-02 9.958557e-01 -4.486357e-02 -9.669798e+00 5.212495e-01 7.968648e-02 8.496758e-01 1.347921e+02
8.576084e-01 4.646004e-02 -5.122005e-01 -1.207378e+02 -7.974524e-02 9.958792e-01 -4.318933e-02 -9.714816e+00 5.080832e-01 7.788508e-02 8.577793e-01 1.354090e+02
8.653504e-01 4.654079e-02 -4.990017e-01 -1.211180e+02 -7.808181e-02 9.960403e-01 -4.250811e-02 -9.759149e+00 4.950475e-01 7.574736e-02 8.655578e-01 1.360615e+02
8.717225e-01 4.589704e-02 -4.878455e-01 -1.214851e+02 -7.605342e-02 9.962114e-01 -4.217385e-02 -9.804636e+00 4.840617e-01 7.386622e-02 8.719106e-01 1.367270e+02
8.777056e-01 4.704711e-02 -4.768852e-01 -1.218486e+02 -7.667832e-02 9.961346e-01 -4.285253e-02 -9.849000e+00 4.730257e-01 7.417865e-02 8.779204e-01 1.373854e+02
8.839287e-01 4.723109e-02 -4.652303e-01 -1.222029e+02 -7.641479e-02 9.961021e-01 -4.406041e-02 -9.889986e+00 4.613358e-01 7.449674e-02 8.840925e-01 1.380503e+02
8.901548e-01 4.979749e-02 -4.529290e-01 -1.225630e+02 -7.826401e-02 9.959473e-01 -4.431469e-02 -9.933835e+00 4.488867e-01 7.489498e-02 8.904446e-01 1.387282e+02
8.955705e-01 5.054219e-02 -4.420396e-01 -1.229031e+02 -7.836805e-02 9.959128e-01 -4.490208e-02 -9.980768e+00 4.379634e-01 7.485476e-02 8.958710e-01 1.394160e+02
9.009964e-01 5.141782e-02 -4.307687e-01 -1.232437e+02 -7.884014e-02 9.958237e-01 -4.603771e-02 -1.002532e+01 4.266025e-01 7.544167e-02 9.012873e-01 1.401023e+02
9.054003e-01 4.766556e-02 -4.218748e-01 -1.235570e+02 -7.475999e-02 9.960502e-01 -4.790623e-02 -1.007016e+01 4.179250e-01 7.491367e-02 9.053876e-01 1.408070e+02
9.092448e-01 4.748663e-02 -4.135444e-01 -1.238742e+02 -7.441169e-02 9.960114e-01 -4.923587e-02 -1.011502e+01 4.095569e-01 7.554000e-02 9.091517e-01 1.414967e+02
9.121788e-01 4.910451e-02 -4.068398e-01 -1.241823e+02 -7.560886e-02 9.959172e-01 -4.931861e-02 -1.016004e+01 4.027570e-01 7.574808e-02 9.121672e-01 1.421771e+02
9.146542e-01 5.078407e-02 -4.010346e-01 -1.244908e+02 -7.571141e-02 9.960428e-01 -4.654624e-02 -1.020580e+01 3.970838e-01 7.293661e-02 9.148796e-01 1.428817e+02
9.174081e-01 5.498377e-02 -3.941308e-01 -1.248108e+02 -7.811379e-02 9.960222e-01 -4.287200e-02 -1.025045e+01 3.902058e-01 7.011818e-02 9.180539e-01 1.436066e+02
9.203302e-01 5.919387e-02 -3.866374e-01 -1.251347e+02 -8.117976e-02 9.958653e-01 -4.076962e-02 -1.029453e+01 3.826255e-01 6.890865e-02 9.213302e-01 1.443378e+02
9.230951e-01 6.340927e-02 -3.793082e-01 -1.254600e+02 -8.448921e-02 9.956542e-01 -3.917097e-02 -1.033549e+01 3.751760e-01 6.820598e-02 9.244409e-01 1.450964e+02
9.260212e-01 6.596297e-02 -3.716634e-01 -1.257824e+02 -8.609284e-02 9.955693e-01 -3.781132e-02 -1.037494e+01 3.675225e-01 6.701164e-02 9.275972e-01 1.458663e+02
9.290314e-01 6.840197e-02 -3.636233e-01 -1.261034e+02 -8.728529e-02 9.955422e-01 -3.573401e-02 -1.041530e+01 3.595581e-01 6.493698e-02 9.308604e-01 1.466545e+02
9.320768e-01 6.840076e-02 -3.557445e-01 -1.264200e+02 -8.625433e-02 9.956739e-01 -3.454954e-02 -1.045434e+01 3.518423e-01 6.288733e-02 9.339444e-01 1.474706e+02
9.353775e-01 6.834507e-02 -3.469839e-01 -1.267427e+02 -8.551329e-02 9.957433e-01 -3.439082e-02 -1.049451e+01 3.431565e-01 6.184014e-02 9.372403e-01 1.483147e+02
9.386272e-01 6.817963e-02 -3.381280e-01 -1.270578e+02 -8.498029e-02 9.957636e-01 -3.511692e-02 -1.053595e+01 3.343013e-01 6.169591e-02 9.404447e-01 1.491697e+02
9.419723e-01 6.494263e-02 -3.293488e-01 -1.273543e+02 -8.149776e-02 9.959977e-01 -3.669642e-02 -1.057675e+01 3.256475e-01 6.140821e-02 9.434950e-01 1.500334e+02
9.455409e-01 6.446355e-02 -3.190563e-01 -1.276542e+02 -8.102415e-02 9.959530e-01 -3.889277e-02 -1.061897e+01 3.152579e-01 6.262596e-02 9.469374e-01 1.508933e+02
9.491860e-01 6.355908e-02 -3.082306e-01 -1.279442e+02 -8.028892e-02 9.958911e-01 -4.188811e-02 -1.066821e+01 3.043017e-01 6.450711e-02 9.503890e-01 1.517764e+02
9.533481e-01 6.348456e-02 -2.951222e-01 -1.282105e+02 -7.990796e-02 9.958345e-01 -4.391399e-02 -1.071231e+01 2.911050e-01 6.544793e-02 9.544498e-01 1.526432e+02
9.580600e-01 6.893417e-02 -2.781530e-01 -1.284833e+02 -8.443146e-02 9.954524e-01 -4.411142e-02 -1.076299e+01 2.738472e-01 6.574625e-02 9.595234e-01 1.535202e+02
9.631487e-01 7.291229e-02 -2.588984e-01 -1.287364e+02 -8.685777e-02 9.952998e-01 -4.282512e-02 -1.081428e+01 2.545590e-01 6.373429e-02 9.649547e-01 1.544202e+02
9.679038e-01 7.923239e-02 -2.385045e-01 -1.289740e+02 -9.197439e-02 9.948428e-01 -4.276059e-02 -1.086679e+01 2.338865e-01 6.332444e-02 9.701995e-01 1.553153e+02
9.728801e-01 7.924817e-02 -2.173111e-01 -1.291824e+02 -9.083409e-02 9.949007e-01 -4.383866e-02 -1.092021e+01 2.127288e-01 6.238902e-02 9.751175e-01 1.562371e+02
9.771027e-01 8.799320e-02 -1.937201e-01 -1.294132e+02 -9.840866e-02 9.941373e-01 -4.479686e-02 -1.097069e+01 1.886426e-01 6.283487e-02 9.800336e-01 1.571772e+02
9.811074e-01 8.977197e-02 -1.713748e-01 -1.295875e+02 -9.867008e-02 9.941420e-01 -4.411302e-02 -1.102449e+01 1.664107e-01 6.018918e-02 9.842178e-01 1.581069e+02
9.846354e-01 9.247469e-02 -1.481266e-01 -1.297542e+02 -9.981861e-02 9.940795e-01 -4.292106e-02 -1.107826e+01 1.432805e-01 5.704739e-02 9.880366e-01 1.590906e+02
9.877593e-01 9.379897e-02 -1.246327e-01 -1.298958e+02 -9.956442e-02 9.941922e-01 -4.085193e-02 -1.113628e+01 1.200770e-01 5.276086e-02 9.913616e-01 1.601037e+02
9.902669e-01 9.564648e-02 -1.011094e-01 -1.300192e+02 -1.000788e-01 9.941871e-01 -3.970208e-02 -1.119396e+01 9.672433e-02 4.943458e-02 9.940828e-01 1.611572e+02
9.921448e-01 9.648243e-02 -7.962249e-02 -1.301101e+02 -1.000183e-01 9.941124e-01 -4.167550e-02 -1.125525e+01 7.513276e-02 4.931184e-02 9.959535e-01 1.622526e+02
9.934551e-01 9.884473e-02 -5.724238e-02 -1.301977e+02 -1.015010e-01 9.937937e-01 -4.551587e-02 -1.132189e+01 5.238811e-02 5.102813e-02 9.973222e-01 1.633896e+02
9.944136e-01 9.895427e-02 -3.673710e-02 -1.302468e+02 -1.006817e-01 9.937311e-01 -4.859781e-02 -1.138212e+01 3.169784e-02 5.202508e-02 9.981426e-01 1.645099e+02
9.952015e-01 9.643853e-02 -1.654005e-02 -1.302665e+02 -9.713533e-02 9.940946e-01 -4.837995e-02 -1.145100e+01 1.177668e-02 4.975442e-02 9.986920e-01 1.656610e+02
9.950036e-01 9.974051e-02 4.433538e-03 -1.302912e+02 -9.940804e-02 9.938529e-01 -4.872852e-02 -1.152274e+01 -9.266492e-03 4.804433e-02 9.988022e-01 1.668488e+02
9.950635e-01 9.641083e-02 2.352984e-02 -1.302544e+02 -9.515175e-02 9.942174e-01 -4.977908e-02 -1.158875e+01 -2.819302e-02 4.729444e-02 9.984830e-01 1.680544e+02
9.941851e-01 9.840229e-02 4.373849e-02 -1.302155e+02 -9.613241e-02 9.940466e-01 -5.128334e-02 -1.165683e+01 -4.852449e-02 4.678044e-02 9.977259e-01 1.693056e+02
9.932636e-01 9.693218e-02 6.349430e-02 -1.301350e+02 -9.369769e-02 9.942374e-01 -5.208475e-02 -1.174100e+01 -6.817709e-02 4.578462e-02 9.966221e-01 1.705546e+02
9.908956e-01 1.039592e-01 8.554784e-02 -1.300680e+02 -9.951905e-02 9.935345e-01 -5.463722e-02 -1.182116e+01 -9.067477e-02 4.562614e-02 9.948348e-01 1.718768e+02
9.898273e-01 9.810590e-02 1.030391e-01 -1.298992e+02 -9.256517e-02 9.940591e-01 -5.725525e-02 -1.192041e+01 -1.080440e-01 4.713499e-02 9.930281e-01 1.732220e+02
9.878482e-01 9.716476e-02 1.213050e-01 -1.297298e+02 -9.021691e-02 9.940200e-01 -6.152347e-02 -1.201180e+01 -1.265575e-01 4.983209e-02 9.907068e-01 1.746017e+02
9.849103e-01 1.011108e-01 1.404578e-01 -1.295660e+02 -9.265529e-02 9.935412e-01 -6.550469e-02 -1.211091e+01 -1.461738e-01 5.150208e-02 9.879174e-01 1.759669e+02
9.818642e-01 1.016340e-01 1.600415e-01 -1.293660e+02 -9.155141e-02 9.933944e-01 -6.917967e-02 -1.221361e+01 -1.660154e-01 5.327301e-02 9.846831e-01 1.773671e+02
9.777492e-01 1.069566e-01 1.804625e-01 -1.291645e+02 -9.496881e-02 9.927384e-01 -7.383374e-02 -1.232726e+01 -1.870491e-01 5.505257e-02 9.808067e-01 1.787838e+02
9.746855e-01 1.058347e-01 1.969444e-01 -1.288659e+02 -9.155408e-02 9.925588e-01 -8.028022e-02 -1.246222e+01 -2.039753e-01 6.021691e-02 9.771223e-01 1.802438e+02
9.704794e-01 1.094879e-01 2.149004e-01 -1.285863e+02 -9.234741e-02 9.918065e-01 -8.827137e-02 -1.259596e+01 -2.228042e-01 6.582005e-02 9.726387e-01 1.816587e+02
9.658146e-01 1.148263e-01 2.324158e-01 -1.282777e+02 -9.503101e-02 9.909612e-01 -9.468403e-02 -1.273970e+01 -2.411872e-01 6.936051e-02 9.679968e-01 1.830807e+02
9.616013e-01 1.166100e-01 2.484454e-01 -1.279474e+02 -9.427358e-02 9.905092e-01 -1.000205e-01 -1.288461e+01 -2.577509e-01 7.275802e-02 9.634681e-01 1.843856e+02
