1.000000e+00 0.000000e+00 0.000000e+00 0.000000e+00 0.000000e+00 1.000000e+00 0.000000e+00 0.000000e+00 0.000000e+00 0.000000e+00 1.000000e+00 0.000000e+00
1.000000e+00 0.000000e+00 0.000000e+00 0.000000e+00 0.000000e+00 1.000000e+00 0.000000e+00 0.000000e+00 0.000000e+00 0.000000e+00 1.000000e+00 0.000000e+00
1.000000e+00 0.000000e+00 0.000000e+00 0.000000e+00 0.000000e+00 1.000000e+00 0.000000e+00 0.000000e+00 0.000000e+00 0.000000e+00 1.000000e+00 0.000000e+00
9.979161e-01 4.026724e-03 6.439895e-02 5.272854e-02 -4.083146e-03 9.999914e-01 7.445410e-04 -3.131800e-03 -6.439540e-02 -1.005940e-03 9.979240e-01 3.651006e-01
9.979161e-01 4.026724e-03 6.439895e-02 5.272854e-02 -4.083146e-03 9.999914e-01 7.445410e-04 -3.131800e-03 -6.439540e-02 -1.005940e-03 9.979240e-01 3.651006e-01
9.908613e-01 -1.652600e-03 1.348748e-01 1.552146e-01 1.044924e-03 9.999890e-01 4.576151e-03 -1.274160e-03 -1.348808e-01 -4.393397e-03 9.908521e-01 6.592813e-01
9.908613e-01 -1.652600e-03 1.348748e-01 1.552146e-01 1.044924e-03 9.999890e-01 4.576151e-03 -1.274160e-03 -1.348808e-01 -4.393397e-03 9.908521e-01 6.592813e-01
9.761161e-01 -5.762306e-03 2.171730e-01 2.954084e-01 4.524027e-03 9.999706e-01 6.198562e-03 2.393287e-03 -2.172023e-01 -5.068020e-03 9.761134e-01 9.891393e-01
9.761161e-01 -5.762306e-03 2.171730e-01 2.954084e-01 4.524027e-03 9.999706e-01 6.198562e-03 2.393287e-03 -2.172023e-01 -5.068020e-03 9.761134e-01 9.891393e-01
9.499872e-01 -1.273744e-02 3.120290e-01 4.853973e-01 8.096012e-03 9.998365e-01 1.616597e-02 3.049369e-03 -3.121840e-01 -1.283128e-02 9.499350e-01 1.346095e+00
9.341587e-01 -2.852569e-02 3.557159e-01 6.540396e-01 2.284169e-02 9.995356e-01 2.016970e-02 4.697465e-03 -3.561260e-01 -1.071655e-02 9.343765e-01 1.504704e+00
9.139526e-01 -3.898112e-02 4.039445e-01 8.280958e-01 3.250834e-02 9.992097e-01 2.287254e-02 6.448054e-03 -4.045169e-01 -7.772855e-03 9.144975e-01 1.682274e+00
8.898690e-01 -4.473286e-02 4.540179e-01 9.999806e-01 3.668760e-02 9.989749e-01 2.651844e-02 8.439523e-03 -4.547387e-01 -6.941109e-03 8.905979e-01 1.861325e+00
8.630414e-01 -5.189644e-02 5.024602e-01 1.202888e+00 4.209453e-02 9.986375e-01 3.084107e-02 1.293894e-02 -5.033762e-01 -5.466290e-03 8.640501e-01 2.044489e+00
8.320892e-01 -6.014536e-02 5.513711e-01 1.417522e+00 4.810432e-02 9.981829e-01 3.628951e-02 1.553574e-02 -5.525518e-01 -3.672779e-03 8.334705e-01 2.232571e+00
7.972328e-01 -6.926246e-02 5.996855e-01 1.652588e+00 5.607947e-02 9.975977e-01 4.066746e-02 2.346686e-02 -6.010616e-01 1.208608e-03 7.992018e-01 2.418638e+00
7.610027e-01 -7.642839e-02 6.442311e-01 1.909988e+00 6.231374e-02 9.970561e-01 4.467725e-02 3.526806e-02 -6.457491e-01 6.144937e-03 7.635249e-01 2.598939e+00
7.218383e-01 -8.043960e-02 6.873710e-01 2.170113e+00 6.458565e-02 9.967174e-01 4.881665e-02 4.735975e-02 -6.890415e-01 9.156579e-03 7.246640e-01 2.799818e+00
6.803592e-01 -8.145676e-02 7.283379e-01 2.445913e+00 6.211646e-02 9.966373e-01 5.343856e-02 6.195665e-02 -7.302416e-01 8.884352e-03 6.831312e-01 3.013635e+00
6.392472e-01 -8.281266e-02 7.645293e-01 2.762756e+00 5.953843e-02 9.965302e-01 5.816068e-02 8.270408e-02 -7.666930e-01 8.339821e-03 6.419597e-01 3.214715e+00
5.974448e-01 -8.196164e-02 7.977105e-01 3.095127e+00 5.341221e-02 9.966212e-01 6.239590e-02 1.016689e-01 -8.001293e-01 5.329374e-03 5.998039e-01 3.445952e+00
5.574088e-01 -8.229838e-02 8.261492e-01 3.464233e+00 4.946694e-02 9.965992e-01 6.590237e-02 1.283485e-01 -8.287632e-01 4.132508e-03 5.595842e-01 3.667485e+00
5.190936e-01 -8.332759e-02 8.506459e-01 3.862995e+00 4.519986e-02 9.965200e-01 7.003461e-02 1.537374e-01 -8.535214e-01 2.094561e-03 5.210535e-01 3.886905e+00
4.814722e-01 -8.162103e-02 8.726526e-01 4.290687e+00 3.835057e-02 9.966627e-01 7.206064e-02 1.806124e-01 -8.756219e-01 -1.228472e-03 4.829956e-01 4.113084e+00
4.456301e-01 -8.083676e-02 8.915600e-01 4.753064e+00 3.751266e-02 9.967262e-01 7.162204e-02 2.199014e-01 -8.944309e-01 1.527844e-03 4.472036e-01 4.312505e+00
4.123527e-01 -7.925952e-02 9.075699e-01 5.240874e+00 3.740637e-02 9.968412e-01 7.006020e-02 2.532207e-01 -9.102560e-01 5.059385e-03 4.140149e-01 4.509138e+00
3.828172e-01 -7.709710e-02 9.206015e-01 5.745780e+00 3.786175e-02 9.969837e-01 6.774964e-02 2.900605e-01 -9.230479e-01 8.919860e-03 3.845815e-01 4.699575e+00
3.574322e-01 -7.506630e-02 9.309174e-01 6.269802e+00 3.727511e-02 9.971170e-01 6.609239e-02 3.240337e-01 -9.331949e-01 1.107650e-02 3.591999e-01 4.888466e+00
3.367936e-01 -7.386809e-02 9.386765e-01 6.821027e+00 3.646866e-02 9.971933e-01 6.538818e-02 3.646788e-01 -9.408720e-01 1.220996e-02 3.385422e-01 5.083420e+00
3.221139e-01 -7.411015e-02 9.437957e-01 7.388309e+00 3.638890e-02 9.971637e-01 6.588140e-02 4.022502e-01 -9.460013e-01 1.312237e-02 3.238971e-01 5.272389e+00
3.105344e-01 -7.509704e-02 9.475911e-01 7.977821e+00 3.596745e-02 9.970888e-01 6.723289e-02 4.410433e-01 -9.498814e-01 1.320431e-02 3.123314e-01 5.464220e+00
2.998690e-01 -7.704373e-02 9.508643e-01 8.594590e+00 3.444469e-02 9.969580e-01 6.991584e-02 4.788521e-01 -9.533583e-01 1.178663e-02 3.016106e-01 5.655318e+00
2.893914e-01 -7.861558e-02 9.539771e-01 9.251136e+00 3.293985e-02 9.968493e-01 7.215621e-02 5.228088e-01 -9.566439e-01 1.054248e-02 2.910691e-01 5.854853e+00
2.799806e-01 -8.063887e-02 9.566129e-01 9.930587e+00 3.252690e-02 9.966906e-01 7.449733e-02 5.671262e-01 -9.594545e-01 1.025785e-02 2.816769e-01 6.045967e+00
2.696850e-01 -8.216300e-02 9.594369e-01 1.062468e+01 3.006681e-02 9.965859e-01 7.689293e-02 6.146606e-01 -9.624791e-01 8.110333e-03 2.712347e-01 6.248763e+00
2.592536e-01 -8.373494e-02 9.621726e-01 1.134344e+01 2.884789e-02 9.964614e-01 7.894605e-02 6.615030e-01 -9.653784e-01 7.289603e-03 2.607518e-01 6.445674e+00
2.484115e-01 -8.485437e-02 9.649308e-01 1.210185e+01 2.749224e-02 9.963720e-01 8.054166e-02 7.142840e-01 -9.682644e-01 6.520629e-03 2.498431e-01 6.649889e+00
2.377297e-01 -8.732573e-02 9.673980e-01 1.287825e+01 2.444336e-02 9.961730e-01 8.391646e-02 7.718663e-01 -9.710237e-01 3.697026e-03 2.389544e-01 6.847934e+00
2.270740e-01 -9.105082e-02 9.696119e-01 1.368731e+01 2.264672e-02 9.958444e-01 8.821052e-02 8.328757e-01 -9.736142e-01 1.928210e-03 2.281924e-01 7.032737e+00
2.154600e-01 -9.507868e-02 9.718729e-01 1.451748e+01 2.265103e-02 9.954675e-01 9.236531e-02 8.958995e-01 -9.762499e-01 2.112896e-03 2.166371e-01 7.211333e+00
2.020546e-01 -9.714636e-02 9.745443e-01 1.536823e+01 1.928871e-02 9.952700e-01 9.521321e-02 9.552304e-01 -9.791843e-01 -4.405652e-04 2.029727e-01 7.402297e+00
1.879205e-01 -9.758966e-02 9.773240e-01 1.625773e+01 1.773933e-02 9.952265e-01 9.596637e-02 1.023895e+00 -9.820240e-01 -6.969796e-04 1.887546e-01 7.576345e+00
1.726991e-01 -9.648989e-02 9.802371e-01 1.714262e+01 1.495156e-02 9.953323e-01 9.534161e-02 1.093525e+00 -9.848611e-01 -1.809340e-03 1.733357e-01 7.744699e+00
1.559894e-01 -9.561143e-02 9.831204e-01 1.805100e+01 1.302463e-02 9.954168e-01 9.474070e-02 1.162068e+00 -9.876729e-01 -1.973762e-03 1.565197e-01 7.892630e+00
1.354961e-01 -9.392004e-02 9.863163e-01 1.896654e+01 9.995552e-03 9.955758e-01 9.342861e-02 1.233349e+00 -9.907275e-01 -2.800437e-03 1.358354e-01 8.018703e+00
1.109230e-01 -9.239858e-02 9.895244e-01 1.990298e+01 5.489538e-03 9.957105e-01 9.236085e-02 1.306995e+00 -9.938138e-01 -4.812908e-03 1.109544e-01 8.115637e+00
8.137457e-02 -9.163446e-02 9.924622e-01 2.084097e+01 1.392849e-03 9.957741e-01 9.182604e-02 1.380754e+00 -9.966826e-01 -6.089954e-03 8.115832e-02 8.182435e+00
4.808578e-02 -9.166452e-02 9.946283e-01 2.181388e+01 -2.703921e-03 9.957646e-01 9.189997e-02 1.450213e+00 -9.988395e-01 -7.108478e-03 4.763427e-02 8.229042e+00
1.339584e-02 -9.136508e-02 9.957274e-01 2.278211e+01 -6.038110e-03 9.957912e-01 9.145217e-02 1.514133e+00 -9.998920e-01 -7.237389e-03 1.278778e-02 8.243747e+00
-2.068164e-02 -8.919806e-02 9.957992e-01 2.380939e+01 -8.338422e-03 9.959929e-01 8.904224e-02 1.601561e+00 -9.997513e-01 -6.461855e-03 -2.134253e-02 8.215234e+00
-5.385640e-02 -8.697707e-02 9.947535e-01 2.481580e+01 -1.125177e-02 9.961889e-01 8.649340e-02 1.674081e+00 -9.984853e-01 -6.534517e-03 -5.462979e-02 8.160823e+00
-8.666180e-02 -8.427026e-02 9.926672e-01 2.586110e+01 -1.486710e-02 9.964144e-01 8.329044e-02 1.741163e+00 -9.961268e-01 -7.539984e-03 -8.760392e-02 8.071175e+00
-1.196793e-01 -8.000725e-02 9.895836e-01 2.688796e+01 -1.422553e-02 9.967835e-01 7.886893e-02 1.805464e+00 -9.927107e-01 -4.638370e-03 -1.204325e-01 7.946002e+00
-1.516847e-01 -7.422211e-02 9.856383e-01 2.794105e+01 -1.008958e-02 9.972410e-01 7.354310e-02 1.866264e+00 -9.883774e-01 1.210683e-03 -1.520151e-01 7.769196e+00
-1.826655e-01 -6.814745e-02 9.808105e-01 2.900914e+01 -5.748005e-03 9.976519e-01 6.824710e-02 1.923142e+00 -9.831583e-01 6.828689e-03 -1.826283e-01 7.558220e+00
-2.113773e-01 -6.252622e-02 9.754025e-01 3.005396e+01 -9.439423e-04 9.979643e-01 6.376794e-02 1.973867e+00 -9.774041e-01 1.255837e-02 -2.110060e-01 7.310334e+00
-2.395457e-01 -5.654343e-02 9.692372e-01 3.112400e+01 6.262575e-03 9.981919e-01 5.978038e-02 2.022623e+00 -9.708649e-01 2.039005e-02 -2.387585e-01 7.024991e+00
-2.656200e-01 -4.593574e-02 9.629828e-01 3.221484e+01 1.227951e-02 9.986220e-01 5.102285e-02 2.059125e+00 -9.639996e-01 2.537765e-02 -2.646899e-01 6.693763e+00
-2.910152e-01 -3.000356e-02 9.562478e-01 3.326951e+01 1.636761e-02 9.992057e-01 3.633258e-02 2.087109e+00 -9.565784e-01 2.622483e-02 -2.902930e-01 6.354123e+00
-3.165836e-01 -1.251487e-02 9.484821e-01 3.432729e+01 1.540372e-02 9.997133e-01 1.833229e-02 2.107323e+00 -9.484395e-01 2.041386e-02 -3.163000e-01 5.999615e+00
-3.416957e-01 2.852854e-03 9.398063e-01 3.526521e+01 1.490180e-02 9.998861e-01 2.382779e-03 2.112737e+00 -9.396925e-01 1.481899e-02 -3.416993e-01 5.652932e+00
-3.665285e-01 1.317826e-02 9.303135e-01 3.610551e+01 1.749899e-02 9.998205e-01 -7.268533e-03 2.100213e+00 -9.302422e-01 1.361542e-02 -3.666933e-01 5.313936e+00
-3.907163e-01 1.717387e-02 9.203509e-01 3.691510e+01 1.897848e-02 9.997637e-01 -1.059879e-02 2.081688e+00 -9.203155e-01 1.332574e-02 -3.909499e-01 4.972011e+00
-4.121578e-01 1.777063e-02 9.109391e-01 3.767826e+01 2.471246e-02 9.996600e-01 -8.320152e-03 2.056185e+00 -9.107773e-01 1.908233e-02 -4.124568e-01 4.596784e+00
-4.333966e-01 1.238432e-02 9.011182e-01 3.845155e+01 2.492974e-02 9.996877e-01 -1.748927e-03 2.035132e+00 -9.008584e-01 2.170667e-02 -4.335699e-01 4.229955e+00
-4.506450e-01 1.169467e-02 8.926267e-01 3.922183e+01 3.382241e-02 9.994199e-01 3.981524e-03 2.012299e+00 -8.920623e-01 3.198504e-02 -4.507791e-01 3.811062e+00
-4.634887e-01 1.292186e-02 8.860086e-01 3.998143e+01 3.765218e-02 9.992778e-01 5.122789e-03 1.994573e+00 -8.853025e-01 3.573451e-02 -4.636405e-01 3.386465e+00
-4.742381e-01 1.768261e-02 8.802190e-01 4.074851e+01 4.261936e-02 9.990872e-01 2.891615e-03 1.978458e+00 -8.793644e-01 3.888568e-02 -4.745588e-01 2.955828e+00
-4.841739e-01 1.943803e-02 8.747559e-01 4.148925e+01 4.132478e-02 9.991455e-01 6.710020e-04 1.965727e+00 -8.739954e-01 3.647398e-02 -4.845634e-01 2.547078e+00
-4.957946e-01 1.794828e-02 8.682543e-01 4.221282e+01 3.218564e-02 9.994793e-01 -2.282127e-03 1.951361e+00 -8.678432e-01 2.681385e-02 -4.961141e-01 2.159513e+00
-5.077150e-01 1.613234e-02 8.613741e-01 4.292589e+01 3.011747e-02 9.995459e-01 -9.681276e-04 1.936819e+00 -8.609985e-01 2.545088e-02 -5.079703e-01 1.758657e+00
-5.168399e-01 1.757703e-02 8.559016e-01 4.362557e+01 3.191355e-02 9.994898e-01 -1.254661e-03 1.925957e+00 -8.554870e-01 2.666640e-02 -5.171372e-01 1.334661e+00
-5.255784e-01 1.916051e-02 8.505294e-01 4.434018e+01 3.169933e-02 9.994932e-01 -2.927963e-03 1.910740e+00 -8.501544e-01 2.542234e-02 -5.259194e-01 9.136545e-01
-5.292059e-01 2.202204e-02 8.482076e-01 4.504040e+01 3.215374e-02 9.994656e-01 -5.888087e-03 1.898614e+00 -8.478840e-01 2.415704e-02 -5.296311e-01 4.815908e-01
-5.303676e-01 2.265831e-02 8.474650e-01 4.575509e+01 2.843845e-02 9.995557e-01 -8.927111e-03 1.889663e+00 -8.472907e-01 1.936594e-02 -5.307763e-01 6.231442e-02
-5.284240e-01 2.179048e-02 8.487009e-01 4.647240e+01 2.823030e-02 9.995687e-01 -8.087079e-03 1.877762e+00 -8.485111e-01 1.968567e-02 -5.288112e-01 -3.608267e-01
-5.230260e-01 2.044994e-02 8.520714e-01 4.720125e+01 2.627447e-02 9.996238e-01 -7.863213e-03 1.862108e+00 -8.519117e-01 1.827506e-02 -5.233666e-01 -7.935745e-01
-5.161433e-01 1.885794e-02 8.562946e-01 4.795696e+01 2.421589e-02 9.996792e-01 -7.419200e-03 1.846887e+00 -8.561598e-01 1.690656e-02 -5.164344e-01 -1.238929e+00
-5.085293e-01 1.807092e-02 8.608550e-01 4.873980e+01 2.278027e-02 9.997121e-01 -7.528890e-03 1.828569e+00 -8.607433e-01 1.578185e-02 -5.087946e-01 -1.698548e+00
-5.019959e-01 1.723806e-02 8.646982e-01 4.951859e+01 2.098996e-02 9.997497e-01 -7.744754e-03 1.815119e+00 -8.646152e-01 1.426214e-02 -5.022321e-01 -2.143328e+00
-4.976982e-01 1.482577e-02 8.672235e-01 5.030889e+01 1.664084e-02 9.998331e-01 -7.542665e-03 1.801732e+00 -8.671906e-01 1.067736e-02 -4.978619e-01 -2.580223e+00
-4.955373e-01 1.234622e-02 8.684989e-01 5.114115e+01 1.316957e-02 9.998908e-01 -6.699908e-03 1.784238e+00 -8.684868e-01 8.117704e-03 -4.956458e-01 -3.049220e+00
-4.959325e-01 9.651258e-03 8.683074e-01 5.199923e+01 9.965428e-03 9.999356e-01 -5.422569e-03 1.766553e+00 -8.683039e-01 5.963827e-03 -4.959968e-01 -3.524666e+00
-4.966866e-01 8.188081e-03 8.678913e-01 5.287627e+01 8.379563e-03 9.999541e-01 -4.638471e-03 1.748476e+00 -8.678895e-01 4.968684e-03 -4.967324e-01 -4.017872e+00
-4.966900e-01 8.212826e-03 8.678891e-01 5.374913e+01 9.747956e-03 9.999449e-01 -3.883746e-03 1.733821e+00 -8.678733e-01 6.531127e-03 -4.967427e-01 -4.522200e+00
-4.961544e-01 8.501713e-03 8.681927e-01 5.461622e+01 1.070305e-02 9.999360e-01 -3.675223e-03 1.721133e+00 -8.681684e-01 7.468835e-03 -4.962136e-01 -5.020618e+00
-4.964547e-01 7.705177e-03 8.680285e-01 5.551440e+01 1.058235e-02 9.999400e-01 -2.823706e-03 1.706153e+00 -8.679981e-01 7.783941e-03 -4.965064e-01 -5.526060e+00
-4.965429e-01 7.289786e-03 8.679816e-01 5.640415e+01 1.008684e-02 9.999457e-01 -2.627752e-03 1.690030e+00 -8.679536e-01 7.450403e-03 -4.965894e-01 -6.031523e+00
-4.967487e-01 6.122115e-03 8.678728e-01 5.731240e+01 8.516009e-03 9.999614e-01 -2.179539e-03 1.677805e+00 -8.678526e-01 6.308130e-03 -4.967816e-01 -6.541502e+00
-4.963992e-01 5.685194e-03 8.680758e-01 5.823053e+01 7.971215e-03 9.999662e-01 -1.990722e-03 1.661765e+00 -8.680578e-01 5.931426e-03 -4.964278e-01 -7.059882e+00
-4.958798e-01 5.516225e-03 8.683736e-01 5.913913e+01 7.200865e-03 9.999716e-01 -2.240170e-03 1.645662e+00 -8.683613e-01 5.142186e-03 -4.959054e-01 -7.571546e+00
-4.944314e-01 4.398589e-03 8.692055e-01 6.004800e+01 7.702483e-03 9.999701e-01 -6.789050e-04 1.627329e+00 -8.691825e-01 6.359369e-03 -4.944505e-01 -8.082213e+00
-4.926748e-01 2.777670e-03 8.702091e-01 6.098289e+01 8.010545e-03 9.999670e-01 1.343373e-03 1.612762e+00 -8.701766e-01 7.632695e-03 -4.926808e-01 -8.602782e+00
-4.903641e-01 7.359510e-04 8.715174e-01 6.191221e+01 7.897021e-03 9.999623e-01 3.598886e-03 1.591170e+00 -8.714819e-01 8.647155e-03 -4.903514e-01 -9.118419e+00
-4.879903e-01 2.419379e-04 8.728490e-01 6.285612e+01 7.952852e-03 9.999597e-01 4.169090e-03 1.573124e+00 -8.728128e-01 8.976114e-03 -4.879725e-01 -9.638023e+00
-4.855262e-01 7.220708e-04 8.742218e-01 6.377428e+01 9.118825e-03 9.999494e-01 4.238506e-03 1.556882e+00 -8.741746e-01 1.002978e-02 -4.855082e-01 -1.014721e+01
-4.829257e-01 2.351249e-03 8.756582e-01 6.468582e+01 1.236275e-02 9.999150e-01 4.133167e-03 1.536731e+00 -8.755740e-01 1.282156e-02 -4.829138e-01 -1.067320e+01
-4.840385e-01 3.778587e-03 8.750385e-01 6.560886e+01 1.057298e-02 9.999429e-01 1.530628e-03 1.525902e+00 -8.749828e-01 9.992649e-03 -4.840508e-01 -1.116951e+01
-4.881720e-01 5.070775e-03 8.727327e-01 6.652303e+01 7.453563e-03 9.999709e-01 -1.640830e-03 1.510526e+00 -8.727156e-01 5.703961e-03 -4.881956e-01 -1.165371e+01
-4.934503e-01 5.671153e-03 8.697555e-01 6.739547e+01 5.464031e-03 9.999792e-01 -3.420280e-03 1.495942e+00 -8.697568e-01 3.064633e-03 -4.934710e-01 -1.213033e+01
-4.995125e-01 3.567799e-03 8.662994e-01 6.826904e+01 4.934414e-03 9.999870e-01 -1.273176e-03 1.476835e+00 -8.662926e-01 3.638712e-03 -4.995236e-01 -1.261991e+01
-5.045622e-01 1.084385e-03 8.633747e-01 6.912817e+01 5.701408e-03 9.999816e-01 2.075982e-03 1.457404e+00 -8.633565e-01 5.969913e-03 -5.045591e-01 -1.312494e+01
-5.098803e-01 -1.113178e-03 8.602446e-01 6.999862e+01 3.237982e-03 9.999896e-01 3.213214e-03 1.439364e+00 -8.602393e-01 4.423811e-03 -5.098714e-01 -1.363176e+01
-5.152927e-01 1.951334e-03 8.570120e-01 7.087063e+01 4.735262e-03 9.999886e-01 5.702776e-04 1.422977e+00 -8.570012e-01 4.352036e-03 -5.152961e-01 -1.414790e+01
-5.209813e-01 2.429346e-03 8.535646e-01 7.174558e+01 2.626589e-03 9.999958e-01 -1.242943e-03 1.405654e+00 -8.535640e-01 1.594413e-03 -5.209855e-01 -1.466409e+01
-5.246432e-01 4.331927e-03 8.513112e-01 7.257950e+01 3.353253e-03 9.999898e-01 -3.021951e-03 1.381368e+00 -8.513156e-01 1.269216e-03 -5.246524e-01 -1.518962e+01
-5.282726e-01 3.801652e-03 8.490663e-01 7.343480e+01 7.317929e-04 9.999916e-01 -4.022106e-03 1.360312e+00 -8.490745e-01 -1.503428e-03 -5.282710e-01 -1.571164e+01
-5.320139e-01 2.891218e-03 8.467307e-01 7.429501e+01 1.308794e-03 9.999958e-01 -2.592217e-03 1.338490e+00 -8.467346e-01 -2.708994e-04 -5.320154e-01 -1.624412e+01
-5.342204e-01 -4.340403e-03 8.453341e-01 7.514127e+01 1.627403e-03 9.999797e-01 6.162896e-03 1.322767e+00 -8.453437e-01 4.668044e-03 -5.342025e-01 -1.678105e+01
-5.357308e-01 -1.232958e-02 8.442988e-01 7.611011e+01 2.090244e-03 9.998710e-01 1.592777e-02 1.311896e+00 -8.443863e-01 1.029779e-02 -5.356359e-01 -1.740108e+01
-5.379323e-01 -1.401403e-02 8.428715e-01 7.707246e+01 2.868519e-03 9.998256e-01 1.845436e-02 1.302316e+00 -8.429832e-01 1.234499e-02 -5.377983e-01 -1.799772e+01
-5.393797e-01 -9.185178e-03 8.420126e-01 7.800248e+01 3.151994e-03 9.999115e-01 1.292675e-02 1.302475e+00 -8.420568e-01 9.626445e-03 -5.393030e-01 -1.858525e+01
-5.399542e-01 -1.917481e-03 8.416922e-01 7.892992e+01 6.311136e-03 9.999601e-01 6.326693e-03 1.294557e+00 -8.416707e-01 8.728159e-03 -5.399206e-01 -1.919024e+01
-5.412664e-01 1.276824e-03 8.408502e-01 7.983858e+01 1.082451e-02 9.999266e-01 5.449498e-03 1.283768e+00 -8.407815e-01 1.205142e-02 -5.412404e-01 -1.976599e+01
-5.417020e-01 2.115999e-03 8.405680e-01 8.066893e+01 1.368246e-02 9.998865e-01 6.300573e-03 1.268929e+00 -8.404593e-01 1.491407e-02 -5.416695e-01 -2.030179e+01
-5.413654e-01 -2.317135e-03 8.407842e-01 8.148313e+01 1.093821e-02 9.998922e-01 9.798532e-03 1.258878e+00 -8.407163e-01 1.450126e-02 -5.412817e-01 -2.081661e+01
-5.405848e-01 -6.797392e-03 8.412621e-01 8.231460e+01 9.636710e-03 9.998517e-01 1.427123e-02 1.262310e+00 -8.412344e-01 1.582181e-02 -5.404391e-01 -2.134575e+01
-5.401295e-01 -1.349533e-02 8.414737e-01 8.311942e+01 6.824284e-03 9.997683e-01 2.041443e-02 1.255069e+00 -8.415543e-01 1.676889e-02 -5.399122e-01 -2.184751e+01
-5.409416e-01 -2.048991e-02 8.408105e-01 8.395224e+01 -4.291445e-03 9.997574e-01 2.160240e-02 1.256114e+00 -8.410492e-01 8.077342e-03 -5.408983e-01 -2.233601e+01
-5.394107e-01 -2.633271e-02 8.416310e-01 8.484624e+01 -1.282263e-02 9.996519e-01 2.305866e-02 1.263802e+00 -8.419452e-01 1.646169e-03 -5.395606e-01 -2.287877e+01
-5.399387e-01 -2.804352e-02 8.412370e-01 8.570752e+01 -1.396643e-02 9.996057e-01 2.435870e-02 1.266709e+00 -8.415885e-01 1.403130e-03 -5.401175e-01 -2.338396e+01
-5.377850e-01 -2.576102e-02 8.426884e-01 8.660076e+01 -1.063661e-02 9.996608e-01 2.377162e-02 1.261315e+00 -8.430149e-01 3.820676e-03 -5.378766e-01 -2.393963e+01
-5.328231e-01 -2.265301e-02 8.459234e-01 8.745830e+01 -8.548180e-03 9.997347e-01 2.138768e-02 1.270309e+00 -8.461835e-01 4.164743e-03 -5.328754e-01 -2.447162e+01
-5.253994e-01 -1.979668e-02 8.506254e-01 8.934340e+01 -2.177688e-03 9.997573e-01 2.192236e-02 1.281817e+00 -8.508529e-01 9.665599e-03 -5.253150e-01 -2.563784e+01
-5.174824e-01 -1.675318e-02 8.555298e-01 9.013999e+01 4.552706e-03 9.997403e-01 2.233093e-02 1.284535e+00 -8.556817e-01 1.545084e-02 -5.172718e-01 -2.612652e+01
-5.064528e-01 -1.721074e-02 8.620959e-01 9.268292e+01 3.561438e-03 9.997505e-01 2.205108e-02 1.307210e+00 -8.622603e-01 1.423813e-02 -5.062652e-01 -2.763832e+01
-4.945928e-01 -1.917292e-02 8.689133e-01 9.353791e+01 3.032417e-03 9.997125e-01 2.378513e-02 1.313280e+00 -8.691195e-01 1.439886e-02 -4.943925e-01 -2.812284e+01
-4.826640e-01 -2.209455e-02 8.755269e-01 9.444988e+01 4.771475e-03 9.996006e-01 2.785608e-02 1.318624e+00 -8.757926e-01 1.762268e-02 -4.823658e-01 -2.862300e+01
-4.718997e-01 -2.298582e-02 8.813525e-01 9.532310e+01 4.702797e-03 9.995802e-01 2.858723e-02 1.324567e+00 -8.816397e-01 1.763513e-02 -4.715935e-01 -2.907746e+01
-4.599292e-01 -2.394066e-02 8.876328e-01 9.625061e+01 5.678943e-03 9.995367e-01 2.990142e-02 1.338578e+00 -8.879374e-01 1.879335e-02 -4.595802e-01 -2.954972e+01
-4.475671e-01 -2.266552e-02 8.939631e-01 9.724059e+01 8.183318e-03 9.995331e-01 2.943916e-02 1.350030e+00 -8.942129e-01 2.049158e-02 -4.471726e-01 -3.004455e+01
-4.364057e-01 -1.972026e-02 8.995339e-01 9.817915e+01 6.799145e-03 9.996590e-01 2.521385e-02 1.349873e+00 -8.997243e-01 1.711953e-02 -4.361228e-01 -3.047841e+01
-4.257461e-01 -1.063910e-02 9.047801e-01 9.909395e+01 9.294214e-03 9.998267e-01 1.613015e-02 1.358611e+00 -9.047949e-01 1.527657e-02 -4.255734e-01 -3.089695e+01
-4.139625e-01 -6.209208e-03 9.102728e-01 9.995950e+01 9.225595e-03 9.998968e-01 1.101606e-02 1.360799e+00 -9.102472e-01 1.295804e-02 -4.138624e-01 -3.127508e+01
-4.032579e-01 -1.042288e-02 9.150270e-01 1.008255e+02 6.875566e-03 9.998724e-01 1.441944e-02 1.355731e+00 -9.150606e-01 1.210608e-02 -4.031348e-01 -3.163426e+01
-3.917466e-01 -1.446671e-02 9.199594e-01 1.017151e+02 5.020351e-03 9.998279e-01 1.786049e-02 1.351843e+00 -9.200594e-01 1.161530e-02 -3.916066e-01 -3.200305e+01
-3.820530e-01 -1.358562e-02 9.240405e-01 1.025879e+02 2.368007e-03 9.998743e-01 1.567963e-02 1.349419e+00 -9.241374e-01 8.178583e-03 -3.819728e-01 -3.235180e+01
-3.748332e-01 -8.547457e-03 9.270529e-01 1.048197e+02 -1.308374e-03 9.999614e-01 8.690664e-03 1.337444e+00 -9.270913e-01 2.044618e-03 -3.748299e-01 -3.321653e+01
-3.697289e-01 -3.374035e-03 9.291335e-01 1.175899e+02 -6.480610e-03 9.999784e-01 1.052479e-03 1.243878e+00 -9.291171e-01 -5.632220e-03 -3.697428e-01 -3.808718e+01
-3.663536e-01 -5.815977e-04 9.304755e-01 1.209988e+02 -9.040083e-03 9.999548e-01 -2.934301e-03 1.209296e+00 -9.304318e-01 -9.486568e-03 -3.663423e-01 -3.938128e+01
-3.625909e-01 -8.314233e-04 9.319481e-01 1.237612e+02 -1.025843e-02 9.999426e-01 -3.099141e-03 1.152094e+00 -9.318920e-01 -1.068405e-02 -3.625786e-01 -4.042830e+01
-3.590225e-01 -4.535329e-04 9.333288e-01 1.336457e+02 -1.131992e-02 9.999284e-01 -3.868525e-03 9.763273e-01 -9.332603e-01 -1.195410e-02 -3.590019e-01 -4.398839e+01
-3.532215e-01 -4.545601e-03 9.355287e-01 1.355046e+02 -1.339271e-02 9.999103e-01 -1.981747e-04 9.438709e-01 -9.354439e-01 -1.259926e-02 -3.532507e-01 -4.466740e+01
-3.495159e-01 -7.849242e-03 9.368975e-01 1.425153e+02 -1.435671e-02 9.998924e-01 3.021140e-03 8.546932e-01 -9.368204e-01 -1.239483e-02 -3.495910e-01 -4.708295e+01
-3.459732e-01 -1.141666e-02 9.381749e-01 1.438088e+02 -1.928603e-02 9.998012e-01 5.054434e-03 8.394295e-01 -9.380462e-01 -1.634497e-02 -3.461246e-01 -4.751152e+01
-3.409234e-01 -1.301233e-02 9.400010e-01 1.446472e+02 -2.851092e-02 9.995874e-01 3.496718e-03 8.333731e-01 -9.396586e-01 -2.560818e-02 -3.411537e-01 -4.778992e+01
-3.338060e-01 -1.254109e-02 9.425584e-01 1.454867e+02 -3.523487e-02 9.993787e-01 8.187171e-04 8.249704e-01 -9.419830e-01 -3.293763e-02 -3.340405e-01 -4.807304e+01
-3.272540e-01 -8.250412e-03 9.449004e-01 1.463139e+02 -3.393086e-02 9.994196e-01 -3.025069e-03 8.117645e-01 -9.443270e-01 -3.305125e-02 -3.273441e-01 -4.835174e+01
-3.204786e-01 -4.417252e-03 9.472455e-01 1.471240e+02 -3.210824e-02 9.994652e-01 -6.202314e-03 8.000272e-01 -9.467114e-01 -3.240209e-02 -3.204490e-01 -4.862142e+01
-3.133882e-01 -6.821263e-03 9.496006e-01 1.479382e+02 -3.323749e-02 9.994403e-01 -3.789793e-03 7.825147e-01 -9.490433e-01 -3.275001e-02 -3.134395e-01 -4.888473e+01
-3.055936e-01 -1.238070e-02 9.520816e-01 1.487671e+02 -3.316254e-02 9.994472e-01 2.352316e-03 7.603955e-01 -9.515844e-01 -3.085459e-02 -3.058352e-01 -4.914975e+01
-2.977725e-01 -1.562006e-02 9.545091e-01 1.496128e+02 -3.439768e-02 9.993924e-01 5.623709e-03 7.421472e-01 -9.540169e-01 -3.115832e-02 -2.981289e-01 -4.941287e+01
-2.913580e-01 -1.116797e-02 9.565489e-01 1.524249e+02 -3.493656e-02 9.993890e-01 1.026711e-03 7.261862e-01 -9.559759e-01 -3.311939e-02 -2.915701e-01 -5.023874e+01
-2.842957e-01 -7.756407e-03 9.587053e-01 1.630847e+02 -3.322334e-02 9.994464e-01 -1.766069e-03 5.818821e-01 -9.581608e-01 -3.235348e-02 -2.843960e-01 -5.340984e+01
-2.774381e-01 -6.678867e-03 9.607203e-01 1.657134e+02 -3.318462e-02 9.994458e-01 -2.635016e-03 5.355015e-01 -9.601702e-01 -3.261219e-02 -2.775060e-01 -5.415875e+01
-2.704624e-01 -7.253733e-03 9.627032e-01 1.698937e+02 -3.439834e-02 9.994059e-01 -2.133612e-03 4.678524e-01 -9.621158e-01 -3.369245e-02 -2.705513e-01 -5.528604e+01
-2.623677e-01 -7.423110e-03 9.649394e-01 1.745560e+02 -3.035199e-02 9.995391e-01 -5.634452e-04 3.831100e-01 -9.644905e-01 -2.943566e-02 -2.624720e-01 -5.657407e+01
-2.556024e-01 -6.320520e-03 9.667613e-01 1.799129e+02 -2.859231e-02 9.995906e-01 -1.024378e-03 2.967815e-01 -9.663591e-01 -2.790377e-02 -2.556785e-01 -5.791373e+01
-2.500504e-01 -5.825322e-03 9.682153e-01 1.875466e+02 -2.940210e-02 9.995664e-01 -1.579412e-03 1.845406e-01 -9.677863e-01 -2.886250e-02 -2.501133e-01 -5.974744e+01
-2.440236e-01 -7.275192e-03 9.697420e-01 1.885535e+02 -3.705847e-02 9.993114e-01 -1.828278e-03 1.702994e-01 -9.690610e-01 -3.638330e-02 -2.441251e-01 -5.997205e+01
-2.402467e-01 -9.119062e-03 9.706690e-01 1.895744e+02 -4.428891e-02 9.990175e-01 -1.576400e-03 1.611137e-01 -9.697010e-01 -4.336860e-02 -2.404146e-01 -6.017637e+01
-2.373642e-01 -9.170120e-03 9.713774e-01 1.908028e+02 -4.499601e-02 9.989859e-01 -1.564400e-03 1.504700e-01 -9.703781e-01 -4.407944e-02 -2.375362e-01 -6.043814e+01
-2.357241e-01 -9.161596e-03 9.717768e-01 1.917609e+02 -4.756516e-02 9.988659e-01 -2.120907e-03 1.398678e-01 -9.706553e-01 -4.672267e-02 -2.358925e-01 -6.062626e+01
-2.327839e-01 -7.692030e-03 9.724981e-01 1.927462e+02 -4.874715e-02 9.988040e-01 -3.768360e-03 1.300152e-01 -9.713060e-01 -4.828373e-02 -2.328805e-01 -6.083055e+01
-2.289837e-01 -8.328146e-03 9.733946e-01 1.936358e+02 -4.552028e-02 9.989611e-01 -2.161413e-03 1.225806e-01 -9.723653e-01 -4.480412e-02 -2.291249e-01 -6.101968e+01
-2.244951e-01 -9.406748e-03 9.744298e-01 1.945174e+02 -4.006869e-02 9.991968e-01 4.145688e-04 1.114435e-01 -9.736511e-01 -3.895106e-02 -2.246917e-01 -6.121852e+01
-2.208373e-01 -9.802080e-03 9.752614e-01 1.953733e+02 -4.047838e-02 9.991800e-01 8.765914e-04 1.027978e-01 -9.744703e-01 -3.928342e-02 -2.210530e-01 -6.139751e+01
-2.176845e-01 -8.130665e-03 9.759853e-01 1.962175e+02 -4.300221e-02 9.990742e-01 -1.268235e-03 9.140978e-02 -9.750714e-01 -4.224560e-02 -2.178326e-01 -6.156445e+01
-2.150509e-01 -6.656383e-03 9.765801e-01 1.970783e+02 -4.646490e-02 9.989141e-01 -3.423340e-03 7.868425e-02 -9.754969e-01 -4.611289e-02 -2.151267e-01 -6.173106e+01
-2.135158e-01 -7.337926e-03 9.769121e-01 1.979175e+02 -4.921965e-02 9.987827e-01 -3.255338e-03 6.200613e-02 -9.756989e-01 -4.877834e-02 -2.136170e-01 -6.189985e+01
-2.126836e-01 -7.797171e-03 9.770900e-01 1.988215e+02 -5.102560e-02 9.986924e-01 -3.137204e-03 5.493944e-02 -9.757879e-01 -5.052383e-02 -2.128033e-01 -6.208724e+01
-2.118842e-01 -1.226718e-02 9.772178e-01 1.996605e+02 -5.059840e-02 9.987179e-01 1.566128e-03 4.286422e-02 -9.759841e-01 -4.911382e-02 -2.122333e-01 -6.226338e+01
-2.116094e-01 -1.741142e-02 9.771992e-01 2.005915e+02 -5.279106e-02 9.985853e-01 6.360729e-03 2.842557e-02 -9.759275e-01 -5.024140e-02 -2.122292e-01 -6.244927e+01
-2.098552e-01 -1.907823e-02 9.775463e-01 2.015449e+02 -5.071414e-02 9.986762e-01 8.603530e-03 1.222505e-02 -9.764163e-01 -4.776992e-02 -2.105450e-01 -6.265970e+01
-2.086561e-01 -1.436071e-02 9.778836e-01 2.024621e+02 -5.080077e-02 9.987015e-01 3.826803e-03 6.148742e-04 -9.766688e-01 -4.887875e-02 -2.091147e-01 -6.285157e+01
-2.094736e-01 -1.037076e-02 9.777593e-01 2.033631e+02 -5.135295e-02 9.986805e-01 -4.091065e-04 -7.319434e-03 -9.764649e-01 -5.029652e-02 -2.097298e-01 -6.303061e+01
-2.099905e-01 -1.138883e-02 9.776371e-01 2.042630e+02 -5.477845e-02 9.984985e-01 -1.342296e-04 -2.096700e-02 -9.761677e-01 -5.358163e-02 -2.102991e-01 -6.320873e+01
-2.091553e-01 -1.243811e-02 9.778033e-01 2.051983e+02 -5.601956e-02 9.984294e-01 7.177181e-04 -4.436509e-02 -9.762765e-01 -5.462600e-02 -2.095236e-01 -6.340353e+01
-2.081766e-01 -1.088998e-02 9.780306e-01 2.068897e+02 -5.152034e-02 9.986719e-01 1.535669e-04 -6.863361e-02 -9.767334e-01 -5.035650e-02 -2.084611e-01 -6.376947e+01
-2.072009e-01 -8.783543e-03 9.782590e-01 2.084459e+02 -5.368165e-02 9.985552e-01 -2.404306e-03 -9.310371e-02 -9.768245e-01 -5.301273e-02 -2.073731e-01 -6.408995e+01
-2.068012e-01 -7.433457e-03 9.783547e-01 2.099653e+02 -6.050387e-02 9.981544e-01 -5.205203e-03 -1.251902e-01 -9.765104e-01 -6.027069e-02 -2.068693e-01 -6.438525e+01
-2.064355e-01 -6.208583e-03 9.784405e-01 2.114117e+02 -6.588719e-02 9.977984e-01 -7.569738e-03 -1.612461e-01 -9.762394e-01 -6.602936e-02 -2.063900e-01 -6.465819e+01
-2.059699e-01 -2.279843e-03 9.785557e-01 2.129184e+02 -6.200117e-02 9.980185e-01 -1.072504e-02 -2.009673e-01 -9.765922e-01 -6.288063e-02 -2.057031e-01 -6.497309e+01
-2.056025e-01 -1.326869e-03 9.786347e-01 2.143928e+02 -6.025281e-02 9.981191e-01 -1.130530e-02 -2.471490e-01 -9.767790e-01 -6.128989e-02 -2.052958e-01 -6.527427e+01
-2.044200e-01 -2.950654e-04 9.788832e-01 2.165202e+02 -6.077167e-02 9.980748e-01 -1.239008e-02 -3.122517e-01 -9.769950e-01 -6.202115e-02 -2.040443e-01 -6.568758e+01
-2.027678e-01 -6.763736e-04 9.792266e-01 2.179822e+02 -5.333904e-02 9.985228e-01 -1.035518e-02 -3.507052e-01 -9.777731e-01 -5.433070e-02 -2.025043e-01 -6.599624e+01
-1.999580e-01 -3.993028e-03 9.797963e-01 2.187832e+02 -4.810874e-02 9.988256e-01 -5.747511e-03 -3.745109e-01 -9.786227e-01 -4.828603e-02 -1.999153e-01 -6.616213e+01
-1.983885e-01 -8.851489e-03 9.800835e-01 2.231953e+02 -4.436693e-02 9.990153e-01 4.171301e-05 -4.668108e-01 -9.791188e-01 -4.347502e-02 -1.985859e-01 -6.704718e+01
-1.951459e-01 -9.464839e-03 9.807286e-01 2.259684e+02 -4.375419e-02 9.990419e-01 9.353465e-04 -5.266610e-01 -9.797978e-01 -4.272845e-02 -1.953730e-01 -6.757906e+01
-1.890418e-01 -4.306411e-03 9.819596e-01 2.297090e+02 -4.129780e-02 9.991405e-01 -3.568681e-03 -6.228022e-01 -9.811002e-01 -4.122740e-02 -1.890571e-01 -6.833782e+01
-1.826524e-01 -6.945169e-04 9.831773e-01 2.406408e+02 -3.843440e-02 9.992404e-01 -6.434391e-03 -8.215140e-01 -9.824260e-01 -3.896309e-02 -1.825404e-01 -7.030273e+01
-1.751235e-01 -5.402704e-07 9.845465e-01 2.414418e+02 -3.919144e-02 9.992074e-01 -6.970521e-03 -8.318988e-01 -9.837661e-01 -3.980650e-02 -1.749847e-01 -7.043029e+01
-1.667979e-01 -4.149018e-03 9.859824e-01 2.422547e+02 -3.830010e-02 9.992637e-01 -2.274295e-03 -8.487846e-01 -9.852469e-01 -3.814257e-02 -1.668340e-01 -7.054885e+01
-1.548185e-01 -5.478005e-03 9.879277e-01 2.430876e+02 -3.370075e-02 9.994319e-01 2.605395e-04 -8.683542e-01 -9.873680e-01 -3.325357e-02 -1.549151e-01 -7.068016e+01
-1.415444e-01 -3.067598e-03 9.899272e-01 2.439590e+02 -2.904486e-02 9.995776e-01 -1.055466e-03 -8.862169e-01 -9.895057e-01 -2.890169e-02 -1.415737e-01 -7.080085e+01
-1.271472e-01 -1.815223e-03 9.918822e-01 2.447960e+02 -2.910293e-02 9.995746e-01 -1.901339e-03 -8.990179e-01 -9.914568e-01 -2.910843e-02 -1.271459e-01 -7.090444e+01
-1.128461e-01 -1.898006e-03 9.936107e-01 2.456429e+02 -2.644882e-02 9.996496e-01 -1.094299e-03 -9.166976e-01 -9.932604e-01 -2.640332e-02 -1.128568e-01 -7.100255e+01
-9.934839e-02 -5.291759e-04 9.950526e-01 2.464934e+02 -2.516907e-02 9.996812e-01 -1.981302e-03 -9.370800e-01 -9.947343e-01 -2.524138e-02 -9.933004e-02 -7.107984e+01
-8.551577e-02 6.008105e-03 9.963187e-01 2.473461e+02 -2.756830e-02 9.995847e-01 -8.394035e-03 -9.592119e-01 -9.959553e-01 -2.818464e-02 -8.531462e-02 -7.114443e+01
-7.293252e-02 1.501872e-02 9.972238e-01 2.481582e+02 -3.460343e-02 9.992465e-01 -1.757993e-02 -9.805334e-01 -9.967364e-01 -3.578951e-02 -7.235787e-02 -7.118013e+01
-5.951311e-02 2.309395e-02 9.979603e-01 2.489435e+02 -3.808087e-02 9.989521e-01 -2.538784e-02 -1.001317e+00 -9.975009e-01 -3.951411e-02 -5.857131e-02 -7.120680e+01
-4.605574e-02 2.401831e-02 9.986501e-01 2.544295e+02 -3.822283e-02 9.989364e-01 -2.578796e-02 -1.167256e+00 -9.982073e-01 -3.935892e-02 -4.508870e-02 -7.140709e+01
-3.540220e-02 2.041474e-02 9.991646e-01 2.551884e+02 -4.250945e-02 9.988557e-01 -2.191461e-02 -1.193580e+00 -9.984686e-01 -4.324976e-02 -3.449387e-02 -7.140816e+01
-2.517683e-02 1.791138e-02 9.995225e-01 2.559473e+02 -4.723773e-02 9.987013e-01 -1.908653e-02 -1.227254e+00 -9.985663e-01 -4.769571e-02 -2.429804e-02 -7.140270e+01
-1.589204e-02 2.435936e-02 9.995769e-01 2.567188e+02 -5.054072e-02 9.984057e-01 -2.513436e-02 -1.260344e+00 -9.985956e-01 -5.091877e-02 -1.463556e-02 -7.139953e+01
-9.507146e-03 3.273123e-02 9.994190e-01 2.663706e+02 -5.240691e-02 9.980743e-01 -3.318572e-02 -1.587982e+00 -9.985806e-01 -5.269196e-02 -7.773495e-03 -7.131245e+01
-6.760876e-03 3.601341e-02 9.993284e-01 2.764414e+02 -5.547604e-02 9.977987e-01 -3.633360e-02 -1.902921e+00 -9.984371e-01 -5.568444e-02 -4.748112e-03 -7.117813e+01
-6.725335e-03 3.135552e-02 9.994857e-01 2.817154e+02 -5.790859e-02 9.978187e-01 -3.169288e-02 -2.143266e+00 -9.982992e-01 -5.809195e-02 -4.894912e-03 -7.113054e+01
-8.982583e-03 2.681945e-02 9.995999e-01 2.911855e+02 -5.986639e-02 9.978327e-01 -2.731000e-02 -2.657709e+00 -9.981660e-01 -6.008775e-02 -7.357532e-03 -7.101588e+01
-1.194856e-02 2.389763e-02 9.996430e-01 2.919058e+02 -5.980469e-02 9.979076e-01 -2.457097e-02 -2.687028e+00 -9.981386e-01 -6.007693e-02 -1.049437e-02 -7.101823e+01
-1.519604e-02 2.447716e-02 9.995849e-01 2.926285e+02 -5.762360e-02 9.980174e-01 -2.531479e-02 -2.712261e+00 -9.982227e-01 -5.798437e-02 -1.375545e-02 -7.102252e+01
-1.934303e-02 2.466165e-02 9.995087e-01 2.933628e+02 -5.559563e-02 9.981225e-01 -2.570336e-02 -2.743576e+00 -9.982660e-01 -5.606549e-02 -1.793563e-02 -7.103089e+01
-2.452109e-02 2.308879e-02 9.994327e-01 2.941002e+02 -5.764226e-02 9.980373e-01 -2.447081e-02 -2.776007e+00 -9.980361e-01 -5.820961e-02 -2.314208e-02 -7.103935e+01
-3.038590e-02 2.377784e-02 9.992554e-01 2.948254e+02 -5.816220e-02 9.979810e-01 -2.551614e-02 -2.797919e+00 -9.978446e-01 -5.889422e-02 -2.894158e-02 -7.105238e+01
-3.637770e-02 2.172266e-02 9.991020e-01 2.955574e+02 -5.967947e-02 9.979321e-01 -2.387018e-02 -2.826673e+00 -9.975545e-01 -6.049422e-02 -3.500608e-02 -7.107249e+01
-4.324472e-02 1.886504e-02 9.988864e-01 2.963088e+02 -5.818328e-02 9.980772e-01 -2.136869e-02 -2.862387e+00 -9.973688e-01 -5.904257e-02 -4.206394e-02 -7.109501e+01
-4.891766e-02 1.904805e-02 9.986212e-01 2.970587e+02 -5.987573e-02 9.979641e-01 -2.196854e-02 -2.887936e+00 -9.970065e-01 -6.086782e-02 -4.767755e-02 -7.112262e+01
-5.418239e-02 2.041440e-02 9.983224e-01 2.977991e+02 -6.199276e-02 9.977936e-01 -2.376815e-02 -2.914952e+00 -9.966048e-01 -6.317657e-02 -5.279730e-02 -7.115658e+01
-5.765393e-02 2.278069e-02 9.980767e-01 2.985145e+02 -6.196280e-02 9.977305e-01 -2.635207e-02 -2.947435e+00 -9.964119e-01 -6.336293e-02 -5.611153e-02 -7.119734e+01
-6.084130e-02 2.508599e-02 9.978322e-01 3.072732e+02 -6.129182e-02 9.977037e-01 -2.881994e-02 -3.333634e+00 -9.962638e-01 -6.291239e-02 -5.916402e-02 -7.161800e+01
-6.374596e-02 2.692262e-02 9.976029e-01 3.079513e+02 -5.892829e-02 9.977903e-01 -3.069314e-02 -3.358972e+00 -9.962248e-01 -6.074360e-02 -6.201859e-02 -7.164968e+01
-6.309689e-02 2.556953e-02 9.976798e-01 3.138109e+02 -5.582408e-02 9.980162e-01 -2.910867e-02 -3.613943e+00 -9.964449e-01 -5.753123e-02 -6.154433e-02 -7.201490e+01
-5.881398e-02 2.204942e-02 9.980254e-01 3.190226e+02 -5.275492e-02 9.982904e-01 -2.516414e-02 -3.860544e+00 -9.968740e-01 -5.413075e-02 -5.755021e-02 -7.233509e+01
-5.157157e-02 2.159635e-02 9.984358e-01 3.196672e+02 -5.236953e-02 9.983321e-01 -2.429912e-02 -3.891341e+00 -9.972952e-01 -5.354075e-02 -5.035456e-02 -7.235984e+01
-4.064910e-02 2.233187e-02 9.989239e-01 3.214138e+02 -4.922690e-02 9.984914e-01 -2.432538e-02 -3.964682e+00 -9.979601e-01 -5.016273e-02 -3.948844e-02 -7.241313e+01
-2.683799e-02 2.268841e-02 9.993823e-01 3.232612e+02 -4.571695e-02 9.986685e-01 -2.389991e-02 -4.037346e+00 -9.985939e-01 -4.633013e-02 -2.576501e-02 -7.244031e+01
-1.167413e-02 2.033644e-02 9.997250e-01 3.249291e+02 -4.622559e-02 9.987133e-01 -2.085565e-02 -4.094550e+00 -9.988628e-01 -4.645635e-02 -1.071904e-02 -7.242796e+01
4.519955e-03 1.546923e-02 9.998701e-01 3.266061e+02 -5.065679e-02 9.986001e-01 -1.522058e-02 -4.151509e+00 -9.987059e-01 -5.058141e-02 5.297249e-03 -7.238083e+01
1.982471e-02 9.019805e-03 9.997628e-01 3.283806e+02 -5.198506e-02 9.986160e-01 -7.978625e-03 -4.198986e+00 -9.984511e-01 -5.181455e-02 2.026617e-02 -7.228538e+01
3.738863e-02 1.751711e-03 9.992993e-01 3.289915e+02 -5.289188e-02 9.986002e-01 2.284557e-04 -4.211127e+00 -9.979001e-01 -5.286336e-02 3.742894e-02 -7.225356e+01
5.532453e-02 -5.675108e-03 9.984523e-01 3.308029e+02 -5.316061e-02 9.985488e-01 8.621301e-03 -4.238750e+00 -9.970522e-01 -5.355530e-02 5.494255e-02 -7.212972e+01
7.201580e-02 -1.156340e-02 9.973365e-01 3.325780e+02 -5.463933e-02 9.983855e-01 1.552097e-02 -4.260262e+00 -9.959058e-01 -5.561156e-02 7.126772e-02 -7.195067e+01
9.019231e-02 -1.392098e-02 9.958271e-01 3.332202e+02 -5.506619e-02 9.983030e-01 1.894295e-02 -4.265365e+00 -9.944009e-01 -5.654491e-02 8.927268e-02 -7.188128e+01
1.079058e-01 -1.503744e-02 9.940474e-01 3.338555e+02 -5.366990e-02 9.983394e-01 2.092834e-02 -4.263657e+00 -9.927114e-01 -5.560871e-02 1.069195e-01 -7.179978e+01
1.258838e-01 -1.560111e-02 9.919223e-01 3.431847e+02 -5.375426e-02 9.983001e-01 2.252332e-02 -4.189159e+00 -9.905876e-01 -5.615537e-02 1.248312e-01 -7.052326e+01
1.412638e-01 -1.651852e-02 9.898342e-01 3.438054e+02 -5.908166e-02 9.979379e-01 2.508557e-02 -4.183249e+00 -9.882074e-01 -6.202472e-02 1.399966e-01 -7.040863e+01
1.558791e-01 -1.991865e-02 9.875753e-01 3.444205e+02 -6.030209e-02 9.977400e-01 2.964176e-02 -4.176651e+00 -9.859337e-01 -6.417339e-02 1.543257e-01 -7.029962e+01
1.680993e-01 -2.360144e-02 9.854875e-01 3.450522e+02 -5.641759e-02 9.978444e-01 3.352079e-02 -4.168508e+00 -9.841543e-01 -6.123365e-02 1.664054e-01 -7.018599e+01
1.791905e-01 -2.489064e-02 9.834995e-01 3.456772e+02 -5.264931e-02 9.980048e-01 3.485028e-02 -4.160240e+00 -9.824046e-01 -5.802541e-02 1.775225e-01 -7.007255e+01
1.891115e-01 -2.111148e-02 9.817287e-01 3.462933e+02 -5.703692e-02 9.978447e-01 3.244514e-02 -4.155327e+00 -9.802977e-01 -6.213052e-02 1.874998e-01 -6.993583e+01
1.981836e-01 -1.377250e-02 9.800681e-01 3.468807e+02 -6.197697e-02 9.977243e-01 2.655324e-02 -4.149452e+00 -9.782035e-01 -6.600407e-02 1.968790e-01 -6.979870e+01
2.074590e-01 -3.623609e-03 9.782370e-01 3.474243e+02 -6.204529e-02 9.979310e-01 1.685478e-02 -4.143364e+00 -9.762741e-01 -6.419167e-02 2.068049e-01 -6.967459e+01
2.159462e-01 2.397143e-03 9.764023e-01 3.479513e+02 -5.516468e-02 9.984297e-01 9.749284e-03 -4.136588e+00 -9.748457e-01 -5.596825e-02 2.157393e-01 -6.956441e+01
2.227766e-01 9.937198e-04 9.748690e-01 3.484704e+02 -5.378696e-02 9.984888e-01 1.127357e-02 -4.127452e+00 -9.733846e-01 -5.494672e-02 2.224934e-01 -6.944517e+01
2.293630e-01 -7.352477e-03 9.733132e-01 3.489944e+02 -5.335065e-02 9.983732e-01 2.011396e-02 -4.124822e+00 -9.718777e-01 -5.654029e-02 2.285976e-01 -6.932449e+01
2.336215e-01 -1.774216e-02 9.721657e-01 3.495386e+02 -5.751300e-02 9.978308e-01 3.203152e-02 -4.120504e+00 -9.706252e-01 -6.339541e-02 2.320943e-01 -6.917961e+01
2.353184e-01 -2.575388e-02 9.715771e-01 3.501056e+02 -5.760647e-02 9.975218e-01 4.039405e-02 -4.116129e+00 -9.702096e-01 -6.547459e-02 2.332517e-01 -6.903246e+01
