1.000000e+00 0.000000e+00 0.000000e+00 0.000000e+00 0.000000e+00 1.000000e+00 0.000000e+00 0.000000e+00 0.000000e+00 0.000000e+00 1.000000e+00 0.000000e+00
9.998533e-01 1.766582e-03 -1.703502e-02 -7.055766e-02 -1.794365e-03 9.999971e-01 -1.615817e-03 6.888746e-03 1.703211e-02 1.646147e-03 9.998536e-01 3.062937e-01
9.992114e-01 -1.778054e-03 -3.966532e-02 -9.356637e-02 1.699377e-03 9.999965e-01 -2.017137e-03 5.494195e-03 3.966877e-02 1.948140e-03 9.992110e-01 6.317715e-01
9.981792e-01 -2.636844e-03 -6.026057e-02 -1.515920e-01 2.468812e-03 9.999929e-01 -2.862700e-03 9.509234e-03 6.026769e-02 2.708715e-03 9.981786e-01 9.566297e-01
9.966706e-01 -2.664655e-03 -8.148951e-02 -2.267911e-01 2.231804e-03 9.999829e-01 -5.402367e-03 1.752111e-02 8.150251e-02 5.202512e-03 9.966596e-01 1.296523e+00
9.945593e-01 -7.983485e-03 -1.038654e-01 -2.895808e-01 7.243850e-03 9.999457e-01 -7.496359e-03 1.530369e-02 1.039196e-01 6.703188e-03 9.945631e-01 1.642774e+00
9.921511e-01 -1.349390e-02 -1.243146e-01 -3.582053e-01 1.253079e-02 9.998851e-01 -8.526104e-03 7.428881e-03 1.244154e-01 6.901423e-03 9.922062e-01 1.992494e+00
9.893543e-01 -9.508368e-03 -1.452161e-01 -4.568735e-01 8.653495e-03 9.999413e-01 -6.517449e-03 -4.379685e-03 1.452695e-01 5.191439e-03 9.893785e-01 2.345145e+00
9.858847e-01 -6.027282e-03 -1.673174e-01 -5.700290e-01 5.142091e-03 9.999704e-01 -5.723222e-03 -1.781482e-02 1.673470e-01 4.782076e-03 9.858865e-01 2.713156e+00
9.818321e-01 -8.326732e-03 -1.895690e-01 -6.689915e-01 7.229536e-03 9.999529e-01 -6.478635e-03 -3.984643e-02 1.896140e-01 4.990436e-03 9.818460e-01 3.096782e+00
9.775448e-01 -1.242343e-02 -2.103613e-01 -7.733820e-01 1.060425e-02 9.998960e-01 -9.773683e-03 -5.151221e-02 2.104609e-01 7.323489e-03 9.775748e-01 3.474154e+00
9.725242e-01 -1.918787e-02 -2.320095e-01 -8.748443e-01 1.595008e-02 9.997476e-01 -1.582343e-02 -5.615533e-02 2.322546e-01 1.168810e-02 9.725848e-01 3.856978e+00
9.673365e-01 -2.298046e-02 -2.524518e-01 -9.877493e-01 1.836121e-02 9.996184e-01 -2.063848e-02 -6.652922e-02 2.528298e-01 1.532904e-02 9.673893e-01 4.239594e+00
9.611383e-01 -2.994908e-02 -2.744380e-01 -1.072983e+00 2.394134e-02 9.993953e-01 -2.521527e-02 -8.142853e-02 2.750272e-01 1.766494e-02 9.612741e-01 4.629303e+00
9.549090e-01 -3.384297e-02 -2.949636e-01 -1.188205e+00 2.683840e-02 9.992541e-01 -2.776443e-02 -1.001326e-01 2.956832e-01 1.859616e-02 9.551050e-01 5.028597e+00
9.498487e-01 -3.663964e-02 -3.105558e-01 -1.367414e+00 2.886276e-02 9.991450e-01 -2.960194e-02 -1.291429e-01 3.113749e-01 1.915387e-02 9.500941e-01 5.388963e+00
9.435508e-01 -4.476238e-02 -3.281894e-01 -1.520859e+00 3.656517e-02 9.988469e-01 -3.110907e-02 -1.444084e-01 3.292035e-01 1.735268e-02 9.440995e-01 5.792686e+00
9.362284e-01 -5.296282e-02 -3.473778e-01 -1.682931e+00 4.494279e-02 9.985050e-01 -3.111001e-02 -1.759290e-01 3.485062e-01 1.351395e-02 9.372091e-01 6.199992e+00
9.280738e-01 -5.826981e-02 -3.678092e-01 -1.865837e+00 4.948473e-02 9.982203e-01 -3.327981e-02 -1.985301e-01 3.690939e-01 1.268518e-02 9.293056e-01 6.628367e+00
9.189430e-01 -6.465646e-02 -3.890543e-01 -2.055942e+00 5.496589e-02 9.978390e-01 -3.600068e-02 -2.171320e-01 3.905413e-01 1.169786e-02 9.205111e-01 7.073949e+00
9.091345e-01 -6.878325e-02 -4.107837e-01 -2.265868e+00 5.754180e-02 9.975540e-01 -3.968455e-02 -2.326151e-01 4.125086e-01 1.244135e-02 9.108687e-01 7.533503e+00
8.992985e-01 -7.176096e-02 -4.314076e-01 -2.498461e+00 5.811591e-02 9.973065e-01 -4.474682e-02 -2.696538e-01 4.334567e-01 1.516910e-02 9.010467e-01 7.976082e+00
8.892519e-01 -7.127275e-02 -4.518310e-01 -2.760192e+00 5.409545e-02 9.972406e-01 -5.084114e-02 -2.990286e-01 4.542078e-01 2.076858e-02 8.906537e-01 8.423626e+00
8.777979e-01 -7.433203e-02 -4.732289e-01 -3.024731e+00 5.378608e-02 9.969343e-01 -5.682418e-02 -3.338290e-01 4.760020e-01 2.442702e-02 8.791049e-01 8.866933e+00
8.648823e-01 -8.457642e-02 -4.947984e-01 -3.286610e+00 6.026152e-02 9.960689e-01 -6.492506e-02 -3.660388e-01 4.983445e-01 2.633523e-02 8.665791e-01 9.314695e+00
8.519118e-01 -9.365499e-02 -5.152426e-01 -3.566687e+00 6.562434e-02 9.952148e-01 -7.239440e-02 -3.972253e-01 5.195572e-01 2.786119e-02 8.539813e-01 9.770768e+00
8.386184e-01 -9.916845e-02 -5.356163e-01 -3.883200e+00 6.725409e-02 9.946152e-01 -7.885108e-02 -4.374485e-01 5.405517e-01 3.010358e-02 8.407721e-01 1.024662e+01
8.269189e-01 -9.909138e-02 -5.535215e-01 -4.206720e+00 6.363172e-02 9.945178e-01 -8.297759e-02 -4.889606e-01 5.587094e-01 3.339421e-02 8.286909e-01 1.069278e+01
8.173702e-01 -9.474745e-02 -5.682683e-01 -4.563127e+00 5.546679e-02 9.947436e-01 -8.607293e-02 -5.424744e-01 5.734365e-01 3.883343e-02 8.183292e-01 1.114667e+01
8.085936e-01 -9.331159e-02 -5.809212e-01 -4.925242e+00 5.074648e-02 9.947251e-01 -8.914481e-02 -5.946244e-01 5.861751e-01 4.260222e-02 8.090635e-01 1.160865e+01
7.998894e-01 -9.485673e-02 -5.926036e-01 -5.313731e+00 5.000832e-02 9.945309e-01 -9.169170e-02 -6.536278e-01 5.980602e-01 4.370811e-02 8.002584e-01 1.210587e+01
7.911176e-01 -9.866040e-02 -6.036548e-01 -5.713112e+00 5.229445e-02 9.942019e-01 -9.395652e-02 -7.130286e-01 6.094245e-01 4.276287e-02 7.916900e-01 1.261106e+01
7.814370e-01 -1.037199e-01 -6.153034e-01 -6.133051e+00 5.679632e-02 9.938180e-01 -9.539355e-02 -7.834118e-01 6.213939e-01 3.959708e-02 7.824971e-01 1.314092e+01
7.716949e-01 -1.041670e-01 -6.274044e-01 -6.594256e+00 5.631052e-02 9.938123e-01 -9.574039e-02 -8.570447e-01 6.334952e-01 3.855289e-02 7.727855e-01 1.369675e+01
7.625190e-01 -1.055750e-01 -6.382936e-01 -7.080680e+00 5.470934e-02 9.935840e-01 -9.898376e-02 -9.357750e-01 6.446485e-01 4.055637e-02 7.634026e-01 1.425516e+01
7.529300e-01 -1.083161e-01 -6.491256e-01 -7.606498e+00 5.358145e-02 9.931772e-01 -1.035762e-01 -1.018541e+00 6.559157e-01 4.320457e-02 7.535967e-01 1.484194e+01
7.426904e-01 -1.124281e-01 -6.601294e-01 -8.142645e+00 5.536830e-02 9.927396e-01 -1.067826e-01 -1.101769e+00 6.673420e-01 4.275613e-02 7.435231e-01 1.544074e+01
7.331516e-01 -1.143276e-01 -6.703864e-01 -8.721887e+00 5.492811e-02 9.925021e-01 -1.091904e-01 -1.191386e+00 6.778434e-01 4.323002e-02 7.339343e-01 1.606073e+01
7.251538e-01 -1.141119e-01 -6.790659e-01 -9.296800e+00 5.275931e-02 9.924816e-01 -1.104390e-01 -1.285276e+00 6.865628e-01 4.425819e-02 7.257223e-01 1.665614e+01
7.191458e-01 -1.169918e-01 -6.849395e-01 -9.887998e+00 5.351447e-02 9.921216e-01 -1.132733e-01 -1.388143e+00 6.927954e-01 4.480585e-02 7.197409e-01 1.725782e+01
7.152380e-01 -1.208458e-01 -6.883537e-01 -1.053893e+01 5.293291e-02 9.914750e-01 -1.190608e-01 -1.495507e+00 6.968735e-01 4.872024e-02 7.155373e-01 1.792185e+01
7.143411e-01 -1.228953e-01 -6.889220e-01 -1.118893e+01 5.008212e-02 9.909125e-01 -1.248367e-01 -1.606868e+00 6.980033e-01 5.467335e-02 7.140044e-01 1.857208e+01
7.167554e-01 -1.214776e-01 -6.866622e-01 -1.179275e+01 4.496051e-02 9.907111e-01 -1.283360e-01 -1.712707e+00 6.958738e-01 6.111284e-02 7.155592e-01 1.915413e+01
7.192137e-01 -1.232483e-01 -6.837701e-01 -1.233979e+01 4.576009e-02 9.904066e-01 -1.303870e-01 -1.817213e+00 6.932804e-01 6.248671e-02 7.179539e-01 1.971984e+01
7.221151e-01 -1.242133e-01 -6.805298e-01 -1.285313e+01 4.646880e-02 9.902352e-01 -1.314338e-01 -1.917820e+00 6.902104e-01 6.328692e-02 7.208359e-01 2.026027e+01
7.248909e-01 -1.212593e-01 -6.781071e-01 -1.338879e+01 4.255421e-02 9.903876e-01 -1.316113e-01 -2.025528e+00 6.875480e-01 6.654754e-02 7.230831e-01 2.083625e+01
7.297939e-01 -1.167894e-01 -6.736179e-01 -1.395812e+01 3.751169e-02 9.906570e-01 -1.311166e-01 -2.136923e+00 6.826373e-01 7.041952e-02 7.273564e-01 2.141912e+01
7.339143e-01 -1.123906e-01 -6.698792e-01 -1.453189e+01 3.294185e-02 9.909446e-01 -1.301674e-01 -2.254872e+00 6.784428e-01 7.346463e-02 7.309708e-01 2.203920e+01
7.397752e-01 -1.097303e-01 -6.638464e-01 -1.514623e+01 3.124612e-02 9.911506e-01 -1.290120e-01 -2.378742e+00 6.721283e-01 7.469723e-02 7.366573e-01 2.269609e+01
7.436843e-01 -1.078117e-01 -6.597805e-01 -1.591444e+01 2.835868e-02 9.911100e-01 -1.299876e-01 -2.528205e+00 6.679292e-01 7.795927e-02 7.401304e-01 2.355462e+01
7.472502e-01 -1.063427e-01 -6.559790e-01 -1.685466e+01 2.829450e-02 9.913093e-01 -1.284728e-01 -2.731527e+00 6.639402e-01 7.744074e-02 7.437650e-01 2.461738e+01
7.497133e-01 -1.081027e-01 -6.528735e-01 -1.793930e+01 3.244553e-02 9.913853e-01 -1.268954e-01 -2.951062e+00 6.609669e-01 7.395232e-02 7.467622e-01 2.586800e+01
7.514221e-01 -1.090585e-01 -6.507465e-01 -1.940619e+01 3.360376e-02 9.912913e-01 -1.273279e-01 -3.255366e+00 6.589656e-01 7.380943e-02 7.485430e-01 2.755670e+01
7.536475e-01 -1.104799e-01 -6.479272e-01 -2.095026e+01 3.222859e-02 9.907979e-01 -1.314565e-01 -3.580991e+00 6.564882e-01 7.819007e-02 7.502730e-01 2.930242e+01
7.554348e-01 -1.086325e-01 -6.461557e-01 -2.251703e+01 2.715106e-02 9.905033e-01 -1.347817e-01 -3.902218e+00 6.546610e-01 8.427495e-02 7.512101e-01 3.107682e+01
7.570512e-01 -1.073252e-01 -6.444803e-01 -2.308199e+01 2.685083e-02 9.906932e-01 -1.334391e-01 -4.020840e+00 6.528036e-01 8.371541e-02 7.528872e-01 3.172978e+01
7.580378e-01 -1.102275e-01 -6.428285e-01 -2.367437e+01 3.247982e-02 9.907721e-01 -1.315894e-01 -4.157816e+00 6.514013e-01 7.887077e-02 7.546229e-01 3.244261e+01
7.582618e-01 -1.094001e-01 -6.427057e-01 -2.426736e+01 3.275202e-02 9.909677e-01 -1.300398e-01 -4.292935e+00 6.511270e-01 7.755430e-02 7.549960e-01 3.316437e+01
7.589167e-01 -1.140131e-01 -6.411290e-01 -2.487705e+01 3.763213e-02 9.905868e-01 -1.316120e-01 -4.425210e+00 6.500994e-01 7.575547e-02 7.560634e-01 3.388541e+01
7.592040e-01 -1.184150e-01 -6.399900e-01 -2.554058e+01 4.277009e-02 9.902615e-01 -1.324874e-01 -4.567073e+00 6.494459e-01 7.321252e-02 7.568751e-01 3.467977e+01
7.593810e-01 -1.205189e-01 -6.393869e-01 -2.615182e+01 4.438621e-02 9.900016e-01 -1.338906e-01 -4.696102e+00 6.491304e-01 7.329399e-02 7.571378e-01 3.540516e+01
7.596479e-01 -1.166145e-01 -6.397938e-01 -2.676781e+01 4.114430e-02 9.904388e-01 -1.316742e-01 -4.822056e+00 6.490317e-01 7.370215e-02 7.571828e-01 3.612016e+01
7.595149e-01 -1.136943e-01 -6.404769e-01 -2.736769e+01 4.125758e-02 9.910443e-01 -1.269997e-01 -4.960135e+00 6.491802e-01 7.003361e-02 7.574037e-01 3.683988e+01
7.594036e-01 -1.099841e-01 -6.412563e-01 -2.800970e+01 3.818148e-02 9.914433e-01 -1.248297e-01 -5.088968e+00 6.494985e-01 7.031198e-02 7.571050e-01 3.758456e+01
7.589851e-01 -1.094470e-01 -6.418434e-01 -2.866956e+01 3.807916e-02 9.915452e-01 -1.240491e-01 -5.229851e+00 6.499935e-01 6.971058e-02 7.567356e-01 3.834833e+01
7.569299e-01 -1.127476e-01 -6.436964e-01 -2.931871e+01 4.148264e-02 9.913075e-01 -1.248541e-01 -5.368358e+00 6.521781e-01 6.780358e-02 7.550274e-01 3.911756e+01
7.537566e-01 -1.129301e-01 -6.473776e-01 -2.995312e+01 4.227545e-02 9.914159e-01 -1.237227e-01 -5.510459e+00 6.557925e-01 6.588861e-02 7.520604e-01 3.986732e+01
7.502403e-01 -1.105605e-01 -6.518558e-01 -3.059219e+01 4.171765e-02 9.918708e-01 -1.202160e-01 -5.648962e+00 6.598479e-01 6.299702e-02 7.487537e-01 4.061006e+01
7.472630e-01 -1.108607e-01 -6.552159e-01 -3.124460e+01 4.241524e-02 9.919328e-01 -1.194583e-01 -5.791267e+00 6.631734e-01 6.147566e-02 7.459369e-01 4.135681e+01
7.457022e-01 -1.099154e-01 -6.571505e-01 -3.190123e+01 3.984915e-02 9.918907e-01 -1.206854e-01 -5.926948e+00 6.650867e-01 6.380851e-02 7.440351e-01 4.209482e+01
7.445353e-01 -1.090562e-01 -6.586151e-01 -3.253210e+01 3.822160e-02 9.919119e-01 -1.210370e-01 -6.065208e+00 6.664880e-01 6.494299e-02 7.426817e-01 4.280923e+01
7.438396e-01 -1.053956e-01 -6.599958e-01 -3.316226e+01 3.514048e-02 9.922895e-01 -1.188554e-01 -6.192791e+00 6.674338e-01 6.521676e-02 7.418079e-01 4.350793e+01
7.431284e-01 -1.049350e-01 -6.608698e-01 -3.377928e+01 3.626073e-02 9.924913e-01 -1.168168e-01 -6.330659e+00 6.681657e-01 6.284625e-02 7.413535e-01 4.420959e+01
7.436740e-01 -1.046000e-01 -6.603089e-01 -3.442067e+01 3.725573e-02 9.926336e-01 -1.152844e-01 -6.459918e+00 6.675036e-01 6.113376e-02 7.420928e-01 4.492150e+01
7.441259e-01 -1.051950e-01 -6.597049e-01 -3.502560e+01 3.960406e-02 9.927338e-01 -1.136269e-01 -6.585688e+00 6.668644e-01 5.842575e-02 7.428851e-01 4.560667e+01
7.442748e-01 -1.061165e-01 -6.593893e-01 -3.565432e+01 4.285314e-02 9.928500e-01 -1.114111e-01 -6.712161e+00 6.664972e-01 5.466354e-02 7.435007e-01 4.631492e+01
7.438534e-01 -1.092194e-01 -6.593582e-01 -3.625849e+01 4.630987e-02 9.926086e-01 -1.121764e-01 -6.833522e+00 6.667364e-01 5.290798e-02 7.434133e-01 4.699901e+01
7.430824e-01 -1.104444e-01 -6.600232e-01 -3.724329e+01 4.819852e-02 9.925584e-01 -1.118249e-01 -7.026305e+00 6.674620e-01 5.128299e-02 7.428759e-01 4.811075e+01
7.432605e-01 -1.067547e-01 -6.604296e-01 -3.840671e+01 4.398563e-02 9.928481e-01 -1.109859e-01 -7.253799e+00 6.675546e-01 5.344204e-02 7.426404e-01 4.935077e+01
7.426214e-01 -1.034895e-01 -6.616671e-01 -4.014380e+01 4.101284e-02 9.931616e-01 -1.093070e-01 -7.616131e+00 6.684544e-01 5.403687e-02 7.417875e-01 5.124656e+01
7.411622e-01 -1.061849e-01 -6.628751e-01 -4.181616e+01 4.435277e-02 9.929994e-01 -1.094761e-01 -7.953384e+00 6.698593e-01 5.173920e-02 7.406832e-01 5.316100e+01
7.408179e-01 -1.083860e-01 -6.629037e-01 -4.332876e+01 4.497410e-02 9.926848e-01 -1.120457e-01 -8.251935e+00 6.701986e-01 5.319197e-02 7.402732e-01 5.481030e+01
7.405741e-01 -1.094338e-01 -6.630039e-01 -4.473292e+01 4.533949e-02 9.925393e-01 -1.131820e-01 -8.548479e+00 6.704433e-01 5.375938e-02 7.400106e-01 5.633321e+01
7.396835e-01 -1.083945e-01 -6.641679e-01 -4.590405e+01 4.240348e-02 9.924887e-01 -1.147528e-01 -8.787091e+00 6.716177e-01 5.671775e-02 7.387238e-01 5.762007e+01
7.386361e-01 -1.106349e-01 -6.649637e-01 -4.704119e+01 4.280362e-02 9.921470e-01 -1.175250e-01 -9.022169e+00 6.727441e-01 5.834532e-02 7.375711e-01 5.887112e+01
7.378425e-01 -1.109266e-01 -6.657956e-01 -4.804484e+01 4.279475e-02 9.921069e-01 -1.178669e-01 -9.228747e+00 6.736149e-01 5.847465e-02 7.367657e-01 5.995683e+01
7.376349e-01 -1.089378e-01 -6.663537e-01 -4.844534e+01 4.156979e-02 9.923536e-01 -1.162167e-01 -9.306804e+00 6.739189e-01 5.802534e-02 7.365232e-01 6.038772e+01
7.381107e-01 -1.037230e-01 -6.666589e-01 -4.885635e+01 3.577612e-02 9.927389e-01 -1.148460e-01 -9.387635e+00 6.737304e-01 6.091860e-02 7.364620e-01 6.081539e+01
7.365981e-01 -1.028112e-01 -6.684707e-01 -4.925706e+01 3.504212e-02 9.928525e-01 -1.140879e-01 -9.474703e+00 6.754223e-01 6.061231e-02 7.349359e-01 6.126542e+01
7.358558e-01 -1.038637e-01 -6.691252e-01 -4.966569e+01 3.588172e-02 9.927590e-01 -1.146390e-01 -9.552276e+00 6.761869e-01 6.034842e-02 7.342543e-01 6.171995e+01
7.371309e-01 -1.020981e-01 -6.679926e-01 -5.005211e+01 3.380652e-02 9.928541e-01 -1.144455e-01 -9.619626e+00 6.749039e-01 6.177879e-02 7.353150e-01 6.212845e+01
7.381568e-01 -1.009709e-01 -6.670303e-01 -5.042302e+01 3.287688e-02 9.929454e-01 -1.139233e-01 -9.689812e+00 6.738276e-01 6.216335e-02 7.362690e-01 6.252690e+01
7.396128e-01 -9.710453e-02 -6.659907e-01 -5.078560e+01 3.076921e-02 9.933809e-01 -1.106689e-01 -9.754245e+00 6.723289e-01 6.136015e-02 7.377051e-01 6.290554e+01
7.398260e-01 -9.448069e-02 -6.661312e-01 -5.113643e+01 3.173311e-02 9.938890e-01 -1.057244e-01 -9.814060e+00 6.720494e-01 5.707925e-02 7.383031e-01 6.329420e+01
7.397288e-01 -9.388563e-02 -6.663233e-01 -5.147485e+01 3.475203e-02 9.942276e-01 -1.015072e-01 -9.877887e+00 6.720071e-01 5.193170e-02 7.387215e-01 6.367888e+01
7.407928e-01 -8.801370e-02 -6.659426e-01 -5.183147e+01 2.766344e-02 9.945353e-01 -1.006691e-01 -9.933860e+00 6.711637e-01 5.615268e-02 7.391794e-01 6.404618e+01
7.410749e-01 -8.418355e-02 -6.661239e-01 -5.217601e+01 2.290431e-02 9.947009e-01 -1.002271e-01 -9.995766e+00 6.710316e-01 5.901866e-02 7.390761e-01 6.441836e+01
7.412673e-01 -8.498575e-02 -6.658079e-01 -5.251843e+01 2.244368e-02 9.945355e-01 -1.019582e-01 -1.005754e+01 6.708346e-01 6.063512e-02 7.391241e-01 6.478505e+01
7.404870e-01 -9.128327e-02 -6.658426e-01 -5.285408e+01 2.674979e-02 9.939510e-01 -1.065165e-01 -1.011481e+01 6.715381e-01 6.106293e-02 7.384496e-01 6.515742e+01
7.403661e-01 -9.612483e-02 -6.652954e-01 -5.318726e+01 3.260837e-02 9.936934e-01 -1.072854e-01 -1.017166e+01 6.714124e-01 5.773627e-02 7.388314e-01 6.553283e+01
7.425794e-01 -9.252053e-02 -6.633369e-01 -5.352999e+01 2.977086e-02 9.939935e-01 -1.053124e-01 -1.022767e+01 6.690961e-01 5.845468e-02 7.408735e-01 6.590154e+01
7.455508e-01 -8.589292e-02 -6.608906e-01 -5.387086e+01 2.375670e-02 9.944550e-01 -1.024448e-01 -1.028274e+01 6.660253e-01 6.067723e-02 7.434572e-01 6.626793e+01
7.479953e-01 -8.183785e-02 -6.586392e-01 -5.421693e+01 2.345505e-02 9.950084e-01 -9.699557e-02 -1.034050e+01 6.632895e-01 5.710382e-02 7.461811e-01 6.666427e+01
7.522840e-01 -8.073872e-02 -6.538731e-01 -5.456731e+01 2.786681e-02 9.954739e-01 -9.085790e-02 -1.040137e+01 6.582493e-01 5.012959e-02 7.511290e-01 6.707244e+01
7.564089e-01 -8.167640e-02 -6.489797e-01 -5.492213e+01 3.165337e-02 9.955816e-01 -8.840436e-02 -1.045797e+01 6.533328e-01 4.632745e-02 7.556521e-01 6.749007e+01
7.595197e-01 -8.500559e-02 -6.449061e-01 -5.586334e+01 3.604520e-02 9.954012e-01 -8.875343e-02 -1.060396e+01 6.494849e-01 4.416421e-02 7.590909e-01 6.860500e+01
7.626618e-01 -8.935838e-02 -6.405951e-01 -5.622729e+01 4.166979e-02 9.951412e-01 -8.920494e-02 -1.066088e+01 6.454538e-01 4.133973e-02 7.626797e-01 6.904732e+01
7.663700e-01 -8.819928e-02 -6.363159e-01 -5.659310e+01 4.177074e-02 9.952755e-01 -8.764631e-02 -1.071380e+01 6.410400e-01 4.059012e-02 7.664334e-01 6.948550e+01
7.699993e-01 -8.690279e-02 -6.320989e-01 -5.697054e+01 4.050958e-02 9.953409e-01 -8.749510e-02 -1.076893e+01 6.367575e-01 4.176510e-02 7.699322e-01 6.993405e+01
7.730987e-01 -8.727685e-02 -6.282525e-01 -5.735893e+01 4.037528e-02 9.952508e-01 -8.857628e-02 -1.082846e+01 6.329994e-01 4.311233e-02 7.729509e-01 7.041103e+01
7.764886e-01 -8.935789e-02 -6.237632e-01 -5.774222e+01 4.246654e-02 9.950644e-01 -8.968478e-02 -1.088859e+01 6.286987e-01 4.315015e-02 7.764509e-01 7.087143e+01
7.787546e-01 -9.326346e-02 -6.203573e-01 -5.820098e+01 4.634195e-02 9.947379e-01 -9.137265e-02 -1.095695e+01 6.256147e-01 4.240830e-02 7.789787e-01 7.143858e+01
7.797836e-01 -9.616923e-02 -6.186186e-01 -5.892008e+01 5.042786e-02 9.945689e-01 -9.104818e-02 -1.106660e+01 6.240149e-01 3.980226e-02 7.803981e-01 7.236002e+01
7.807411e-01 -9.482213e-02 -6.176181e-01 -5.967461e+01 5.116531e-02 9.948010e-01 -8.805164e-02 -1.118763e+01 6.227563e-01 3.714491e-02 7.815336e-01 7.331631e+01
7.821137e-01 -9.204073e-02 -6.163008e-01 -6.064711e+01 5.118907e-02 9.951785e-01 -8.366252e-02 -1.134178e+01 6.210297e-01 3.388574e-02 7.830542e-01 7.452544e+01
7.824063e-01 -9.094163e-02 -6.160925e-01 -6.156551e+01 5.252062e-02 9.953916e-01 -8.023157e-02 -1.149326e+01 6.205497e-01 3.041613e-02 7.835770e-01 7.568281e+01
7.821428e-01 -9.143250e-02 -6.163544e-01 -6.259224e+01 5.398918e-02 9.953996e-01 -7.915028e-02 -1.163764e+01 6.207558e-01 2.863035e-02 7.834810e-01 7.698780e+01
7.815831e-01 -9.247118e-02 -6.169092e-01 -6.362412e+01 5.511734e-02 9.953209e-01 -7.936292e-02 -1.178262e+01 6.213613e-01 2.802633e-02 7.830227e-01 7.826644e+01
7.801194e-01 -9.261591e-02 -6.187374e-01 -6.459715e+01 5.497242e-02 9.953042e-01 -7.967186e-02 -1.192990e+01 6.232108e-01 2.814007e-02 7.815474e-01 7.946171e+01
7.771499e-01 -9.477610e-02 -6.221379e-01 -6.558476e+01 5.611996e-02 9.950930e-01 -8.148904e-02 -1.208078e+01 6.268083e-01 2.841485e-02 7.786553e-01 8.071579e+01
7.733151e-01 -9.581930e-02 -6.267395e-01 -6.667627e+01 5.775415e-02 9.950502e-01 -8.086751e-02 -1.224752e+01 6.313859e-01 2.633926e-02 7.750213e-01 8.206529e+01
7.693050e-01 -9.492870e-02 -6.317898e-01 -6.770715e+01 5.785805e-02 9.951879e-01 -7.907917e-02 -1.239072e+01 6.362564e-01 2.428188e-02 7.710954e-01 8.329277e+01
7.653964e-01 -8.914882e-02 -6.373545e-01 -6.905341e+01 5.474117e-02 9.957884e-01 -7.354565e-02 -1.258964e+01 6.412267e-01 2.140204e-02 7.670530e-01 8.484307e+01
7.610051e-01 -8.527485e-02 -6.431170e-01 -7.050924e+01 5.270705e-02 9.961732e-01 -6.972011e-02 -1.280058e+01 6.466013e-01 1.916057e-02 7.625875e-01 8.649624e+01
7.547029e-01 -8.693850e-02 -6.502809e-01 -7.200442e+01 5.507724e-02 9.960779e-01 -6.924786e-02 -1.301492e+01 6.537507e-01 1.644589e-02 7.565313e-01 8.819237e+01
7.473541e-01 -8.845274e-02 -6.585119e-01 -7.247689e+01 5.537980e-02 9.959431e-01 -7.092593e-02 -1.307848e+01 6.621140e-01 1.653853e-02 7.492206e-01 8.871392e+01
7.387205e-01 -9.200674e-02 -6.677026e-01 -7.297098e+01 5.601272e-02 9.955927e-01 -7.521835e-02 -1.314101e+01 6.716805e-01 1.816550e-02 7.406182e-01 8.923956e+01
7.290397e-01 -9.107289e-02 -6.783854e-01 -7.343596e+01 5.286853e-02 9.956401e-01 -7.684799e-02 -1.320247e+01 6.824266e-01 2.015999e-02 7.306761e-01 8.971867e+01
7.192361e-01 -8.881660e-02 -6.890653e-01 -7.392311e+01 4.933131e-02 9.958204e-01 -7.686429e-02 -1.326737e+01 6.930121e-01 2.129108e-02 7.206115e-01 9.018541e+01
7.080323e-01 -8.623924e-02 -7.008944e-01 -7.441032e+01 4.885058e-02 9.961190e-01 -7.321609e-02 -1.332647e+01 7.044884e-01 1.760026e-02 7.094973e-01 9.066238e+01
6.969737e-01 -8.266012e-02 -7.123166e-01 -7.490569e+01 4.796309e-02 9.964833e-01 -6.870598e-02 -1.338687e+01 7.154909e-01 1.372136e-02 6.984873e-01 9.112789e+01
6.852622e-01 -7.753952e-02 -7.241570e-01 -7.541824e+01 4.439600e-02 9.969145e-01 -6.473372e-02 -1.345470e+01 7.269420e-01 1.220990e-02 6.865903e-01 9.159203e+01
6.729515e-01 -7.458171e-02 -7.359171e-01 -7.593597e+01 4.028626e-02 9.971226e-01 -6.421432e-02 -1.351822e+01 7.385888e-01 1.356577e-02 6.740197e-01 9.203513e+01
6.584357e-01 -7.887861e-02 -7.484922e-01 -7.643769e+01 4.263931e-02 9.968052e-01 -6.753758e-02 -1.357449e+01 7.514282e-01 1.255396e-02 6.596955e-01 9.247907e+01
6.449925e-01 -8.242869e-02 -7.597303e-01 -7.695296e+01 4.132263e-02 9.964731e-01 -7.303273e-02 -1.362989e+01 7.630708e-01 1.571151e-02 6.461239e-01 9.291016e+01
6.332103e-01 -8.453311e-02 -7.693497e-01 -7.748095e+01 3.869734e-02 9.962323e-01 -7.761238e-02 -1.369092e+01 7.730118e-01 1.937316e-02 6.340957e-01 9.333071e+01
6.243241e-01 -8.184212e-02 -7.768663e-01 -7.822045e+01 3.341185e-02 9.963842e-01 -7.811688e-02 -1.377907e+01 7.804505e-01 2.281372e-02 6.248012e-01 9.388672e+01
6.192889e-01 -7.460678e-02 -7.816105e-01 -7.889292e+01 2.637407e-02 9.968902e-01 -7.425897e-02 -1.384717e+01 7.847201e-01 2.537351e-02 6.193307e-01 9.436094e+01
6.155249e-01 -6.491654e-02 -7.854393e-01 -7.967187e+01 2.120365e-02 9.976052e-01 -6.583539e-02 -1.392571e+01 7.878322e-01 2.386914e-02 6.154273e-01 9.495503e+01
6.159225e-01 -5.944212e-02 -7.855610e-01 -8.050991e+01 2.094323e-02 9.980324e-01 -5.909885e-02 -1.402033e+01 7.875283e-01 1.994812e-02 6.159555e-01 9.560676e+01
6.191136e-01 -5.775682e-02 -7.831747e-01 -8.142982e+01 1.882210e-02 9.980966e-01 -5.872747e-02 -1.412126e+01 7.850759e-01 2.161799e-02 6.190222e-01 9.630556e+01
6.251281e-01 -6.016592e-02 -7.781998e-01 -8.241981e+01 1.694286e-02 9.978357e-01 -6.353669e-02 -1.421859e+01 7.803383e-01 2.653364e-02 6.247945e-01 9.707344e+01
6.340948e-01 -6.255998e-02 -7.707205e-01 -8.347325e+01 1.607486e-02 9.975729e-01 -6.774850e-02 -1.431808e+01 7.730882e-01 3.056975e-02 6.335614e-01 9.788757e+01
6.445838e-01 -6.224820e-02 -7.619953e-01 -8.440166e+01 1.597311e-02 9.975588e-01 -6.797973e-02 -1.441142e+01 7.643668e-01 3.164720e-02 6.440046e-01 9.865379e+01
6.553637e-01 -6.096565e-02 -7.528490e-01 -8.547571e+01 1.833478e-02 9.977275e-01 -6.483526e-02 -1.454090e+01 7.550909e-01 2.868736e-02 6.549922e-01 9.962529e+01
6.670449e-01 -5.897096e-02 -7.426800e-01 -8.646511e+01 2.051803e-02 9.979384e-01 -6.081077e-02 -1.464673e+01 7.447349e-01 2.532519e-02 6.668797e-01 1.005263e+02
6.786797e-01 -5.865741e-02 -7.320883e-01 -8.736255e+01 2.331453e-02 9.980238e-01 -5.835143e-02 -1.472688e+01 7.340643e-01 2.253364e-02 6.787060e-01 1.013590e+02
6.900215e-01 -5.711444e-02 -7.215319e-01 -8.824387e+01 2.569127e-02 9.981862e-01 -5.444432e-02 -1.481048e+01 7.233328e-01 1.903068e-02 6.902373e-01 1.022135e+02
7.009371e-01 -5.392294e-02 -7.111817e-01 -8.871105e+01 2.764929e-02 9.984427e-01 -4.845253e-02 -1.485180e+01 7.126869e-01 1.429851e-02 7.013365e-01 1.026898e+02
7.111784e-01 -4.652323e-02 -7.014705e-01 -8.918504e+01 2.663879e-02 9.988747e-01 -3.924034e-02 -1.489442e+01 7.025067e-01 9.220556e-03 7.116174e-01 1.031805e+02
7.201166e-01 -4.587817e-02 -6.923347e-01 -8.966314e+01 3.218804e-02 9.989462e-01 -3.271637e-02 -1.493099e+01 6.931061e-01 1.274709e-03 7.208345e-01 1.036929e+02
7.275021e-01 -4.514668e-02 -6.846184e-01 -9.014359e+01 3.548468e-02 9.989731e-01 -2.816919e-02 -1.497084e+01 6.851872e-01 -3.800318e-03 7.283571e-01 1.042073e+02
7.324320e-01 -4.881710e-02 -6.790878e-01 -9.060757e+01 4.027095e-02 9.987861e-01 -2.836469e-02 -1.500401e+01 6.796482e-01 -6.572303e-03 7.335088e-01 1.047139e+02
7.360832e-01 -4.950536e-02 -6.750783e-01 -9.106790e+01 4.053360e-02 9.987559e-01 -2.904503e-02 -1.502770e+01 6.756763e-01 -5.983791e-03 7.371741e-01 1.052217e+02
7.391945e-01 -4.564210e-02 -6.719437e-01 -9.153516e+01 3.985591e-02 9.989170e-01 -2.400707e-02 -1.504738e+01 6.723117e-01 -9.035031e-03 7.402130e-01 1.057302e+02
7.406478e-01 -3.928262e-02 -6.707441e-01 -9.200656e+01 3.978238e-02 9.991019e-01 -1.458471e-02 -1.507486e+01 6.707147e-01 -1.588166e-02 7.415454e-01 1.062620e+02
7.426940e-01 -3.807325e-02 -6.685477e-01 -9.411471e+01 4.468114e-02 9.989750e-01 -7.254241e-03 -1.518539e+01 6.681386e-01 -2.448379e-02 7.436339e-01 1.086462e+02
7.451122e-01 -3.974198e-02 -6.657540e-01 -9.559720e+01 4.689378e-02 9.988743e-01 -7.143955e-03 -1.524246e+01 6.652885e-01 -2.589668e-02 7.461371e-01 1.102930e+02
7.476204e-01 -4.255418e-02 -6.627616e-01 -9.690739e+01 4.899895e-02 9.987596e-01 -8.855034e-03 -1.528058e+01 6.623163e-01 -2.585442e-02 7.487781e-01 1.117808e+02
7.502746e-01 -4.029330e-02 -6.598973e-01 -9.749602e+01 4.828878e-02 9.988149e-01 -6.085352e-03 -1.529202e+01 6.593604e-01 -2.729995e-02 7.513312e-01 1.124417e+02
7.528027e-01 -3.634912e-02 -6.572418e-01 -9.869274e+01 5.002268e-02 9.987460e-01 2.059630e-03 -1.531903e+01 6.563427e-01 -3.442749e-02 7.536770e-01 1.138304e+02
7.566500e-01 -2.889497e-02 -6.531814e-01 -1.001178e+02 4.907612e-02 9.987147e-01 1.266970e-02 -1.534052e+01 6.519757e-01 -4.164214e-02 7.570955e-01 1.154453e+02
7.609300e-01 -2.426705e-02 -6.483800e-01 -1.006553e+02 4.600116e-02 9.988034e-01 1.660393e-02 -1.534304e+01 6.472012e-01 -4.246066e-02 7.611358e-01 1.160560e+02
7.655812e-01 -2.439788e-02 -6.428764e-01 -1.011977e+02 4.666644e-02 9.987542e-01 1.766975e-02 -1.534314e+01 6.416445e-01 -4.352839e-02 7.657661e-01 1.166826e+02
7.698423e-01 -2.243062e-02 -6.378399e-01 -1.017540e+02 4.495968e-02 9.988054e-01 1.913966e-02 -1.533434e+01 6.366486e-01 -4.341160e-02 7.699311e-01 1.173383e+02
7.735367e-01 -1.927421e-02 -6.334583e-01 -1.023146e+02 4.431080e-02 9.987361e-01 2.372087e-02 -1.532900e+01 6.322005e-01 -4.641801e-02 7.734131e-01 1.180299e+02
7.767918e-01 -1.753853e-02 -6.295132e-01 -1.028605e+02 4.681976e-02 9.984541e-01 2.995614e-02 -1.532146e+01 6.280147e-01 -5.274335e-02 7.764121e-01 1.187066e+02
7.793382e-01 -2.201599e-02 -6.262167e-01 -1.034234e+02 5.368031e-02 9.980543e-01 3.171739e-02 -1.531108e+01 6.243000e-01 -5.833408e-02 7.790037e-01 1.194461e+02
7.828061e-01 -2.567843e-02 -6.217357e-01 -1.040025e+02 5.713789e-02 9.978934e-01 3.072617e-02 -1.530085e+01 6.196369e-01 -5.957729e-02 7.826242e-01 1.201704e+02
7.848286e-01 -2.814744e-02 -6.190733e-01 -1.045606e+02 5.975616e-02 9.977503e-01 3.039097e-02 -1.528475e+01 6.168251e-01 -6.084515e-02 7.847449e-01 1.208929e+02
7.867062e-01 -2.764694e-02 -6.167082e-01 -1.051036e+02 6.059856e-02 9.976304e-01 3.257916e-02 -1.527173e+01 6.143461e-01 -6.300186e-02 7.865174e-01 1.215833e+02
7.876872e-01 -2.482257e-02 -6.155751e-01 -1.056351e+02 6.181818e-02 9.973296e-01 3.888576e-02 -1.526049e+01 6.129661e-01 -6.868355e-02 7.871183e-01 1.222759e+02
7.890813e-01 -2.146418e-02 -6.139136e-01 -1.061821e+02 6.075666e-02 9.972162e-01 4.322679e-02 -1.523824e+01 6.112768e-01 -7.140880e-02 7.881887e-01 1.229604e+02
7.896058e-01 -2.453194e-02 -6.131239e-01 -1.067393e+02 6.471762e-02 9.969570e-01 4.345634e-02 -1.521470e+01 6.101920e-01 -7.399330e-02 7.887906e-01 1.236767e+02
7.892105e-01 -2.702992e-02 -6.135276e-01 -1.073132e+02 6.669570e-02 9.968943e-01 4.187419e-02 -1.518905e+01 6.104903e-01 -7.396721e-02 7.885622e-01 1.244128e+02
7.890534e-01 -2.760294e-02 -6.137042e-01 -1.078721e+02 6.605281e-02 9.970107e-01 4.008245e-02 -1.516504e+01 6.107633e-01 -7.216408e-02 7.885180e-01 1.251135e+02
7.878176e-01 -2.897054e-02 -6.152269e-01 -1.084171e+02 7.000066e-02 9.966323e-01 4.270745e-02 -1.514188e+01 6.119178e-01 -7.671197e-02 7.871924e-01 1.258149e+02
7.864066e-01 -2.809982e-02 -6.170698e-01 -1.089700e+02 7.321751e-02 9.961628e-01 4.794714e-02 -1.511768e+01 6.133546e-01 -8.288625e-02 7.854463e-01 1.265156e+02
7.849154e-01 -2.673420e-02 -6.190259e-01 -1.095420e+02 7.534816e-02 9.957724e-01 5.253537e-02 -1.508920e+01 6.150044e-01 -8.787829e-02 7.836115e-01 1.272153e+02
7.822592e-01 -2.733804e-02 -6.223530e-01 -1.101256e+02 7.803132e-02 9.954682e-01 5.435270e-02 -1.506064e+01 6.180467e-01 -9.108092e-02 7.808473e-01 1.279408e+02
7.786869e-01 -2.870527e-02 -6.267557e-01 -1.106885e+02 8.021203e-02 9.953102e-01 5.407116e-02 -1.503074e+01 6.222642e-01 -9.237785e-02 7.773375e-01 1.286419e+02
7.740225e-01 -3.137062e-02 -6.323804e-01 -1.112552e+02 8.431865e-02 9.949829e-01 5.384624e-02 -1.499445e+01 6.275185e-01 -9.499967e-02 7.727843e-01 1.293413e+02
7.683194e-01 -3.036440e-02 -6.393459e-01 -1.118309e+02 8.627943e-02 9.946707e-01 5.644452e-02 -1.495874e+01 6.342248e-01 -9.852983e-02 7.668447e-01 1.300484e+02
7.637929e-01 -2.950073e-02 -6.447869e-01 -1.124602e+02 8.653841e-02 9.946163e-01 5.700411e-02 -1.492398e+01 6.396339e-01 -9.933817e-02 7.622338e-01 1.307687e+02
7.589996e-01 -3.112290e-02 -6.503468e-01 -1.130838e+02 8.957303e-02 9.943506e-01 5.695242e-02 -1.488446e+01 6.449002e-01 -1.014804e-01 7.574995e-01 1.314939e+02
7.540362e-01 -2.996076e-02 -6.561492e-01 -1.137189e+02 8.977141e-02 9.942859e-01 5.776329e-02 -1.484306e+01 6.506693e-01 -1.024590e-01 7.524172e-01 1.322251e+02
7.496049e-01 -2.875339e-02 -6.612607e-01 -1.143709e+02 9.113960e-02 9.940233e-01 6.009301e-02 -1.480845e+01 6.555807e-01 -1.053131e-01 7.477453e-01 1.329632e+02
7.443325e-01 -3.303900e-02 -6.669914e-01 -1.150247e+02 9.725972e-02 9.934893e-01 5.932562e-02 -1.476484e+01 6.606888e-01 -1.090294e-01 7.426998e-01 1.337148e+02
7.399458e-01 -3.632756e-02 -6.716848e-01 -1.157068e+02 9.914944e-02 9.935241e-01 5.549167e-02 -1.472325e+01 6.653192e-01 -1.076580e-01 7.387558e-01 1.344661e+02
7.355205e-01 -4.047030e-02 -6.762926e-01 -1.163886e+02 1.028835e-01 9.933095e-01 5.245270e-02 -1.468646e+01 6.696451e-01 -1.081594e-01 7.347632e-01 1.352319e+02
7.327875e-01 -4.197014e-02 -6.791620e-01 -1.170888e+02 1.034928e-01 9.933586e-01 5.027794e-02 -1.464719e+01 6.725412e-01 -1.071315e-01 7.322644e-01 1.359813e+02
7.307055e-01 -4.377861e-02 -6.812877e-01 -1.178077e+02 1.067227e-01 9.929976e-01 5.065525e-02 -1.460263e+01 6.742995e-01 -1.097229e-01 7.302610e-01 1.367467e+02
7.288622e-01 -4.393145e-02 -6.832495e-01 -1.185479e+02 1.105316e-01 9.923990e-01 5.410144e-02 -1.455761e+01 6.756794e-01 -1.149532e-01 7.281780e-01 1.375273e+02
7.271173e-01 -4.495405e-02 -6.850398e-01 -1.193075e+02 1.122881e-01 9.922033e-01 5.407436e-02 -1.452098e+01 6.772679e-01 -1.162403e-01 7.264960e-01 1.383216e+02
7.257603e-01 -4.693608e-02 -6.863446e-01 -1.201180e+02 1.092992e-01 9.928648e-01 4.767839e-02 -1.448459e+01 6.792096e-01 -1.096200e-01 7.257119e-01 1.391645e+02
7.252209e-01 -4.956928e-02 -6.867296e-01 -1.209139e+02 1.076255e-01 9.933057e-01 4.195943e-02 -1.445144e+01 6.800525e-01 -1.043394e-01 7.257010e-01 1.400015e+02
7.262109e-01 -4.594583e-02 -6.859349e-01 -1.217140e+02 1.028801e-01 9.937916e-01 4.235397e-02 -1.441992e+01 6.797304e-01 -1.013270e-01 7.264293e-01 1.408239e+02
7.267523e-01 -3.994368e-02 -6.857373e-01 -1.225471e+02 9.782760e-02 9.941503e-01 4.577031e-02 -1.438461e+01 6.798977e-01 -1.003477e-01 7.264086e-01 1.416886e+02
7.281736e-01 -3.726364e-02 -6.843790e-01 -1.233832e+02 9.554690e-02 9.942899e-01 4.752318e-02 -1.434890e+01 6.787002e-01 -9.999542e-02 7.275761e-01 1.425489e+02
7.303994e-01 -3.743808e-02 -6.819935e-01 -1.242397e+02 9.464915e-02 9.944110e-01 4.677880e-02 -1.432149e+01 6.764306e-01 -9.871731e-02 7.298607e-01 1.434306e+02
7.319960e-01 -4.253705e-02 -6.799798e-01 -1.251188e+02 9.311651e-02 9.949298e-01 3.800043e-02 -1.429324e+01 6.749157e-01 -9.113351e-02 7.322455e-01 1.443555e+02
7.332587e-01 -4.659178e-02 -6.783516e-01 -1.259393e+02 8.998905e-02 9.955235e-01 2.889658e-02 -1.427685e+01 6.739686e-01 -8.223288e-02 7.341690e-01 1.452295e+02
7.343972e-01 -5.013818e-02 -6.768655e-01 -1.267054e+02 8.934866e-02 9.957305e-01 2.318525e-02 -1.426752e+01 6.728132e-01 -7.750421e-02 7.357415e-01 1.460561e+02
7.352354e-01 -5.142793e-02 -6.758581e-01 -1.289285e+02 9.092198e-02 9.955888e-01 2.315277e-02 -1.425622e+01 6.716861e-01 -7.847309e-02 7.366680e-01 1.485113e+02
7.359216e-01 -5.367204e-02 -6.749360e-01 -1.312062e+02 9.465431e-02 9.952193e-01 2.406555e-02 -1.423692e+01 6.704177e-01 -8.159596e-02 7.374837e-01 1.510283e+02
7.364061e-01 -5.620650e-02 -6.742010e-01 -1.320070e+02 9.913568e-02 9.947509e-01 2.535245e-02 -1.423034e+01 6.692370e-01 -8.550706e-02 7.381127e-01 1.519152e+02
7.375739e-01 -6.122058e-02 -6.724855e-01 -1.328364e+02 1.010186e-01 9.946785e-01 2.024413e-02 -1.421963e+01 6.676676e-01 -8.286509e-02 7.398334e-01 1.527997e+02
7.377447e-01 -6.601396e-02 -6.718444e-01 -1.358020e+02 1.030010e-01 9.945623e-01 1.538072e-02 -1.421266e+01 6.671758e-01 -8.054770e-02 7.405326e-01 1.560692e+02
7.380588e-01 -6.438748e-02 -6.716573e-01 -1.365561e+02 1.012730e-01 9.947312e-01 1.592661e-02 -1.421562e+01 6.670929e-01 -7.977555e-02 7.406908e-01 1.568985e+02
7.393797e-01 -5.922121e-02 -6.706791e-01 -1.373744e+02 9.718012e-02 9.950803e-01 1.926876e-02 -1.421959e+01 6.662384e-01 -7.942361e-02 7.414973e-01 1.577760e+02
7.394845e-01 -5.813110e-02 -6.706590e-01 -1.381991e+02 9.627920e-02 9.951554e-01 1.990207e-02 -1.422312e+01 6.662529e-01 -7.928778e-02 7.414988e-01 1.586866e+02
7.403628e-01 -5.279209e-02 -6.701312e-01 -1.390382e+02 9.115483e-02 9.955875e-01 2.227698e-02 -1.422047e+01 6.659983e-01 -7.757875e-02 7.419082e-01 1.595985e+02
7.413336e-01 -5.037256e-02 -6.692437e-01 -1.399200e+02 8.945816e-02 9.956977e-01 2.415039e-02 -1.421782e+01 6.651479e-01 -7.777281e-02 7.426504e-01 1.605526e+02
7.416287e-01 -5.255666e-02 -6.687486e-01 -1.409361e+02 8.898890e-02 9.958232e-01 2.042559e-02 -1.422529e+01 6.648818e-01 -7.465940e-02 7.432080e-01 1.616599e+02
7.414851e-01 -5.877637e-02 -6.683900e-01 -1.419676e+02 9.042539e-02 9.958217e-01 1.274451e-02 -1.422233e+01 6.648481e-01 -6.988929e-02 7.437018e-01 1.628010e+02
7.409381e-01 -6.371930e-02 -6.685436e-01 -1.428437e+02 9.219966e-02 9.957139e-01 7.281567e-03 -1.423097e+01 6.652142e-01 -6.703468e-02 7.436373e-01 1.637796e+02
7.406072e-01 -6.436093e-02 -6.688487e-01 -1.437110e+02 9.388217e-02 9.955499e-01 8.156256e-03 -1.424395e+01 6.653474e-01 -6.883356e-02 7.433538e-01 1.647466e+02
7.414825e-01 -6.135767e-02 -6.681608e-01 -1.446209e+02 8.900422e-02 9.960044e-01 7.307461e-03 -1.426411e+01 6.650428e-01 -6.488749e-02 7.439810e-01 1.657262e+02
7.415875e-01 -6.572137e-02 -6.676292e-01 -1.455459e+02 8.848593e-02 9.960774e-01 2.343836e-04 -1.428459e+01 6.649949e-01 -5.924960e-02 7.444939e-01 1.667528e+02
7.417348e-01 -7.103726e-02 -6.669207e-01 -1.464142e+02 8.618107e-02 9.962266e-01 -1.026466e-02 -1.431299e+01 6.651333e-01 -4.986228e-02 7.450580e-01 1.677103e+02
7.421551e-01 -7.509916e-02 -6.660075e-01 -1.472252e+02 8.661502e-02 9.961165e-01 -1.580423e-02 -1.435407e+01 6.646079e-01 -4.595706e-02 7.457776e-01 1.686124e+02
7.418767e-01 -7.685970e-02 -6.661167e-01 -1.480313e+02 9.057076e-02 9.957912e-01 -1.402739e-02 -1.439427e+01 6.643913e-01 -4.992411e-02 7.457156e-01 1.695249e+02
7.427760e-01 -7.835541e-02 -6.649393e-01 -1.488233e+02 9.503230e-02 9.954118e-01 -1.114115e-02 -1.442802e+01 6.627614e-01 -5.491533e-02 7.468143e-01 1.704017e+02
7.427591e-01 -7.973199e-02 -6.647945e-01 -1.496482e+02 9.844517e-02 9.950985e-01 -9.356483e-03 -1.446757e+01 6.622820e-01 -5.849619e-02 7.469677e-01 1.713353e+02
7.425699e-01 -8.469597e-02 -6.643919e-01 -1.504697e+02 1.029795e-01 9.946147e-01 -1.169549e-02 -1.449776e+01 6.618045e-01 -5.973401e-02 7.472929e-01 1.722697e+02
7.432013e-01 -8.435827e-02 -6.637285e-01 -1.512645e+02 9.997149e-02 9.948846e-01 -1.450562e-02 -1.453929e+01 6.615569e-01 -5.557333e-02 7.478329e-01 1.731645e+02
7.439845e-01 -8.462130e-02 -6.628169e-01 -1.520739e+02 9.774765e-02 9.950605e-01 -1.732088e-02 -1.458131e+01 6.610086e-01 -5.190232e-02 7.485812e-01 1.740717e+02
7.450395e-01 -8.029760e-02 -6.621695e-01 -1.528402e+02 9.391102e-02 9.954668e-01 -1.505080e-02 -1.462455e+01 6.603763e-01 -5.097157e-02 7.492030e-01 1.749229e+02
7.456724e-01 -7.578276e-02 -6.619892e-01 -1.535901e+02 9.246384e-02 9.956675e-01 -9.829008e-03 -1.465638e+01 6.598660e-01 -5.388084e-02 7.494489e-01 1.757729e+02
7.476400e-01 -7.332823e-02 -6.600435e-01 -1.544075e+02 9.212863e-02 9.957274e-01 -6.266072e-03 -1.469227e+01 6.576829e-01 -5.612414e-02 7.512013e-01 1.766873e+02
7.496693e-01 -7.468182e-02 -6.575854e-01 -1.553175e+02 9.133321e-02 9.957800e-01 -8.967607e-03 -1.472615e+01 6.554801e-01 -5.333664e-02 7.533266e-01 1.777200e+02
7.513854e-01 -7.932436e-02 -6.550783e-01 -1.560962e+02 9.378676e-02 9.955078e-01 -1.297252e-02 -1.476169e+01 6.531646e-01 -5.169031e-02 7.554496e-01 1.786098e+02
7.524180e-01 -8.311312e-02 -6.534213e-01 -1.568805e+02 9.647703e-02 9.952146e-01 -1.549435e-02 -1.479886e+01 6.515822e-01 -5.138192e-02 7.568358e-01 1.795239e+02
7.532111e-01 -8.599055e-02 -6.521339e-01 -1.576574e+02 9.984596e-02 9.948764e-01 -1.586313e-02 -1.483402e+01 6.501567e-01 -5.316465e-02 7.579378e-01 1.804420e+02
7.556129e-01 -8.505352e-02 -6.494728e-01 -1.584407e+02 9.846268e-02 9.950161e-01 -1.575115e-02 -1.486765e+01 6.475756e-01 -5.204707e-02 7.602216e-01 1.813273e+02
7.579436e-01 -8.212450e-02 -6.471299e-01 -1.592381e+02 9.539643e-02 9.953326e-01 -1.458143e-02 -1.491612e+01 6.453069e-01 -5.068198e-02 7.622403e-01 1.822623e+02
7.617432e-01 -7.721011e-02 -6.432619e-01 -1.600357e+02 9.150587e-02 9.957420e-01 -1.115778e-02 -1.495512e+01 6.413844e-01 -5.036288e-02 7.655649e-01 1.831658e+02
7.645966e-01 -7.321327e-02 -6.403373e-01 -1.608457e+02 8.813204e-02 9.960712e-01 -8.651950e-03 -1.499022e+01 6.384550e-01 -4.981898e-02 7.680451e-01 1.840964e+02
7.667396e-01 -7.521608e-02 -6.375367e-01 -1.616376e+02 8.908092e-02 9.959704e-01 -1.036979e-02 -1.502427e+01 6.357476e-01 -4.884143e-02 7.703502e-01 1.850246e+02
7.695337e-01 -7.427974e-02 -6.342716e-01 -1.625560e+02 8.407060e-02 9.963516e-01 -1.468391e-02 -1.506439e+01 6.330482e-01 -4.202382e-02 7.729709e-01 1.860866e+02
7.708646e-01 -7.842391e-02 -6.321531e-01 -1.635278e+02 8.568025e-02 9.961396e-01 -1.909870e-02 -1.511030e+01 6.312105e-01 -3.944052e-02 7.746081e-01 1.872557e+02
7.717564e-01 -7.737605e-02 -6.311933e-01 -1.644664e+02 8.410667e-02 9.962700e-01 -1.929293e-02 -1.516059e+01 6.303317e-01 -3.819812e-02 7.753856e-01 1.883863e+02
7.728175e-01 -7.457508e-02 -6.302314e-01 -1.656647e+02 8.176347e-02 9.964954e-01 -1.765301e-02 -1.523319e+01 6.293392e-01 -3.788735e-02 7.762066e-01 1.898187e+02
7.733176e-01 -7.306251e-02 -6.297950e-01 -1.664688e+02 7.974282e-02 9.966582e-01 -1.770706e-02 -1.528476e+01 6.289841e-01 -3.652844e-02 7.765595e-01 1.907818e+02
7.727840e-01 -7.046874e-02 -6.307448e-01 -1.683026e+02 7.802137e-02 9.968268e-01 -1.577731e-02 -1.539810e+01 6.298552e-01 -3.701912e-02 7.758299e-01 1.930079e+02
7.719276e-01 -6.892474e-02 -6.319629e-01 -1.690661e+02 7.759344e-02 9.968875e-01 -1.394653e-02 -1.544773e+01 6.309572e-01 -3.827047e-02 7.748731e-01 1.939400e+02
7.708419e-01 -6.855800e-02 -6.333266e-01 -1.698306e+02 7.846680e-02 9.968396e-01 -1.240407e-02 -1.549000e+01 6.321754e-01 -4.013354e-02 7.737852e-01 1.948703e+02
7.689919e-01 -7.077225e-02 -6.353288e-01 -1.706631e+02 7.866450e-02 9.967756e-01 -1.582123e-02 -1.553137e+01 6.344000e-01 -3.781143e-02 7.720796e-01 1.958793e+02
