1.000000e+00 0.000000e+00 0.000000e+00 0.000000e+00 0.000000e+00 1.000000e+00 0.000000e+00 0.000000e+00 0.000000e+00 0.000000e+00 1.000000e+00 0.000000e+00
9.999571e-01 8.201125e-03 -4.314843e-03 -5.718133e-02 -8.199921e-03 9.999663e-01 2.966905e-04 -2.168627e-02 4.317131e-03 -2.612964e-04 9.999906e-01 1.484296e+00
9.998677e-01 1.367182e-02 -8.816608e-03 -9.586477e-02 -1.364844e-02 9.999032e-01 2.706471e-03 -3.535488e-02 8.852757e-03 -2.585780e-03 9.999575e-01 2.810953e+00
9.996798e-01 2.289074e-02 -1.078709e-02 -1.855586e-01 -2.284557e-02 9.997298e-01 4.291730e-03 -6.268533e-02 1.088242e-02 -4.043918e-03 9.999326e-01 4.434928e+00
9.994505e-01 2.898711e-02 -1.607640e-02 -2.214501e-01 -2.891938e-02 9.995719e-01 4.429651e-03 -9.288785e-02 1.619792e-02 -3.962297e-03 9.998610e-01 5.828745e+00
9.990813e-01 3.780605e-02 -2.018248e-02 -2.838235e-01 -3.773877e-02 9.992808e-01 3.704389e-03 -1.249029e-01 2.030802e-02 -2.939324e-03 9.997895e-01 7.257768e+00
9.988911e-01 4.058760e-02 -2.385819e-02 -3.471242e-01 -4.054046e-02 9.991749e-01 2.456405e-03 -1.393917e-01 2.393820e-02 -1.486459e-03 9.997123e-01 8.705661e+00
9.986690e-01 4.440970e-02 -2.622910e-02 -4.201156e-01 -4.437314e-02 9.990131e-01 1.974456e-03 -1.547935e-01 2.629090e-02 -8.079604e-04 9.996540e-01 1.004235e+01
9.983512e-01 4.802151e-02 -3.144675e-02 -4.698961e-01 -4.798934e-02 9.988463e-01 1.777326e-03 -1.765523e-01 3.149582e-02 -2.652871e-04 9.995038e-01 1.145389e+01
9.976923e-01 5.831786e-02 -3.477296e-02 -5.526844e-01 -5.832791e-02 9.982972e-01 7.264300e-04 -1.893792e-01 3.475611e-02 1.303480e-03 9.993950e-01 1.294059e+01
9.968118e-01 7.028982e-02 -3.775616e-02 -6.615910e-01 -7.038438e-02 9.975192e-01 -1.179473e-03 -2.057084e-01 3.757959e-02 3.833157e-03 9.992863e-01 1.435653e+01
9.952639e-01 8.826027e-02 -4.074121e-02 -7.947400e-01 -8.840173e-02 9.960835e-01 -1.680309e-03 -2.405454e-01 4.043335e-02 5.273945e-03 9.991683e-01 1.570537e+01
9.945408e-01 9.398911e-02 -4.532875e-02 -8.726405e-01 -9.408745e-02 9.955639e-01 -3.600568e-05 -2.624672e-01 4.512429e-02 4.300676e-03 9.989721e-01 1.691646e+01
9.935712e-01 1.022844e-01 -4.852047e-02 -9.844339e-01 -1.023308e-01 9.947492e-01 1.532897e-03 -2.811263e-01 4.842249e-02 3.442096e-03 9.988210e-01 1.825543e+01
9.924881e-01 1.107813e-01 -5.191276e-02 -1.095603e+00 -1.107801e-01 9.938407e-01 2.910839e-03 -3.061899e-01 5.191548e-02 2.861926e-03 9.986474e-01 1.972711e+01
9.915472e-01 1.177960e-01 -5.439035e-02 -1.220732e+00 -1.177779e-01 9.930336e-01 3.548370e-03 -3.255479e-01 5.442943e-02 2.887605e-03 9.985134e-01 2.107485e+01
9.899145e-01 1.292327e-01 -5.803601e-02 -1.357335e+00 -1.292005e-01 9.916091e-01 4.322210e-03 -3.458738e-01 5.810761e-02 3.219666e-03 9.983051e-01 2.240809e+01
9.897118e-01 1.284024e-01 -6.311344e-02 -1.442111e+00 -1.282334e-01 9.917211e-01 6.738279e-03 -3.773954e-01 6.345614e-02 1.424293e-03 9.979836e-01 2.367989e+01
9.896717e-01 1.253029e-01 -6.963543e-02 -1.522177e+00 -1.251116e-01 9.921171e-01 7.118646e-03 -3.993096e-01 6.997849e-02 1.667080e-03 9.975471e-01 2.498688e+01
9.898750e-01 1.195101e-01 -7.658226e-02 -1.589836e+00 -1.193972e-01 9.928280e-01 6.067194e-03 -4.225126e-01 7.675811e-02 3.137948e-03 9.970448e-01 2.622970e+01
9.893737e-01 1.214444e-01 -7.994364e-02 -1.719102e+00 -1.214399e-01 9.925865e-01 4.935862e-03 -4.460467e-01 7.995042e-02 4.824940e-03 9.967872e-01 2.754251e+01
9.878067e-01 1.316654e-01 -8.307932e-02 -1.876416e+00 -1.318079e-01 9.912680e-01 3.791820e-03 -4.476149e-01 8.285312e-02 7.204925e-03 9.965357e-01 2.887838e+01
9.861167e-01 1.424441e-01 -8.534374e-02 -2.028236e+00 -1.425778e-01 9.897731e-01 4.557032e-03 -4.589422e-01 8.512006e-02 7.674361e-03 9.963411e-01 3.011575e+01
9.851567e-01 1.470157e-01 -8.861521e-02 -2.163303e+00 -1.470047e-01 9.891132e-01 6.686101e-03 -4.967528e-01 8.863343e-02 6.439998e-03 9.960435e-01 3.143592e+01
9.844423e-01 1.512838e-01 -8.936812e-02 -2.309742e+00 -1.511954e-01 9.884731e-01 7.796945e-03 -5.086654e-01 8.951754e-02 5.836406e-03 9.959681e-01 3.266337e+01
9.832799e-01 1.580967e-01 -9.036659e-02 -2.471123e+00 -1.581211e-01 9.873954e-01 6.934610e-03 -5.296887e-01 9.032389e-02 7.470201e-03 9.958844e-01 3.395301e+01
9.814549e-01 1.679565e-01 -9.239527e-02 -2.641442e+00 -1.680706e-01 9.857529e-01 6.601161e-03 -5.475966e-01 9.218761e-02 9.050188e-03 9.957005e-01 3.527200e+01
9.799371e-01 1.759934e-01 -9.353973e-02 -2.816571e+00 -1.760609e-01 9.843500e-01 7.595753e-03 -5.775982e-01 9.341263e-02 9.025330e-03 9.955866e-01 3.659834e+01
9.797805e-01 1.756452e-01 -9.580642e-02 -2.981576e+00 -1.756097e-01 9.844199e-01 8.868733e-03 -5.796677e-01 9.587149e-02 8.135123e-03 9.953605e-01 3.793252e+01
9.790267e-01 1.786592e-01 -9.791641e-02 -3.157908e+00 -1.786461e-01 9.838725e-01 8.973073e-03 -5.821148e-01 9.794039e-02 8.707503e-03 9.951542e-01 3.926330e+01
9.763668e-01 1.915446e-01 -1.000929e-01 -3.366111e+00 -1.917768e-01 9.814108e-01 7.387163e-03 -6.043995e-01 9.964719e-02 1.198291e-02 9.949507e-01 4.068151e+01
9.746180e-01 1.990594e-01 -1.024460e-01 -3.546811e+00 -1.994217e-01 9.798902e-01 6.796856e-03 -6.112400e-01 1.017388e-01 1.380562e-02 9.947153e-01 4.202245e+01
9.739257e-01 2.013624e-01 -1.045078e-01 -3.705432e+00 -2.016066e-01 9.794311e-01 8.332599e-03 -6.403114e-01 1.040361e-01 1.295413e-02 9.944892e-01 4.330493e+01
9.715142e-01 2.125959e-01 -1.047051e-01 -3.944729e+00 -2.128783e-01 9.770409e-01 8.600595e-03 -6.241787e-01 1.041296e-01 1.393385e-02 9.944661e-01 4.467160e+01
9.709328e-01 2.145850e-01 -1.060319e-01 -4.121833e+00 -2.147283e-01 9.766206e-01 1.019870e-02 -6.429673e-01 1.057414e-01 1.286580e-02 9.943104e-01 4.597588e+01
9.681748e-01 2.261399e-01 -1.072303e-01 -4.328313e+00 -2.264405e-01 9.739784e-01 9.525390e-03 -6.466852e-01 1.065941e-01 1.505905e-02 9.941886e-01 4.731107e+01
9.647565e-01 2.401989e-01 -1.074684e-01 -4.573344e+00 -2.408566e-01 9.705354e-01 7.011597e-03 -6.443293e-01 1.059861e-01 1.911999e-02 9.941838e-01 4.876325e+01
9.628022e-01 2.476052e-01 -1.081832e-01 -4.777767e+00 -2.486892e-01 9.685768e-01 3.570090e-03 -6.432862e-01 1.056677e-01 2.346670e-02 9.941246e-01 5.017850e+01
9.624220e-01 2.481420e-01 -1.103151e-01 -4.931372e+00 -2.492069e-01 9.684409e-01 4.248203e-03 -6.698114e-01 1.078879e-01 2.340273e-02 9.938876e-01 5.143815e+01
9.622689e-01 2.493032e-01 -1.090253e-01 -5.124287e+00 -2.500447e-01 9.682087e-01 7.037474e-03 -6.970217e-01 1.073137e-01 2.048925e-02 9.940141e-01 5.274519e+01
9.625550e-01 2.478857e-01 -1.097296e-01 -5.299152e+00 -2.485194e-01 9.685932e-01 8.081964e-03 -7.104015e-01 1.082867e-01 1.949059e-02 9.939286e-01 5.409440e+01
9.621752e-01 2.484788e-01 -1.117016e-01 -5.477804e+00 -2.493407e-01 9.683946e-01 6.410912e-03 -7.236456e-01 1.097642e-01 2.168333e-02 9.937211e-01 5.547123e+01
9.615461e-01 2.501192e-01 -1.134438e-01 -5.668265e+00 -2.513768e-01 9.678836e-01 3.313347e-03 -7.371757e-01 1.106291e-01 2.533120e-02 9.935389e-01 5.679887e+01
9.584483e-01 2.619040e-01 -1.130624e-01 -5.903574e+00 -2.633894e-01 9.646878e-01 1.861513e-03 -7.391134e-01 1.095575e-01 2.799528e-02 9.935861e-01 5.821681e+01
9.557687e-01 2.716804e-01 -1.126759e-01 -6.119621e+00 -2.731679e-01 9.619636e-01 2.318889e-03 -7.540406e-01 1.090201e-01 2.856312e-02 9.936291e-01 5.944296e+01
9.544030e-01 2.757380e-01 -1.143829e-01 -6.282907e+00 -2.771866e-01 9.608102e-01 3.358975e-03 -7.689921e-01 1.108265e-01 2.849959e-02 9.934311e-01 6.074496e+01
9.524469e-01 2.820932e-01 -1.151881e-01 -6.459068e+00 -2.834265e-01 9.589811e-01 4.978102e-03 -7.823695e-01 1.118675e-01 2.790598e-02 9.933312e-01 6.201050e+01
9.511919e-01 2.861900e-01 -1.154521e-01 -6.644776e+00 -2.874682e-01 9.577727e-01 5.782729e-03 -7.952384e-01 1.122318e-01 2.768832e-02 9.932962e-01 6.327941e+01
9.500507e-01 2.892525e-01 -1.172034e-01 -6.823228e+00 -2.905640e-01 9.568360e-01 6.114137e-03 -7.970793e-01 1.139130e-01 2.824635e-02 9.930891e-01 6.462662e+01
9.501497e-01 2.888683e-01 -1.173482e-01 -7.016674e+00 -2.900449e-01 9.569852e-01 7.299839e-03 -8.058321e-01 1.144092e-01 2.710031e-02 9.930640e-01 6.597361e+01
9.500494e-01 2.892548e-01 -1.172087e-01 -7.219678e+00 -2.902320e-01 9.569138e-01 9.019735e-03 -8.221828e-01 1.147677e-01 2.544853e-02 9.930663e-01 6.738886e+01
9.495990e-01 2.907993e-01 -1.170365e-01 -7.427700e+00 -2.917044e-01 9.564593e-01 9.702156e-03 -8.316190e-01 1.147620e-01 2.492691e-02 9.930802e-01 6.883450e+01
9.493081e-01 2.913564e-01 -1.180068e-01 -7.651277e+00 -2.924405e-01 9.562467e-01 8.410714e-03 -8.409959e-01 1.152941e-01 2.652560e-02 9.929772e-01 7.043984e+01
9.499880e-01 2.884490e-01 -1.196663e-01 -7.835571e+00 -2.896834e-01 9.570945e-01 7.330402e-03 -8.588989e-01 1.166464e-01 2.770155e-02 9.927871e-01 7.190755e+01
9.515377e-01 2.828876e-01 -1.206261e-01 -7.994077e+00 -2.842926e-01 9.587202e-01 5.760735e-03 -8.662960e-01 1.172763e-01 2.881156e-02 9.926813e-01 7.332584e+01
9.527882e-01 2.784872e-01 -1.209936e-01 -8.169421e+00 -2.798156e-01 9.600336e-01 6.216262e-03 -8.841802e-01 1.178890e-01 2.793310e-02 9.926338e-01 7.476069e+01
9.526945e-01 2.798776e-01 -1.184982e-01 -8.373381e+00 -2.810103e-01 9.596763e-01 7.383159e-03 -8.937380e-01 1.157863e-01 2.626533e-02 9.929268e-01 7.614464e+01
9.535933e-01 2.777660e-01 -1.162151e-01 -8.557913e+00 -2.786486e-01 9.603518e-01 8.911129e-03 -9.151167e-01 1.140826e-01 2.388558e-02 9.931841e-01 7.754498e+01
9.565683e-01 2.678595e-01 -1.150147e-01 -8.733756e+00 -2.685858e-01 9.632096e-01 9.426844e-03 -9.350800e-01 1.133083e-01 2.187389e-02 9.933191e-01 7.902196e+01
9.562833e-01 2.705866e-01 -1.109288e-01 -8.957562e+00 -2.713868e-01 9.624362e-01 8.110486e-03 -9.382180e-01 1.089565e-01 2.234870e-02 9.937953e-01 8.057525e+01
9.567639e-01 2.703361e-01 -1.073366e-01 -9.134146e+00 -2.712680e-01 9.624845e-01 6.101617e-03 -9.526835e-01 1.049593e-01 2.327917e-02 9.942040e-01 8.197198e+01
9.586871e-01 2.640049e-01 -1.059269e-01 -9.262211e+00 -2.651132e-01 9.642101e-01 3.734375e-03 -9.722917e-01 1.031217e-01 2.450252e-02 9.943669e-01 8.334387e+01
9.559189e-01 2.765630e-01 -9.865081e-02 -9.566008e+00 -2.780181e-01 9.605753e-01 -1.046716e-03 -9.636147e-01 9.447204e-02 2.842729e-02 9.951216e-01 8.495083e+01
9.561247e-01 2.771575e-01 -9.491687e-02 -9.751340e+00 -2.787014e-01 9.603726e-01 -3.147993e-03 -9.853502e-01 9.028308e-02 2.946334e-02 9.954802e-01 8.650158e+01
9.573769e-01 2.730027e-01 -9.433473e-02 -9.824945e+00 -2.747110e-01 9.615119e-01 -5.370173e-03 -1.012508e+00 8.923789e-02 3.105606e-02 9.955261e-01 8.794299e+01
9.568689e-01 2.757377e-01 -9.149078e-02 -1.000911e+01 -2.776645e-01 9.606379e-01 -8.793291e-03 -1.039332e+00 8.546486e-02 3.381777e-02 9.957671e-01 8.948493e+01
9.562691e-01 2.786348e-01 -8.894960e-02 -1.017252e+01 -2.806641e-01 9.597438e-01 -1.093273e-02 -1.066048e+00 8.232259e-02 3.541959e-02 9.959761e-01 9.088825e+01
9.551695e-01 2.830772e-01 -8.670985e-02 -1.033233e+01 -2.850565e-01 9.584464e-01 -1.110581e-02 -1.091118e+00 7.996293e-02 3.532514e-02 9.961717e-01 9.229552e+01
9.539483e-01 2.883060e-01 -8.283934e-02 -1.050529e+01 -2.900842e-01 9.569485e-01 -1.003559e-02 -1.116071e+00 7.637966e-02 3.360382e-02 9.965124e-01 9.373441e+01
9.535018e-01 2.907758e-01 -7.926963e-02 -1.065982e+01 -2.923743e-01 9.562606e-01 -9.108251e-03 -1.159404e+00 7.315396e-02 3.186114e-02 9.968116e-01 9.521364e+01
9.543561e-01 2.882765e-01 -7.810918e-02 -1.078628e+01 -2.898304e-01 9.570348e-01 -9.099523e-03 -1.197738e+00 7.213002e-02 3.132260e-02 9.969033e-01 9.685327e+01
9.533910e-01 2.923397e-01 -7.472014e-02 -1.097211e+01 -2.938790e-01 9.557875e-01 -1.026411e-02 -1.226257e+00 6.841597e-02 3.174439e-02 9.971517e-01 9.846260e+01
9.523257e-01 2.968706e-01 -7.031029e-02 -1.114434e+01 -2.983676e-01 9.543805e-01 -1.160018e-02 -1.251886e+00 6.365902e-02 3.202547e-02 9.974577e-01 9.998184e+01
9.514091e-01 3.004487e-01 -6.746353e-02 -1.129992e+01 -3.019469e-01 9.532363e-01 -1.299000e-02 -1.303421e+00 6.040585e-02 3.272921e-02 9.976372e-01 1.016343e+02
9.511238e-01 3.016015e-01 -6.633343e-02 -1.143158e+01 -3.031507e-01 9.528332e-01 -1.444105e-02 -1.357722e+00 5.884926e-02 3.384426e-02 9.976930e-01 1.033066e+02
9.491394e-01 3.083951e-01 -6.345761e-02 -1.158982e+01 -3.100569e-01 9.505473e-01 -1.801305e-02 -1.391503e+00 5.476432e-02 3.677237e-02 9.978220e-01 1.049663e+02
9.481437e-01 3.118813e-01 -6.126643e-02 -1.174309e+01 -3.136394e-01 9.493031e-01 -2.130575e-02 -1.439793e+00 5.151554e-02 3.941648e-02 9.978940e-01 1.067745e+02
9.468418e-01 3.163051e-01 -5.866680e-02 -1.186187e+01 -3.180569e-01 9.477884e-01 -2.317021e-02 -1.498108e+00 4.827486e-02 4.059791e-02 9.980087e-01 1.083068e+02
9.461374e-01 3.190319e-01 -5.516096e-02 -1.201833e+01 -3.207011e-01 9.468656e-01 -2.441989e-02 -1.558811e+00 4.443929e-02 4.079475e-02 9.981788e-01 1.100436e+02
9.453414e-01 3.219202e-01 -5.193280e-02 -1.212671e+01 -3.234762e-01 9.459115e-01 -2.478965e-02 -1.619384e+00 4.114354e-02 4.023371e-02 9.983429e-01 1.115501e+02
9.457048e-01 3.212084e-01 -4.967469e-02 -1.220536e+01 -3.226527e-01 9.462067e-01 -2.425165e-02 -1.695065e+00 3.921269e-02 3.896258e-02 9.984710e-01 1.131092e+02
9.451401e-01 3.233829e-01 -4.619101e-02 -1.233559e+01 -3.247127e-01 9.454882e-01 -2.477297e-02 -1.762464e+00 3.566190e-02 3.841274e-02 9.986254e-01 1.148588e+02
9.459986e-01 3.212370e-01 -4.351300e-02 -1.243834e+01 -3.225016e-01 9.462146e-01 -2.589713e-02 -1.833149e+00 3.285352e-02 3.853166e-02 9.987172e-01 1.165172e+02
9.478276e-01 3.160587e-01 -4.159128e-02 -1.253048e+01 -3.172593e-01 9.479759e-01 -2.623425e-02 -1.918650e+00 3.113597e-02 3.806077e-02 9.987902e-01 1.183239e+02
9.474858e-01 3.174675e-01 -3.853718e-02 -1.263108e+01 -3.185803e-01 9.475056e-01 -2.719706e-02 -1.984126e+00 2.788001e-02 3.804601e-02 9.988870e-01 1.199989e+02
9.479713e-01 3.164341e-01 -3.492568e-02 -1.274985e+01 -3.174360e-01 9.478603e-01 -2.820089e-02 -2.054781e+00 2.418095e-02 3.782030e-02 9.989919e-01 1.218081e+02
9.479483e-01 3.168505e-01 -3.161848e-02 -1.283445e+01 -3.177550e-01 9.477153e-01 -2.945205e-02 -2.120920e+00 2.063342e-02 3.796595e-02 9.990660e-01 1.236155e+02
9.482394e-01 3.163127e-01 -2.807610e-02 -1.292391e+01 -3.171153e-01 9.478720e-01 -3.124995e-02 -2.200414e+00 1.672779e-02 3.853579e-02 9.991172e-01 1.254537e+02
9.482476e-01 3.164824e-01 -2.579376e-02 -1.298112e+01 -3.172220e-01 9.477792e-01 -3.293609e-02 -2.287354e+00 1.402309e-02 3.941391e-02 9.991246e-01 1.271430e+02
9.479399e-01 3.176444e-01 -2.262791e-02 -1.304420e+01 -3.182801e-01 9.473576e-01 -3.480518e-02 -2.378086e+00 1.038105e-02 4.019523e-02 9.991379e-01 1.289327e+02
9.491333e-01 3.142109e-01 -2.043472e-02 -1.308967e+01 -3.147693e-01 9.484943e-01 -3.576142e-02 -2.491269e+00 8.145583e-03 4.037458e-02 9.991514e-01 1.308872e+02
9.489349e-01 3.150988e-01 -1.534010e-02 -1.315126e+01 -3.154599e-01 9.482018e-01 -3.739612e-02 -2.588840e+00 2.762035e-03 4.032566e-02 9.991828e-01 1.327536e+02
9.488901e-01 3.154500e-01 -9.943025e-03 -1.321173e+01 -3.155916e-01 9.480665e-01 -3.964602e-02 -2.670993e+00 -3.079688e-03 4.075765e-02 9.991643e-01 1.344810e+02
9.501819e-01 3.116286e-01 -6.483712e-03 -1.324356e+01 -3.116231e-01 9.493038e-01 -4.139152e-02 -2.769173e+00 -6.743771e-03 4.134995e-02 9.991220e-01 1.362029e+02
9.523178e-01 3.050834e-01 -3.873763e-03 -1.327190e+01 -3.049662e-01 9.514115e-01 -4.256392e-02 -2.871919e+00 -9.300002e-03 4.171574e-02 9.990862e-01 1.380126e+02
9.520665e-01 3.058904e-01 -6.902531e-04 -1.329237e+01 -3.056174e-01 9.511164e-01 -4.444699e-02 -2.980405e+00 -1.293940e-02 4.252744e-02 9.990115e-01 1.398054e+02
9.530300e-01 3.028755e-01 5.477867e-04 -1.328473e+01 -3.025196e-01 9.519945e-01 -4.678066e-02 -3.097593e+00 -1.469021e-02 4.441765e-02 9.989050e-01 1.416598e+02
9.526804e-01 3.039499e-01 3.806172e-03 -1.330696e+01 -3.034226e-01 9.516322e-01 -4.827875e-02 -3.208895e+00 -1.829640e-02 4.483935e-02 9.988266e-01 1.434332e+02
9.515967e-01 3.071838e-01 1.008757e-02 -1.334531e+01 -3.063412e-01 9.506204e-01 -4.975765e-02 -3.317729e+00 -2.487420e-02 4.425898e-02 9.987104e-01 1.452849e+02
9.529073e-01 3.029889e-01 1.285874e-02 -1.333738e+01 -3.020326e-01 9.520053e-01 -4.962019e-02 -3.420181e+00 -2.727596e-02 4.339969e-02 9.986854e-01 1.470611e+02
9.547498e-01 2.970357e-01 1.491872e-02 -1.329550e+01 -2.960272e-01 9.539459e-01 -4.853045e-02 -3.560946e+00 -2.864692e-02 4.191809e-02 9.987103e-01 1.488990e+02
9.547169e-01 2.969734e-01 1.795558e-02 -1.322163e+01 -2.957988e-01 9.539515e-01 -4.979566e-02 -3.694430e+00 -3.191674e-02 4.222952e-02 9.985980e-01 1.511050e+02
9.580299e-01 2.859775e-01 1.989055e-02 -1.316041e+01 -2.846677e-01 9.572342e-01 -5.164272e-02 -3.863868e+00 -3.380857e-02 4.381307e-02 9.984675e-01 1.531131e+02
9.571991e-01 2.883805e-01 2.463028e-02 -1.314517e+01 -2.867267e-01 9.564222e-01 -5.517485e-02 -3.988934e+00 -3.946830e-02 4.575115e-02 9.981729e-01 1.549644e+02
9.591653e-01 2.815401e-01 2.715003e-02 -1.308648e+01 -2.797026e-01 9.583965e-01 -5.694366e-02 -4.119187e+00 -4.205242e-02 4.702445e-02 9.980082e-01 1.566376e+02
9.595430e-01 2.798072e-01 3.138857e-02 -1.304100e+01 -2.776755e-01 9.588579e-01 -5.905789e-02 -4.255439e+00 -4.662200e-02 4.795275e-02 9.977610e-01 1.584616e+02
9.586375e-01 2.823054e-01 3.629989e-02 -1.300842e+01 -2.797767e-01 9.580482e-01 -6.219819e-02 -4.392785e+00 -5.233593e-02 4.946966e-02 9.974035e-01 1.603006e+02
9.588705e-01 2.810517e-01 3.971632e-02 -1.292592e+01 -2.781714e-01 9.582970e-01 -6.547917e-02 -4.544699e+00 -5.646306e-02 5.173810e-02 9.970632e-01 1.622428e+02
9.607269e-01 2.742638e-01 4.222728e-02 -1.283343e+01 -2.711685e-01 9.601981e-01 -6.698708e-02 -4.710635e+00 -5.891869e-02 5.290558e-02 9.968599e-01 1.640174e+02
9.615550e-01 2.708417e-01 4.535191e-02 -1.270443e+01 -2.675195e-01 9.611490e-01 -6.801426e-02 -4.910663e+00 -6.201104e-02 5.326693e-02 9.966530e-01 1.662135e+02
9.598444e-01 2.755022e-01 5.288956e-02 -1.268209e+01 -2.716295e-01 9.598356e-01 -7.023520e-02 -5.057886e+00 -7.011523e-02 5.304849e-02 9.961274e-01 1.681083e+02
9.612976e-01 2.698710e-01 5.546674e-02 -1.257742e+01 -2.657425e-01 9.613617e-01 -7.186468e-02 -5.207786e+00 -7.271780e-02 5.434348e-02 9.958709e-01 1.697052e+02
9.625132e-01 2.649369e-01 5.811102e-02 -1.247305e+01 -2.605643e-01 9.626790e-01 -7.318111e-02 -5.356778e+00 -7.533063e-02 5.529612e-02 9.956242e-01 1.713748e+02
9.643526e-01 2.576809e-01 6.020447e-02 -1.234119e+01 -2.532084e-01 9.646576e-01 -7.294612e-02 -5.526580e+00 -7.687352e-02 5.510150e-02 9.955171e-01 1.729991e+02
9.653315e-01 2.532503e-01 6.324118e-02 -1.221018e+01 -2.485811e-01 9.658346e-01 -7.328659e-02 -5.690536e+00 -7.964037e-02 5.502529e-02 9.953038e-01 1.747034e+02
9.650735e-01 2.531511e-01 6.743576e-02 -1.207308e+01 -2.481191e-01 9.658325e-01 -7.486258e-02 -5.852160e+00 -8.408320e-02 5.551580e-02 9.949111e-01 1.764658e+02
9.659324e-01 2.491301e-01 7.006336e-02 -1.193616e+01 -2.437843e-01 9.667883e-01 -7.674394e-02 -6.017515e+00 -8.685566e-02 5.704911e-02 9.945861e-01 1.782372e+02
9.666418e-01 2.455083e-01 7.300249e-02 -1.180111e+01 -2.398070e-01 9.676190e-01 -7.877899e-02 -6.178959e+00 -8.997949e-02 5.864455e-02 9.942155e-01 1.799012e+02
9.658246e-01 2.469938e-01 7.859370e-02 -1.169549e+01 -2.406989e-01 9.671660e-01 -8.157204e-02 -6.346577e+00 -9.616094e-02 5.986686e-02 9.935638e-01 1.816813e+02
9.659018e-01 2.452676e-01 8.293053e-02 -1.155637e+01 -2.385552e-01 9.675667e-01 -8.310307e-02 -6.522338e+00 -1.006233e-01 6.048589e-02 9.930843e-01 1.834532e+02
9.657883e-01 2.441172e-01 8.751963e-02 -1.142597e+01 -2.368892e-01 9.677827e-01 -8.532377e-02 -6.689385e+00 -1.055290e-01 6.167225e-02 9.925020e-01 1.852085e+02
9.670380e-01 2.380715e-01 9.032952e-02 -1.126678e+01 -2.305143e-01 9.692060e-01 -8.661905e-02 -6.873338e+00 -1.081694e-01 6.294167e-02 9.921380e-01 1.869108e+02
9.684913e-01 2.311166e-01 9.278827e-02 -1.106900e+01 -2.232674e-01 9.708049e-01 -8.769000e-02 -7.072809e+00 -1.103459e-01 6.421041e-02 9.918169e-01 1.887719e+02
9.705729e-01 2.216192e-01 9.419730e-02 -1.086277e+01 -2.137101e-01 9.729977e-01 -8.719761e-02 -7.269184e+00 -1.109784e-01 6.450072e-02 9.917275e-01 1.904785e+02
9.714847e-01 2.165120e-01 9.664378e-02 -1.065997e+01 -2.084063e-01 9.741289e-01 -8.740503e-02 -7.470464e+00 -1.130677e-01 6.477148e-02 9.914738e-01 1.923096e+02
9.722996e-01 2.114676e-01 9.957421e-02 -1.044835e+01 -2.031076e-01 9.752107e-01 -8.781432e-02 -7.708410e+00 -1.156757e-01 6.515755e-02 9.911476e-01 1.943584e+02
9.731582e-01 2.065314e-01 1.015280e-01 -1.020602e+01 -1.978848e-01 9.761751e-01 -8.901605e-02 -7.935166e+00 -1.174937e-01 6.653585e-02 9.908422e-01 1.963048e+02
9.743340e-01 2.000317e-01 1.032502e-01 -9.952232e+00 -1.911341e-01 9.774323e-01 -8.996577e-02 -8.170443e+00 -1.189161e-01 6.792208e-02 9.905784e-01 1.983242e+02
9.736411e-01 2.010146e-01 1.077783e-01 -9.737749e+00 -1.916064e-01 9.771875e-01 -9.160591e-02 -8.397570e+00 -1.237337e-01 6.854026e-02 9.899456e-01 2.005435e+02
9.722142e-01 2.043578e-01 1.141818e-01 -9.569120e+00 -1.941471e-01 9.764142e-01 -9.445730e-02 -8.593411e+00 -1.307918e-01 6.966466e-02 9.889592e-01 2.026935e+02
9.702629e-01 2.098250e-01 1.206790e-01 -9.372928e+00 -1.990643e-01 9.753378e-01 -9.533958e-02 -8.824266e+00 -1.377074e-01 6.848157e-02 9.881027e-01 2.046710e+02
9.692883e-01 2.110250e-01 1.262883e-01 -9.151981e+00 -1.996139e-01 9.750421e-01 -9.719683e-02 -9.031522e+00 -1.436473e-01 6.900286e-02 9.872204e-01 2.067555e+02
9.700654e-01 2.048041e-01 1.304929e-01 -8.902585e+00 -1.929275e-01 9.762994e-01 -9.807340e-02 -9.275923e+00 -1.474860e-01 6.996195e-02 9.865866e-01 2.087947e+02
9.710798e-01 1.983839e-01 1.328452e-01 -8.603996e+00 -1.857837e-01 9.773391e-01 -1.014532e-01 -9.550172e+00 -1.499614e-01 7.383864e-02 9.859307e-01 2.109541e+02
9.715550e-01 1.941161e-01 1.356463e-01 -8.314756e+00 -1.806701e-01 9.778839e-01 -1.053629e-01 -9.813306e+00 -1.530990e-01 7.785860e-02 9.851389e-01 2.130376e+02
9.715642e-01 1.916370e-01 1.390621e-01 -8.029364e+00 -1.775105e-01 9.781935e-01 -1.078310e-01 -1.007079e+01 -1.566941e-01 8.007971e-02 9.843954e-01 2.150815e+02
9.713410e-01 1.898909e-01 1.429621e-01 -7.714011e+00 -1.750686e-01 9.783848e-01 -1.100643e-01 -1.035942e+01 -1.607721e-01 8.188176e-02 9.835892e-01 2.172574e+02
9.715530e-01 1.866423e-01 1.457715e-01 -7.412600e+00 -1.713033e-01 9.788761e-01 -1.116096e-01 -1.062496e+01 -1.635233e-01 8.346346e-02 9.830025e-01 2.192890e+02
9.706303e-01 1.880356e-01 1.500647e-01 -7.106540e+00 -1.718511e-01 9.784486e-01 -1.144793e-01 -1.089420e+01 -1.683568e-01 8.532828e-02 9.820260e-01 2.214059e+02
9.707727e-01 1.846882e-01 1.532666e-01 -6.733760e+00 -1.681531e-01 9.790626e-01 -1.147210e-01 -1.121141e+01 -1.712452e-01 8.559582e-02 9.815032e-01 2.237659e+02
9.718039e-01 1.779515e-01 1.546944e-01 -6.292674e+00 -1.612506e-01 9.802354e-01 -1.146155e-01 -1.155420e+01 -1.720329e-01 8.643925e-02 9.812915e-01 2.262031e+02
9.720466e-01 1.727360e-01 1.590213e-01 -5.958810e+00 -1.555518e-01 9.811226e-01 -1.149001e-01 -1.183395e+01 -1.758668e-01 8.695222e-02 9.805663e-01 2.283285e+02
9.728684e-01 1.661579e-01 1.609924e-01 -5.590816e+00 -1.488425e-01 9.822328e-01 -1.143008e-01 -1.211246e+01 -1.771240e-01 8.723715e-02 9.803146e-01 2.303085e+02
9.742926e-01 1.556207e-01 1.628993e-01 -5.194093e+00 -1.379961e-01 9.837935e-01 -1.144880e-01 -1.243342e+01 -1.780760e-01 8.906531e-02 9.799777e-01 2.325762e+02
9.749835e-01 1.495382e-01 1.644551e-01 -4.788177e+00 -1.314921e-01 9.845444e-01 -1.156812e-01 -1.275067e+01 -1.792121e-01 9.116267e-02 9.795777e-01 2.348285e+02
9.745027e-01 1.470402e-01 1.694805e-01 -4.426131e+00 -1.282147e-01 9.847995e-01 -1.171793e-01 -1.306287e+01 -1.841343e-01 9.246167e-02 9.785425e-01 2.370599e+02
9.753237e-01 1.376730e-01 1.725972e-01 -3.283072e+00 -1.184690e-01 9.860333e-01 -1.170616e-01 -1.394016e+01 -1.863028e-01 9.372553e-02 9.780116e-01 2.431109e+02
9.754725e-01 1.320209e-01 1.761361e-01 -2.939216e+00 -1.126554e-01 9.868646e-01 -1.157883e-01 -1.420371e+01 -1.891089e-01 9.310563e-02 9.775322e-01 2.449651e+02
9.746189e-01 1.317107e-01 1.810256e-01 -2.628506e+00 -1.117917e-01 9.869159e-01 -1.161881e-01 -1.444602e+01 -1.939602e-01 9.300200e-02 9.765910e-01 2.467493e+02
9.736434e-01 1.314621e-01 1.863767e-01 -2.276561e+00 -1.109888e-01 9.869857e-01 -1.163650e-01 -1.471413e+01 -1.992487e-01 9.261226e-02 9.755629e-01 2.487175e+02
9.735933e-01 1.267305e-01 1.898830e-01 -1.902059e+00 -1.059733e-01 9.876054e-01 -1.157811e-01 -1.498293e+01 -2.022025e-01 9.260116e-02 9.749560e-01 2.506529e+02
9.725278e-01 1.272045e-01 1.949583e-01 -1.512047e+00 -1.057855e-01 9.875254e-01 -1.166318e-01 -1.526071e+01 -2.073624e-01 9.280395e-02 9.738523e-01 2.527060e+02
9.725978e-01 1.225213e-01 1.975905e-01 -1.084760e+00 -1.006956e-01 9.880148e-01 -1.169923e-01 -1.555265e+01 -2.095564e-01 9.388993e-02 9.732784e-01 2.547470e+02
9.719737e-01 1.217137e-01 2.011289e-01 -6.481499e-01 -9.937306e-02 9.880646e-01 -1.177004e-01 -1.585577e+01 -2.130541e-01 9.441490e-02 9.724679e-01 2.568577e+02
9.716443e-01 1.207408e-01 2.032954e-01 -2.522000e-01 -9.746168e-02 9.878689e-01 -1.208979e-01 -1.610121e+01 -2.154265e-01 9.765624e-02 9.716248e-01 2.587224e+02
9.710110e-01 1.194135e-01 2.070701e-01 1.457888e-01 -9.546274e-02 9.879207e-01 -1.220635e-01 -1.637312e+01 -2.191449e-01 9.875754e-02 9.706814e-01 2.606084e+02
9.700889e-01 1.185748e-01 2.118196e-01 5.361163e-01 -9.425300e-02 9.881092e-01 -1.214764e-01 -1.665820e+01 -2.237050e-01 9.787830e-02 9.697298e-01 2.625238e+02
9.693575e-01 1.178558e-01 2.155365e-01 9.539268e-01 -9.332441e-02 9.882946e-01 -1.206828e-01 -1.692875e+01 -2.272368e-01 9.687000e-02 9.690096e-01 2.644250e+02
9.680509e-01 1.184935e-01 2.209902e-01 1.369476e+00 -9.352858e-02 9.883301e-01 -1.202329e-01 -1.720359e+01 -2.326581e-01 9.572270e-02 9.678365e-01 2.663982e+02
9.679740e-01 1.130092e-01 2.241770e-01 1.844720e+00 -8.755279e-02 9.888518e-01 -1.204431e-01 -1.746812e+01 -2.352890e-01 9.695848e-02 9.670771e-01 2.681996e+02
9.670219e-01 1.113640e-01 2.290562e-01 2.374568e+00 -8.538125e-02 9.890468e-01 -1.204012e-01 -1.779752e+01 -2.399557e-01 9.687346e-02 9.659383e-01 2.704488e+02
9.647658e-01 1.156555e-01 2.363275e-01 2.846894e+00 -8.818038e-02 9.883909e-01 -1.237243e-01 -1.809635e+01 -2.478933e-01 9.852549e-02 9.637643e-01 2.726175e+02
9.654702e-01 1.074755e-01 2.373105e-01 3.446557e+00 -7.848559e-02 9.886091e-01 -1.284214e-01 -1.841626e+01 -2.484095e-01 1.053616e-01 9.629079e-01 2.747085e+02
9.635757e-01 1.100390e-01 2.437484e-01 3.944925e+00 -7.937879e-02 9.880334e-01 -1.322460e-01 -1.873139e+01 -2.553838e-01 1.080806e-01 9.607797e-01 2.768030e+02
9.620089e-01 1.106484e-01 2.495914e-01 4.397428e+00 -7.847950e-02 9.876820e-01 -1.353709e-01 -1.901324e+01 -2.614955e-01 1.106402e-01 9.588425e-01 2.786654e+02
9.613206e-01 1.049973e-01 2.546338e-01 4.887635e+00 -7.149120e-02 9.879232e-01 -1.374651e-01 -1.930311e+01 -2.659921e-01 1.139440e-01 9.572173e-01 2.804373e+02
9.604718e-01 1.013805e-01 2.592605e-01 5.400640e+00 -6.664644e-02 9.879856e-01 -1.394370e-01 -1.961149e+01 -2.702818e-01 1.166465e-01 9.556889e-01 2.823340e+02
9.592075e-01 9.924320e-02 2.647106e-01 5.885281e+00 -6.382234e-02 9.882024e-01 -1.392218e-01 -1.990313e+01 -2.754045e-01 1.166482e-01 9.542251e-01 2.841078e+02
9.578373e-01 9.630274e-02 2.706907e-01 6.392284e+00 -6.079785e-02 9.887543e-01 -1.366330e-01 -2.020032e+01 -2.808047e-01 1.144148e-01 9.529207e-01 2.859313e+02
9.563113e-01 9.477094e-02 2.765632e-01 6.892422e+00 -5.908127e-02 9.891296e-01 -1.346552e-01 -2.047715e+01 -2.863182e-01 1.124325e-01 9.515150e-01 2.876914e+02
9.554093e-01 9.170275e-02 2.806843e-01 7.437440e+00 -5.538456e-02 9.893365e-01 -1.347063e-01 -2.077639e+01 -2.900442e-01 1.131541e-01 9.503002e-01 2.895481e+02
9.542651e-01 9.085457e-02 2.848221e-01 7.998141e+00 -5.367679e-02 9.892904e-01 -1.357327e-01 -2.108696e+01 -2.941037e-01 1.142366e-01 9.489220e-01 2.914323e+02
9.530090e-01 9.159363e-02 2.887637e-01 8.601057e+00 -5.388440e-02 9.892496e-01 -1.359473e-01 -2.141095e+01 -2.981113e-01 1.139991e-01 9.476992e-01 2.934489e+02
9.522802e-01 8.865218e-02 2.920671e-01 9.306298e+00 -5.054623e-02 9.894822e-01 -1.355359e-01 -2.178676e+01 -3.010108e-01 1.143053e-01 9.467454e-01 2.957447e+02
9.519390e-01 8.391068e-02 2.945693e-01 9.921139e+00 -4.542901e-02 9.897846e-01 -1.351392e-01 -2.210847e+01 -3.028998e-01 1.152622e-01 9.460266e-01 2.977042e+02
9.514863e-01 8.130010e-02 2.967559e-01 1.054055e+01 -4.224111e-02 9.898432e-01 -1.357429e-01 -2.243341e+01 -3.047778e-01 1.166222e-01 9.452565e-01 2.997794e+02
9.521140e-01 7.421699e-02 2.965985e-01 1.116100e+01 -3.509273e-02 9.902069e-01 -1.351251e-01 -2.274914e+01 -3.037225e-01 1.182460e-01 9.453944e-01 3.016503e+02
9.512463e-01 7.481632e-02 2.992205e-01 1.175562e+01 -3.499010e-02 9.900478e-01 -1.363126e-01 -2.306505e+01 -3.064410e-01 1.191971e-01 9.443971e-01 3.035699e+02
9.491905e-01 7.895470e-02 3.046367e-01 1.233718e+01 -3.798635e-02 9.896834e-01 -1.381444e-01 -2.336305e+01 -3.124011e-01 1.195533e-01 9.423973e-01 3.054835e+02
9.485240e-01 7.485498e-02 3.077320e-01 1.297320e+01 -3.327402e-02 9.898430e-01 -1.382160e-01 -2.368439e+01 -3.149525e-01 1.208617e-01 9.413806e-01 3.073585e+02
9.470121e-01 7.478766e-02 3.123697e-01 1.362665e+01 -3.250515e-02 9.898371e-01 -1.384412e-01 -2.400902e+01 -3.195488e-01 1.209519e-01 9.398187e-01 3.093526e+02
9.449091e-01 7.514231e-02 3.185914e-01 1.434498e+01 -3.237616e-02 9.899767e-01 -1.374695e-01 -2.437905e+01 -3.257278e-01 1.195815e-01 9.378708e-01 3.115772e+02
9.440393e-01 7.060372e-02 3.221877e-01 1.531415e+01 -2.721191e-02 9.901627e-01 -1.372493e-01 -2.485698e+01 -3.287086e-01 1.208014e-01 9.366737e-01 3.143150e+02
9.418146e-01 7.361699e-02 3.279721e-01 1.597887e+01 -2.932983e-02 9.899990e-01 -1.379918e-01 -2.520043e+01 -3.348506e-01 1.203434e-01 9.345547e-01 3.163511e+02
9.394515e-01 7.796729e-02 3.336943e-01 1.672181e+01 -3.221383e-02 9.895541e-01 -1.405164e-01 -2.555704e+01 -3.411643e-01 1.212588e-01 9.321498e-01 3.185472e+02
9.384140e-01 7.655196e-02 3.369257e-01 1.748563e+01 -2.962446e-02 9.893825e-01 -1.422841e-01 -2.591019e+01 -3.442405e-01 1.235401e-01 9.307182e-01 3.205839e+02
9.372835e-01 7.222201e-02 3.410039e-01 1.823507e+01 -2.442100e-02 9.895014e-01 -1.424452e-01 -2.626512e+01 -3.477115e-01 1.251839e-01 9.292070e-01 3.225957e+02
9.354273e-01 7.351599e-02 3.457905e-01 1.894543e+01 -2.480548e-02 9.893770e-01 -1.432408e-01 -2.660075e+01 -3.526477e-01 1.254138e-01 9.273139e-01 3.245473e+02
9.342524e-01 7.041809e-02 3.495908e-01 1.970921e+01 -2.085791e-02 9.894220e-01 -1.435583e-01 -2.695118e+01 -3.560019e-01 1.268279e-01 9.258387e-01 3.265313e+02
9.332901e-01 6.532058e-02 3.531329e-01 2.055143e+01 -1.503362e-02 9.895634e-01 -1.433118e-01 -2.732408e+01 -3.588086e-01 1.284426e-01 9.245317e-01 3.286574e+02
9.316189e-01 6.384652e-02 3.577847e-01 2.126521e+01 -1.249950e-02 9.894947e-01 -1.440280e-01 -2.765227e+01 -3.632217e-01 1.297071e-01 9.226300e-01 3.305327e+02
9.301372e-01 6.076545e-02 3.621496e-01 2.203580e+01 -8.059896e-03 9.893542e-01 -1.453039e-01 -2.800602e+01 -3.671237e-01 1.322337e-01 9.207249e-01 3.325033e+02
9.284909e-01 5.845213e-02 3.667260e-01 2.274559e+01 -4.378237e-03 9.891890e-01 -1.465810e-01 -2.832086e+01 -3.713293e-01 1.344935e-01 9.187089e-01 3.342979e+02
9.270178e-01 5.502557e-02 3.709584e-01 2.350026e+01 1.307825e-04 9.891294e-01 -1.470479e-01 -2.865898e+01 -3.750172e-01 1.363645e-01 9.169334e-01 3.361736e+02
9.258107e-01 5.051532e-02 3.745968e-01 2.440839e+01 5.127965e-03 9.892598e-01 -1.460779e-01 -2.904899e+01 -3.779527e-01 1.371614e-01 9.156083e-01 3.383318e+02
9.245605e-01 4.528661e-02 3.783345e-01 2.530496e+01 1.059931e-02 9.894711e-01 -1.443418e-01 -2.943593e+01 -3.808878e-01 1.374628e-01 9.143459e-01 3.404772e+02
9.224331e-01 4.541348e-02 3.834771e-01 2.616908e+01 1.128261e-02 9.894671e-01 -1.443179e-01 -2.981095e+01 -3.859920e-01 1.374502e-01 9.122048e-01 3.425793e+02
9.202750e-01 4.441659e-02 3.887428e-01 2.707544e+01 1.356131e-02 9.893181e-01 -1.451404e-01 -3.019746e+01 -3.910370e-01 1.388409e-01 9.098424e-01 3.447573e+02
9.181258e-01 4.410166e-02 3.938274e-01 2.786889e+01 1.497829e-02 9.892164e-01 -1.456934e-01 -3.053154e+01 -3.960059e-01 1.396637e-01 9.075645e-01 3.466404e+02
9.161379e-01 4.392362e-02 3.984495e-01 2.862582e+01 1.656644e-02 9.889811e-01 -1.471122e-01 -3.083657e+01 -4.005207e-01 1.413760e-01 9.053154e-01 3.483858e+02
9.140846e-01 4.536012e-02 4.029788e-01 2.949350e+01 1.607161e-02 9.888916e-01 -1.477672e-01 -3.120239e+01 -4.052050e-01 1.415483e-01 9.032015e-01 3.504089e+02
9.123073e-01 4.733718e-02 4.067611e-01 3.410806e+01 1.460477e-02 9.889033e-01 -1.478409e-01 -3.312773e+01 -4.092458e-01 1.408170e-01 9.014924e-01 3.610115e+02
9.108317e-01 4.708619e-02 4.100835e-01 3.493563e+01 1.563709e-02 9.888234e-01 -1.482690e-01 -3.346657e+01 -4.124816e-01 1.414607e-01 8.999154e-01 3.628729e+02
9.089246e-01 4.794767e-02 4.141944e-01 3.810840e+01 1.475201e-02 9.890464e-01 -1.468657e-01 -3.475255e+01 -4.166994e-01 1.396000e-01 8.982614e-01 3.699528e+02
9.081030e-01 4.362813e-02 4.164679e-01 3.920940e+01 1.894318e-02 9.892594e-01 -1.449377e-01 -3.517979e+01 -4.183181e-01 1.395076e-01 8.975230e-01 3.722695e+02
9.062978e-01 4.460426e-02 4.202795e-01 4.338982e+01 1.885672e-02 9.891576e-01 -1.456422e-01 -3.686098e+01 -4.222189e-01 1.399203e-01 8.956302e-01 3.814507e+02
9.054098e-01 4.431146e-02 4.222199e-01 4.762250e+01 2.021646e-02 9.889095e-01 -1.471371e-01 -3.849912e+01 -4.240572e-01 1.417551e-01 8.944725e-01 3.902382e+02
9.048604e-01 3.837668e-02 4.239751e-01 4.848895e+01 2.762723e-02 9.885352e-01 -1.484415e-01 -3.882439e+01 -4.248110e-01 1.460321e-01 8.934261e-01 3.920024e+02
9.037869e-01 3.525817e-02 4.265279e-01 4.933434e+01 3.152707e-02 9.884084e-01 -1.485090e-01 -3.915439e+01 -4.268199e-01 1.476677e-01 8.921990e-01 3.937544e+02
9.017772e-01 3.898773e-02 4.304392e-01 5.015335e+01 2.821149e-02 9.884892e-01 -1.486375e-01 -3.947557e+01 -4.312796e-01 1.461813e-01 8.902971e-01 3.954813e+02
9.003569e-01 3.838395e-02 4.334561e-01 5.100557e+01 3.052517e-02 9.880772e-01 -1.509031e-01 -3.979629e+01 -4.340803e-01 1.490979e-01 8.884504e-01 3.972272e+02
8.984316e-01 3.926394e-02 4.373545e-01 5.199282e+01 3.152758e-02 9.876560e-01 -1.534331e-01 -4.018525e+01 -4.379801e-01 1.516379e-01 8.861035e-01 3.992831e+02
8.979050e-01 3.332736e-02 4.389259e-01 5.682103e+01 3.915575e-02 9.871299e-01 -1.550526e-01 -4.197739e+01 -4.384444e-01 1.564089e-01 8.850439e-01 4.085246e+02
8.973650e-01 2.839417e-02 4.403746e-01 6.188239e+01 4.489078e-02 9.868773e-01 -1.551065e-01 -4.384317e+01 -4.389998e-01 1.589559e-01 8.843145e-01 4.181607e+02
8.964379e-01 2.268044e-02 4.425887e-01 6.276808e+01 5.155012e-02 9.865735e-01 -1.549687e-01 -4.418166e+01 -4.401610e-01 1.617353e-01 8.832327e-01 4.198907e+02
8.957683e-01 1.638211e-02 4.442192e-01 6.367693e+01 5.839304e-02 9.863246e-01 -1.541237e-01 -4.452029e+01 -4.406692e-01 1.639985e-01 8.825617e-01 4.215870e+02
8.949387e-01 1.273134e-02 4.460075e-01 6.465456e+01 6.315699e-02 9.859139e-01 -1.548710e-01 -4.488003e+01 -4.416967e-01 1.667686e-01 8.815284e-01 4.234590e+02
8.923235e-01 1.605408e-02 4.511109e-01 6.795524e+01 6.107326e-02 9.858842e-01 -1.558920e-01 -4.621809e+01 -4.472458e-01 1.666569e-01 8.787472e-01 4.302146e+02
8.895611e-01 1.790297e-02 4.564653e-01 6.901098e+01 6.132186e-02 9.855080e-01 -1.581567e-01 -4.662484e+01 -4.526817e-01 1.686814e-01 8.755717e-01 4.323482e+02
8.873603e-01 2.074660e-02 4.606098e-01 7.003108e+01 5.924926e-02 9.855740e-01 -1.585350e-01 -4.701958e+01 -4.572541e-01 1.679684e-01 8.733300e-01 4.343284e+02
8.850398e-01 2.087685e-02 4.650470e-01 7.466749e+01 6.016912e-02 9.854838e-01 -1.587493e-01 -4.873004e+01 -4.616104e-01 1.684809e-01 8.709363e-01 4.432512e+02
8.832039e-01 1.794749e-02 4.686457e-01 7.559414e+01 6.396343e-02 9.853205e-01 -1.582790e-01 -4.906524e+01 -4.646070e-01 1.697688e-01 8.690909e-01 4.449862e+02
8.823037e-01 1.116046e-02 4.705481e-01 7.660239e+01 7.096122e-02 9.851379e-01 -1.564217e-01 -4.941668e+01 -4.653006e-01 1.714021e-01 8.683989e-01 4.467574e+02
8.795066e-01 8.015098e-03 4.758192e-01 7.764145e+01 7.460826e-02 9.851715e-01 -1.545013e-01 -4.980395e+01 -4.700019e-01 1.713850e-01 8.658669e-01 4.486980e+02
8.765982e-01 6.068980e-03 4.811848e-01 7.863871e+01 7.809501e-02 9.848714e-01 -1.546913e-01 -5.016000e+01 -4.748440e-01 1.731803e-01 8.628626e-01 4.505227e+02
8.727769e-01 7.541671e-03 4.880611e-01 7.958407e+01 7.870970e-02 9.846212e-01 -1.559676e-01 -5.050850e+01 -4.817315e-01 1.745400e-01 8.587610e-01 4.522672e+02
8.691161e-01 1.297283e-02 4.944380e-01 8.052610e+01 7.487468e-02 9.846845e-01 -1.574493e-01 -5.085693e+01 -4.889080e-01 1.738626e-01 8.548338e-01 4.539719e+02
8.671744e-01 1.335849e-02 4.978254e-01 8.158816e+01 7.678514e-02 9.840998e-01 -1.601610e-01 -5.121588e+01 -4.920494e-01 1.771131e-01 8.523605e-01 4.557309e+02
8.643572e-01 1.350517e-02 5.026970e-01 8.257270e+01 7.942077e-02 9.834277e-01 -1.629794e-01 -5.154570e+01 -4.965673e-01 1.807970e-01 8.489602e-01 4.573964e+02
8.625300e-01 1.080738e-02 5.058906e-01 8.380080e+01 8.303774e-02 9.831948e-01 -1.625812e-01 -5.196671e+01 -4.991461e-01 1.822392e-01 8.471376e-01 4.593809e+02
8.607699e-01 5.969440e-03 5.089594e-01 8.910163e+01 8.894927e-02 9.827801e-01 -1.619609e-01 -5.367795e+01 -5.011619e-01 1.846826e-01 8.454165e-01 4.678571e+02
8.584064e-01 1.642987e-03 5.129677e-01 9.014718e+01 9.316540e-02 9.828645e-01 -1.590521e-01 -5.404295e+01 -5.044390e-01 1.843222e-01 8.435441e-01 4.695881e+02
8.558499e-01 -2.484941e-03 5.172184e-01 9.126001e+01 9.733435e-02 9.828959e-01 -1.563385e-01 -5.441149e+01 -5.079833e-01 1.841454e-01 8.414532e-01 4.713801e+02
8.531011e-01 -7.252203e-03 5.216952e-01 9.243189e+01 1.027284e-01 9.826649e-01 -1.543263e-01 -5.480983e+01 -5.115324e-01 1.852488e-01 8.390575e-01 4.733134e+02
8.494678e-01 -6.921783e-03 5.275950e-01 9.581623e+01 1.041302e-01 9.824478e-01 -1.547683e-01 -5.593415e+01 -5.172633e-01 1.864093e-01 8.352785e-01 4.788706e+02
8.465970e-01 -1.023080e-02 5.321362e-01 9.733609e+01 1.103900e-01 9.814489e-01 -1.567547e-01 -5.642862e+01 -5.206608e-01 1.914505e-01 8.320211e-01 4.812634e+02
8.449156e-01 -1.268404e-02 5.347492e-01 9.851963e+01 1.158854e-01 9.803157e-01 -1.598488e-01 -5.680255e+01 -5.221955e-01 1.970283e-01 8.297540e-01 4.830294e+02
8.430335e-01 -1.330554e-02 5.376965e-01 9.986059e+01 1.187671e-01 9.796226e-01 -1.619691e-01 -5.725407e+01 -5.245846e-01 2.004061e-01 8.274349e-01 4.851193e+02
8.421645e-01 -1.790494e-02 5.389234e-01 1.014397e+02 1.250878e-01 9.786716e-01 -1.629572e-01 -5.775849e+01 -5.245112e-01 2.046495e-01 8.264421e-01 4.874721e+02
8.412699e-01 -2.038845e-02 5.402307e-01 1.027564e+02 1.285448e-01 9.781732e-01 -1.632588e-01 -5.818366e+01 -5.251106e-01 2.067886e-01 8.255285e-01 4.894679e+02
8.392849e-01 -1.927957e-02 5.433500e-01 1.038873e+02 1.277722e-01 9.783762e-01 -1.626477e-01 -5.855428e+01 -5.284649e-01 2.059328e-01 8.235997e-01 4.912009e+02
8.378763e-01 -2.167463e-02 5.454297e-01 1.060444e+02 1.304126e-01 9.782240e-01 -1.614634e-01 -5.924263e+01 -5.300527e-01 2.064173e-01 8.224573e-01 4.943994e+02
8.351543e-01 -2.223843e-02 5.495660e-01 1.073167e+02 1.320113e-01 9.780803e-01 -1.610340e-01 -5.964712e+01 -5.339385e-01 2.070372e-01 8.197837e-01 4.963139e+02
8.320566e-01 -1.951355e-02 5.543473e-01 1.088224e+02 1.304636e-01 9.782298e-01 -1.613868e-01 -6.013405e+01 -5.391299e-01 2.066051e-01 8.164884e-01 4.985677e+02
8.284371e-01 -1.915762e-02 5.597543e-01 1.100676e+02 1.328148e-01 9.776280e-01 -1.631066e-01 -6.054268e+01 -5.441068e-01 2.094672e-01 8.124477e-01 5.004373e+02
8.276675e-01 -2.552349e-02 5.606380e-01 1.111720e+02 1.419716e-01 9.759951e-01 -1.651591e-01 -6.087246e+01 -5.429646e-01 2.162915e-01 8.114231e-01 5.019368e+02
8.258328e-01 -2.894698e-02 5.631716e-01 1.124786e+02 1.483566e-01 9.746538e-01 -1.674525e-01 -6.128389e+01 -5.440501e-01 2.218380e-01 8.091955e-01 5.037717e+02
8.241578e-01 -3.139367e-02 5.654895e-01 1.136118e+02 1.530350e-01 9.736658e-01 -1.689829e-01 -6.164069e+01 -5.452928e-01 2.258083e-01 8.072585e-01 5.053378e+02
8.212014e-01 -2.824593e-02 5.699390e-01 1.146982e+02 1.494876e-01 9.745427e-01 -1.670926e-01 -6.201668e+01 -5.507102e-01 2.224155e-01 8.045183e-01 5.068884e+02
