1.000000e+00 0.000000e+00 0.000000e+00 0.000000e+00 0.000000e+00 1.000000e+00 0.000000e+00 0.000000e+00 0.000000e+00 0.000000e+00 1.000000e+00 0.000000e+00
9.999888e-01 1.135139e-03 -4.596327e-03 -5.595762e-02 -1.256811e-03 9.996465e-01 -2.655576e-02 -1.069682e-02 4.564558e-03 2.656124e-02 9.996368e-01 1.836398e+00
9.999682e-01 -8.691140e-04 -7.927347e-03 -8.594704e-02 5.784485e-04 9.993300e-01 -3.659505e-02 -3.504111e-02 7.953841e-03 3.658930e-02 9.992987e-01 3.747885e+00
9.999399e-01 -1.063802e-04 -1.096014e-02 -1.017691e-01 -1.785396e-04 9.996621e-01 -2.599174e-02 -6.506969e-02 1.095920e-02 2.599214e-02 9.996021e-01 4.562623e+00
9.998786e-01 5.599444e-04 -1.557311e-02 -1.030626e-01 -7.684787e-04 9.999101e-01 -1.338790e-02 -1.157876e-01 1.556421e-02 1.339824e-02 9.997891e-01 5.748850e+00
9.998072e-01 -7.538916e-06 -1.963417e-02 -1.093342e-01 -1.688214e-04 9.999597e-01 -8.980641e-03 -1.501554e-01 1.963345e-02 8.982224e-03 9.997669e-01 6.702194e+00
9.997782e-01 -1.599554e-03 -2.100149e-02 -1.294740e-01 1.351807e-03 9.999294e-01 -1.180552e-02 -1.852124e-01 2.101889e-02 1.177452e-02 9.997097e-01 8.048783e+00
9.997841e-01 -1.374458e-03 -2.073496e-02 -1.670184e-01 1.058860e-03 9.998835e-01 -1.522388e-02 -2.149172e-01 2.075347e-02 1.519864e-02 9.996691e-01 9.514597e+00
9.998286e-01 2.040966e-04 -1.851241e-02 -2.386769e-01 -5.115909e-04 9.998620e-01 -1.660696e-02 -2.431576e-01 1.850646e-02 1.661358e-02 9.996907e-01 1.099545e+01
9.998206e-01 -6.467105e-04 -1.893207e-02 -2.517947e-01 3.386405e-04 9.998676e-01 -1.627108e-02 -2.636394e-01 1.894008e-02 1.626175e-02 9.996884e-01 1.192521e+01
9.998233e-01 -1.162623e-03 -1.876384e-02 -2.770343e-01 8.606269e-04 9.998701e-01 -1.609466e-02 -2.848823e-01 1.878011e-02 1.607566e-02 9.996944e-01 1.290752e+01
9.998086e-01 -1.616778e-03 -1.949747e-02 -2.919450e-01 1.295789e-03 9.998636e-01 -1.646450e-02 -3.180666e-01 1.952143e-02 1.643608e-02 9.996743e-01 1.396992e+01
9.997879e-01 -2.420660e-03 -2.045318e-02 -3.061015e-01 2.073636e-03 9.998538e-01 -1.697097e-02 -3.499350e-01 2.049127e-02 1.692496e-02 9.996468e-01 1.491419e+01
9.997731e-01 -2.634636e-03 -2.113807e-02 -3.286407e-01 2.270120e-03 9.998486e-01 -1.725000e-02 -3.775191e-01 2.118032e-02 1.719810e-02 9.996277e-01 1.583831e+01
9.997735e-01 -1.692425e-03 -2.121703e-02 -3.582667e-01 1.331883e-03 9.998547e-01 -1.699567e-02 -4.007298e-01 2.124271e-02 1.696356e-02 9.996304e-01 1.683121e+01
9.997670e-01 -1.789863e-03 -2.150951e-02 -3.810609e-01 1.444772e-03 9.998702e-01 -1.604847e-02 -4.262922e-01 2.153544e-02 1.601366e-02 9.996398e-01 1.777659e+01
9.997804e-01 -2.371242e-03 -2.082287e-02 -4.231870e-01 2.028815e-03 9.998626e-01 -1.645051e-02 -4.617225e-01 2.085901e-02 1.640465e-02 9.996478e-01 1.915752e+01
9.997976e-01 -2.532260e-03 -1.995774e-02 -4.760728e-01 2.183091e-03 9.998445e-01 -1.749783e-02 -5.079783e-01 1.999895e-02 1.745071e-02 9.996477e-01 2.085099e+01
9.998137e-01 -2.160470e-03 -1.918313e-02 -5.054589e-01 1.801772e-03 9.998236e-01 -1.869629e-02 -5.347749e-01 1.922014e-02 1.865825e-02 9.996412e-01 2.181465e+01
9.998193e-01 -1.721678e-03 -1.892952e-02 -5.304698e-01 1.352412e-03 9.998089e-01 -1.950297e-02 -5.586197e-01 1.895948e-02 1.947385e-02 9.996306e-01 2.272964e+01
9.998036e-01 -1.828415e-03 -1.973424e-02 -5.471888e-01 1.450936e-03 9.998160e-01 -1.912551e-02 -5.911468e-01 1.976558e-02 1.909312e-02 9.996223e-01 2.367454e+01
9.998028e-01 -1.957406e-03 -1.976389e-02 -5.958193e-01 1.581104e-03 9.998175e-01 -1.903757e-02 -6.348428e-01 1.979755e-02 1.900257e-02 9.996234e-01 2.497343e+01
9.997764e-01 -1.498221e-03 -2.109312e-02 -6.388731e-01 1.100807e-03 9.998219e-01 -1.883995e-02 -6.843598e-01 2.111759e-02 1.881252e-02 9.996000e-01 2.658291e+01
9.997582e-01 -3.052242e-03 -2.177724e-02 -7.010892e-01 2.645789e-03 9.998222e-01 -1.866859e-02 -7.468191e-01 2.183035e-02 1.860646e-02 9.995885e-01 2.860275e+01
9.997282e-01 -4.667230e-03 -2.284119e-02 -7.284558e-01 4.239812e-03 9.998157e-01 -1.872539e-02 -7.761788e-01 2.292437e-02 1.862346e-02 9.995637e-01 2.956404e+01
9.996625e-01 -6.475493e-03 -2.515897e-02 -7.454625e-01 6.020106e-03 9.998174e-01 -1.813418e-02 -8.060267e-01 2.527180e-02 1.797660e-02 9.995190e-01 3.054167e+01
9.995701e-01 -8.373530e-03 -2.809853e-02 -7.670337e-01 7.875198e-03 9.998106e-01 -1.779920e-02 -8.327606e-01 2.824225e-02 1.757026e-02 9.994467e-01 3.157359e+01
9.995354e-01 -6.431156e-03 -2.979391e-02 -8.139591e-01 5.946895e-03 9.998492e-01 -1.631390e-02 -8.574549e-01 2.989434e-02 1.612914e-02 9.994229e-01 3.259645e+01
9.993872e-01 -7.034664e-03 -3.428958e-02 -8.438450e-01 6.501795e-03 9.998568e-01 -1.562708e-02 -8.822507e-01 3.439460e-02 1.539456e-02 9.992898e-01 3.362484e+01
9.992758e-01 -6.705100e-03 -3.745513e-02 -9.037715e-01 6.072174e-03 9.998373e-01 -1.698654e-02 -9.088408e-01 3.756293e-02 1.674680e-02 9.991539e-01 3.474631e+01
9.990816e-01 -6.071213e-03 -4.241542e-02 -9.572846e-01 5.185808e-03 9.997670e-01 -2.095354e-02 -9.418918e-01 4.253275e-02 2.071434e-02 9.988803e-01 3.585462e+01
9.987685e-01 -7.721512e-03 -4.900953e-02 -1.028734e+00 6.563266e-03 9.996964e-01 -2.375015e-02 -9.755908e-01 4.917804e-02 2.339924e-02 9.985159e-01 3.735167e+01
9.984364e-01 -1.018671e-02 -5.496409e-02 -1.141075e+00 9.031909e-03 9.997341e-01 -2.121778e-02 -1.031743e+00 5.516562e-02 2.068818e-02 9.982629e-01 3.919805e+01
9.981098e-01 -1.016169e-02 -6.061031e-02 -1.219916e+00 9.119000e-03 9.998061e-01 -1.745508e-02 -1.070536e+00 6.077593e-02 1.686938e-02 9.980089e-01 4.043728e+01
9.978323e-01 -1.011319e-02 -6.502569e-02 -1.295015e+00 9.052630e-03 9.998215e-01 -1.658395e-02 -1.101430e+00 6.518180e-02 1.595934e-02 9.977458e-01 4.160864e+01
9.977260e-01 -7.243117e-03 -6.701041e-02 -1.390442e+00 6.096146e-03 9.998317e-01 -1.730500e-02 -1.127594e+00 6.712447e-02 1.685715e-02 9.976022e-01 4.277499e+01
9.977548e-01 -4.045239e-03 -6.685084e-02 -1.497020e+00 2.943647e-03 9.998584e-01 -1.656865e-02 -1.159366e+00 6.690840e-02 1.633466e-02 9.976254e-01 4.397951e+01
9.976048e-01 -5.877882e-03 -6.892073e-02 -1.565806e+00 4.833194e-03 9.998710e-01 -1.531478e-02 -1.196269e+00 6.900186e-02 1.494499e-02 9.975046e-01 4.518119e+01
9.976967e-01 -2.810598e-03 -6.777502e-02 -1.669205e+00 1.818589e-03 9.998904e-01 -1.469406e-02 -1.232420e+00 6.780889e-02 1.453696e-02 9.975924e-01 4.638819e+01
9.977945e-01 -2.055857e-03 -6.634640e-02 -1.764115e+00 1.082238e-03 9.998913e-01 -1.470739e-02 -1.268532e+00 6.636942e-02 1.460315e-02 9.976883e-01 4.755187e+01
9.978605e-01 -2.197876e-03 -6.534208e-02 -1.850041e+00 1.181492e-03 9.998778e-01 -1.558939e-02 -1.301416e+00 6.536836e-02 1.547883e-02 9.977411e-01 4.874565e+01
9.979458e-01 -3.002720e-03 -6.399277e-02 -1.940480e+00 1.961184e-03 9.998647e-01 -1.633244e-02 -1.340997e+00 6.403315e-02 1.617339e-02 9.978167e-01 5.004043e+01
9.980128e-01 -3.830130e-03 -6.289515e-02 -2.078385e+00 2.776443e-03 9.998545e-01 -1.683194e-02 -1.400436e+00 6.295047e-02 1.662387e-02 9.978782e-01 5.209813e+01
9.979961e-01 -7.409914e-03 -6.283943e-02 -2.137314e+00 6.409696e-03 9.998498e-01 -1.610373e-02 -1.444923e+00 6.294932e-02 1.566868e-02 9.978937e-01 5.329704e+01
9.981339e-01 -7.110628e-03 -6.064759e-02 -2.229062e+00 6.150788e-03 9.998531e-01 -1.599855e-02 -1.482359e+00 6.075244e-02 1.559566e-02 9.980310e-01 5.451218e+01
9.982818e-01 -6.281225e-03 -5.825866e-02 -2.314871e+00 5.310098e-03 9.998446e-01 -1.680909e-02 -1.512756e+00 5.835519e-02 1.647085e-02 9.981600e-01 5.567580e+01
9.983452e-01 -5.801028e-03 -5.721140e-02 -2.399318e+00 4.849795e-03 9.998479e-01 -1.675150e-02 -1.553130e+00 5.729988e-02 1.644631e-02 9.982215e-01 5.693118e+01
9.984207e-01 -5.123092e-03 -5.594520e-02 -2.480401e+00 4.197773e-03 9.998527e-01 -1.664476e-02 -1.593263e+00 5.602223e-02 1.638363e-02 9.982951e-01 5.811352e+01
9.984546e-01 -5.028963e-03 -5.534476e-02 -2.556500e+00 4.101342e-03 9.998494e-01 -1.686162e-02 -1.634165e+00 5.542122e-02 1.660857e-02 9.983249e-01 5.928120e+01
9.984949e-01 -4.392911e-03 -5.466813e-02 -2.688561e+00 3.431612e-03 9.998381e-01 -1.766572e-02 -1.695355e+00 5.473688e-02 1.745153e-02 9.983483e-01 6.132302e+01
9.985397e-01 -3.466136e-03 -5.391214e-02 -2.773956e+00 2.548074e-03 9.998507e-01 -1.708828e-02 -1.743496e+00 5.396332e-02 1.692596e-02 9.983995e-01 6.265744e+01
9.985758e-01 -1.978024e-03 -5.331466e-02 -2.855587e+00 1.079946e-03 9.998571e-01 -1.686840e-02 -1.784529e+00 5.334041e-02 1.678680e-02 9.984353e-01 6.391073e+01
9.985808e-01 -2.469934e-03 -5.320038e-02 -2.924121e+00 1.570197e-03 9.998551e-01 -1.694738e-02 -1.831005e+00 5.323454e-02 1.683979e-02 9.984400e-01 6.513620e+01
9.985663e-01 -3.046407e-03 -5.344187e-02 -2.989873e+00 2.105648e-03 9.998420e-01 -1.765088e-02 -1.875929e+00 5.348720e-02 1.751304e-02 9.984150e-01 6.634327e+01
9.985325e-01 -4.081747e-03 -5.400185e-02 -3.056999e+00 3.157452e-03 9.998473e-01 -1.719025e-02 -1.914528e+00 5.406377e-02 1.699451e-02 9.983929e-01 6.752710e+01
9.983979e-01 -6.514901e-03 -5.620629e-02 -3.122785e+00 5.607593e-03 9.998517e-01 -1.628512e-02 -1.954637e+00 5.630405e-02 1.594384e-02 9.982864e-01 6.876474e+01
9.981718e-01 -8.297535e-03 -5.986762e-02 -3.199793e+00 7.323732e-03 9.998376e-01 -1.646708e-02 -1.996814e+00 5.999453e-02 1.599852e-02 9.980705e-01 7.002956e+01
9.979074e-01 -9.474085e-03 -6.396128e-02 -3.293465e+00 8.342906e-03 9.998044e-01 -1.792936e-02 -2.037674e+00 6.411863e-02 1.735822e-02 9.977913e-01 7.127562e+01
9.974998e-01 -1.098762e-02 -6.981042e-02 -3.387352e+00 9.587393e-03 9.997467e-01 -2.036101e-02 -2.074438e+00 7.001645e-02 1.964080e-02 9.973525e-01 7.248745e+01
9.968631e-01 -1.541651e-02 -7.762945e-02 -3.473016e+00 1.377626e-02 9.996713e-01 -2.162065e-02 -2.117652e+00 7.793725e-02 2.048338e-02 9.967478e-01 7.362996e+01
9.963127e-01 -1.480325e-02 -8.450977e-02 -3.586450e+00 1.307325e-02 9.996943e-01 -2.098791e-02 -2.154560e+00 8.479462e-02 1.980570e-02 9.962016e-01 7.481321e+01
9.958232e-01 -1.260801e-02 -9.042730e-02 -3.703182e+00 1.094633e-02 9.997624e-01 -1.884832e-02 -2.196672e+00 9.064346e-02 1.777975e-02 9.957247e-01 7.597432e+01
9.954616e-01 -9.284454e-03 -9.470986e-02 -3.833810e+00 7.540847e-03 9.997957e-01 -1.875131e-02 -2.234319e+00 9.486461e-02 1.795202e-02 9.953283e-01 7.717335e+01
9.953022e-01 -6.867058e-03 -9.657314e-02 -3.973252e+00 4.975799e-03 9.997914e-01 -1.981091e-02 -2.279308e+00 9.668904e-02 1.923731e-02 9.951287e-01 7.839588e+01
9.952406e-01 -4.121459e-03 -9.736102e-02 -4.109402e+00 1.975206e-03 9.997531e-01 -2.213038e-02 -2.324817e+00 9.742819e-02 2.183274e-02 9.950031e-01 7.962336e+01
9.953131e-01 -1.829234e-03 -9.668734e-02 -4.258996e+00 -4.573770e-04 9.997209e-01 -2.362209e-02 -2.374356e+00 9.670356e-02 2.355560e-02 9.950344e-01 8.103685e+01
9.954643e-01 -2.357792e-03 -9.510649e-02 -4.417298e+00 1.557016e-04 9.997319e-01 -2.315473e-02 -2.437137e+00 9.513559e-02 2.303489e-02 9.951978e-01 8.266977e+01
9.958157e-01 -1.594507e-03 -9.137024e-02 -4.605679e+00 -3.992972e-04 9.997623e-01 -2.179872e-02 -2.509712e+00 9.138328e-02 2.174399e-02 9.955784e-01 8.457440e+01
9.963686e-01 -1.360396e-03 -8.513384e-02 -4.766050e+00 -4.218074e-04 9.997812e-01 -2.091265e-02 -2.561733e+00 8.514366e-02 2.087262e-02 9.961500e-01 8.609023e+01
9.968909e-01 7.442918e-04 -7.879116e-02 -4.879494e+00 -2.399834e-03 9.997783e-01 -2.091918e-02 -2.606241e+00 7.875812e-02 2.104322e-02 9.966716e-01 8.729358e+01
9.974725e-01 4.561335e-04 -7.105220e-02 -4.968296e+00 -1.960966e-03 9.997752e-01 -2.111093e-02 -2.654254e+00 7.102660e-02 2.119691e-02 9.972492e-01 8.843763e+01
9.980948e-01 1.771870e-03 -6.167300e-02 -5.060197e+00 -3.089520e-03 9.997689e-01 -2.127630e-02 -2.702257e+00 6.162105e-02 2.142631e-02 9.978696e-01 8.972016e+01
9.987178e-01 6.253213e-03 -5.023621e-02 -5.143447e+00 -7.358863e-03 9.997341e-01 -2.185431e-02 -2.740832e+00 5.008619e-02 2.219597e-02 9.984982e-01 9.089396e+01
9.992194e-01 7.998311e-03 -3.868590e-02 -5.205820e+00 -8.848007e-03 9.997223e-01 -2.184287e-02 -2.782886e+00 3.850045e-02 2.216811e-02 9.990127e-01 9.211114e+01
9.995930e-01 7.823592e-03 -2.743371e-02 -5.241040e+00 -8.431045e-03 9.997203e-01 -2.209727e-02 -2.820311e+00 2.725316e-02 2.231958e-02 9.993794e-01 9.320523e+01
9.998290e-01 9.378848e-03 -1.593938e-02 -5.283081e+00 -9.736084e-03 9.996998e-01 -2.248431e-02 -2.869110e+00 1.572372e-02 2.263565e-02 9.996201e-01 9.445276e+01
9.999331e-01 1.065935e-02 -4.485456e-03 -5.316553e+00 -1.076322e-02 9.996586e-01 -2.380987e-02 -2.918166e+00 4.230127e-03 2.385656e-02 9.997064e-01 9.584570e+01
9.999406e-01 9.530386e-03 5.279525e-03 -5.330103e+00 -9.392748e-03 9.996305e-01 -2.550877e-02 -2.966790e+00 -5.520682e-03 2.545767e-02 9.996607e-01 9.713776e+01
9.998975e-01 7.842500e-03 1.197462e-02 -5.317364e+00 -7.528482e-03 9.996324e-01 -2.604725e-02 -3.017035e+00 -1.217449e-02 2.595443e-02 9.995890e-01 9.838080e+01
9.998373e-01 5.021477e-03 1.732574e-02 -5.307484e+00 -4.571047e-03 9.996530e-01 -2.594012e-02 -3.065261e+00 -1.744998e-02 2.585671e-02 9.995133e-01 9.957759e+01
9.998122e-01 1.219439e-03 1.933933e-02 -5.283962e+00 -7.324299e-04 9.996829e-01 -2.516944e-02 -3.112087e+00 -1.936389e-02 2.515055e-02 9.994961e-01 1.007339e+02
9.998057e-01 -8.738541e-04 1.969331e-02 -5.264778e+00 1.378402e-03 9.996708e-01 -2.562125e-02 -3.148987e+00 -1.966444e-02 2.564342e-02 9.994777e-01 1.018553e+02
9.998136e-01 -1.444649e-03 1.925524e-02 -5.252906e+00 1.919359e-03 9.996941e-01 -2.465788e-02 -3.189839e+00 -1.921373e-02 2.469024e-02 9.995105e-01 1.029687e+02
9.998473e-01 -2.487126e-03 1.729596e-02 -5.233956e+00 2.910294e-03 9.996960e-01 -2.448434e-02 -3.235279e+00 -1.722981e-02 2.453094e-02 9.995506e-01 1.041298e+02
9.998926e-01 -4.568306e-03 1.392234e-02 -5.213489e+00 4.920553e-03 9.996660e-01 -2.537251e-02 -3.281430e+00 -1.380178e-02 2.543829e-02 9.995811e-01 1.052921e+02
9.999380e-01 -5.228256e-03 9.828879e-03 -5.191598e+00 5.483574e-03 9.996435e-01 -2.613141e-02 -3.330155e+00 -9.688753e-03 2.618369e-02 9.996102e-01 1.064441e+02
9.999700e-01 -4.592505e-03 6.238961e-03 -5.193400e+00 4.759551e-03 9.996233e-01 -2.702912e-02 -3.374895e+00 -6.112480e-03 2.705801e-02 9.996152e-01 1.075864e+02
9.999823e-01 -5.397658e-03 2.493661e-03 -5.199378e+00 5.464274e-03 9.996061e-01 -2.752824e-02 -3.417891e+00 -2.344090e-03 2.754138e-02 9.996179e-01 1.087960e+02
9.999759e-01 -6.652920e-03 -1.967386e-03 -5.201842e+00 6.597173e-03 9.996109e-01 -2.710049e-02 -3.475850e+00 2.146918e-03 2.708686e-02 9.996308e-01 1.101408e+02
9.999649e-01 -5.684236e-03 -6.152448e-03 -5.220046e+00 5.520893e-03 9.996402e-01 -2.624835e-02 -3.530800e+00 6.299436e-03 2.621346e-02 9.996365e-01 1.115494e+02
9.999324e-01 -5.600881e-03 -1.019423e-02 -5.244906e+00 5.328907e-03 9.996342e-01 -2.651359e-02 -3.595956e+00 1.033900e-02 2.645747e-02 9.995965e-01 1.134451e+02
9.999012e-01 -3.958793e-03 -1.348556e-02 -5.271335e+00 3.612716e-03 9.996660e-01 -2.559120e-02 -3.640115e+00 1.358237e-02 2.553995e-02 9.995815e-01 1.146490e+02
9.998695e-01 -2.251176e-03 -1.599634e-02 -5.303767e+00 1.859541e-03 9.996992e-01 -2.445564e-02 -3.682493e+00 1.604658e-02 2.442271e-02 9.995729e-01 1.158001e+02
9.998346e-01 -1.896732e-03 -1.808561e-02 -5.349788e+00 1.459514e-03 9.997071e-01 -2.415757e-02 -3.766131e+00 1.812613e-02 2.412718e-02 9.995446e-01 1.180182e+02
9.998193e-01 -2.753392e-04 -1.900552e-02 -5.426304e+00 -1.985409e-04 9.996892e-01 -2.492743e-02 -3.859686e+00 1.900647e-02 2.492670e-02 9.995086e-01 1.202739e+02
9.997952e-01 1.121095e-03 -2.020559e-02 -5.482493e+00 -1.649678e-03 9.996563e-01 -2.616260e-02 -3.926162e+00 2.016931e-02 2.619057e-02 9.994535e-01 1.219777e+02
9.997836e-01 1.327028e-03 -2.076122e-02 -5.533150e+00 -1.858011e-03 9.996711e-01 -2.557735e-02 -3.996379e+00 2.072045e-02 2.561039e-02 9.994572e-01 1.235452e+02
9.997758e-01 1.777440e-03 -2.109821e-02 -5.577729e+00 -2.297272e-03 9.996937e-01 -2.464009e-02 -4.054421e+00 2.104795e-02 2.468304e-02 9.994737e-01 1.248974e+02
9.997489e-01 9.822431e-05 -2.240980e-02 -5.617738e+00 -6.267974e-04 9.997217e-01 -2.358089e-02 -4.134076e+00 2.240125e-02 2.358902e-02 9.994707e-01 1.268078e+02
9.997340e-01 -3.924557e-04 -2.305854e-02 -5.646774e+00 -1.388927e-04 9.997346e-01 -2.303733e-02 -4.180876e+00 2.306146e-02 2.303441e-02 9.994687e-01 1.279500e+02
9.996916e-01 -1.136427e-03 -2.480919e-02 -5.662970e+00 5.833178e-04 9.997514e-01 -2.229038e-02 -4.224617e+00 2.482835e-02 2.226903e-02 9.994437e-01 1.290962e+02
9.996904e-01 3.093795e-03 -2.468779e-02 -5.744482e+00 -3.621134e-03 9.997656e-01 -2.134429e-02 -4.304884e+00 2.461597e-02 2.142708e-02 9.994673e-01 1.312654e+02
9.996691e-01 2.738578e-03 -2.557702e-02 -5.793529e+00 -3.302991e-03 9.997514e-01 -2.205107e-02 -4.389311e+00 2.551027e-02 2.212826e-02 9.994296e-01 1.335335e+02
9.996791e-01 3.674676e-03 -2.506272e-02 -5.855611e+00 -4.279520e-03 9.996999e-01 -2.412244e-02 -4.456525e+00 2.496655e-02 2.422196e-02 9.993948e-01 1.352508e+02
9.996810e-01 3.539856e-03 -2.500695e-02 -5.909608e+00 -4.159044e-03 9.996850e-01 -2.475220e-02 -4.529600e+00 2.491145e-02 2.484831e-02 9.993808e-01 1.370285e+02
9.996878e-01 2.542601e-03 -2.485484e-02 -5.947377e+00 -3.160637e-03 9.996860e-01 -2.485823e-02 -4.578160e+00 2.478384e-02 2.492902e-02 9.993820e-01 1.381743e+02
9.997053e-01 7.600469e-04 -2.426354e-02 -5.985944e+00 -1.337769e-03 9.997158e-01 -2.380295e-02 -4.625305e+00 2.423855e-02 2.382839e-02 9.994222e-01 1.393467e+02
9.997280e-01 1.104462e-03 -2.329603e-02 -6.029111e+00 -1.635202e-03 9.997393e-01 -2.277568e-02 -4.666560e+00 2.326480e-02 2.280758e-02 9.994691e-01 1.405113e+02
9.997482e-01 3.882705e-04 -2.243556e-02 -6.070587e+00 -8.899203e-04 9.997497e-01 -2.235393e-02 -4.712883e+00 2.242126e-02 2.236827e-02 9.994983e-01 1.417232e+02
9.997524e-01 8.552011e-04 -2.223375e-02 -6.106648e+00 -1.330568e-03 9.997707e-01 -2.137443e-02 -4.758396e+00 2.221037e-02 2.139873e-02 9.995243e-01 1.428813e+02
9.997598e-01 1.509118e-03 -2.186439e-02 -6.170520e+00 -1.973429e-03 9.997727e-01 -2.122994e-02 -4.836308e+00 2.182738e-02 2.126798e-02 9.995355e-01 1.449484e+02
9.997269e-01 -5.411355e-04 -2.336122e-02 -6.190167e+00 5.369316e-05 9.997824e-01 -2.086104e-02 -4.879979e+00 2.336742e-02 2.085409e-02 9.995094e-01 1.460342e+02
9.997152e-01 1.016283e-03 -2.384411e-02 -6.241928e+00 -1.507430e-03 9.997869e-01 -2.058931e-02 -4.936995e+00 2.381810e-02 2.061939e-02 9.995036e-01 1.474468e+02
9.996952e-01 2.824264e-03 -2.452430e-02 -6.286824e+00 -3.324194e-03 9.997870e-01 -2.036830e-02 -4.978025e+00 2.446156e-02 2.044362e-02 9.994917e-01 1.485433e+02
9.996481e-01 3.270325e-03 -2.632470e-02 -6.320859e+00 -3.795131e-03 9.997946e-01 -1.991069e-02 -5.025205e+00 2.625418e-02 2.000359e-02 9.994551e-01 1.496916e+02
9.995994e-01 2.926193e-03 -2.815230e-02 -6.360156e+00 -3.493733e-03 9.997912e-01 -2.013162e-02 -5.074045e+00 2.808751e-02 2.022191e-02 9.994009e-01 1.508228e+02
9.995551e-01 2.082534e-03 -2.975299e-02 -6.397928e+00 -2.692354e-03 9.997868e-01 -2.047074e-02 -5.112952e+00 2.970402e-02 2.054173e-02 9.993476e-01 1.518342e+02
9.995050e-01 2.524752e-03 -3.135852e-02 -6.443142e+00 -3.158333e-03 9.997915e-01 -2.017138e-02 -5.151880e+00 3.130105e-02 2.026044e-02 9.993046e-01 1.528696e+02
9.994537e-01 5.420091e-03 -3.260292e-02 -6.494968e+00 -6.072225e-03 9.997828e-01 -1.993667e-02 -5.197465e+00 3.248778e-02 2.012375e-02 9.992695e-01 1.538702e+02
9.993667e-01 5.536189e-03 -3.515113e-02 -6.532084e+00 -6.239861e-03 9.997817e-01 -1.994044e-02 -5.230465e+00 3.503306e-02 2.014715e-02 9.991831e-01 1.547934e+02
9.992896e-01 7.281023e-03 -3.697812e-02 -6.580456e+00 -8.025037e-03 9.997675e-01 -2.001198e-02 -5.274128e+00 3.682382e-02 2.029452e-02 9.991157e-01 1.557751e+02
9.992354e-01 9.262393e-03 -3.798450e-02 -6.634969e+00 -1.003490e-02 9.997457e-01 -2.019736e-02 -5.312821e+00 3.778777e-02 2.056309e-02 9.990742e-01 1.567574e+02
9.992180e-01 1.029214e-02 -3.817586e-02 -6.687639e+00 -1.110169e-02 9.997167e-01 -2.105474e-02 -5.353102e+00 3.794834e-02 2.146209e-02 9.990492e-01 1.576975e+02
9.991513e-01 1.205143e-02 -3.938870e-02 -6.733421e+00 -1.294568e-02 9.996624e-01 -2.252735e-02 -5.393497e+00 3.910392e-02 2.301815e-02 9.989700e-01 1.585871e+02
9.991218e-01 1.368447e-02 -3.960141e-02 -6.781715e+00 -1.463951e-02 9.996065e-01 -2.392755e-02 -5.423986e+00 3.925839e-02 2.448628e-02 9.989290e-01 1.594830e+02
9.990878e-01 1.481443e-02 -4.005124e-02 -6.823614e+00 -1.576904e-02 9.995965e-01 -2.362482e-02 -5.460285e+00 3.968509e-02 2.423484e-02 9.989183e-01 1.603850e+02
9.990990e-01 1.693854e-02 -3.891248e-02 -6.880808e+00 -1.779656e-02 9.996037e-01 -2.181039e-02 -5.498751e+00 3.852762e-02 2.248324e-02 9.990046e-01 1.612811e+02
9.990803e-01 1.915212e-02 -3.836273e-02 -6.920495e+00 -1.993860e-02 9.995966e-01 -2.022454e-02 -5.533992e+00 3.795992e-02 2.097084e-02 9.990592e-01 1.621355e+02
9.991059e-01 2.203703e-02 -3.607912e-02 -6.962731e+00 -2.272503e-02 9.995655e-01 -1.877133e-02 -5.567250e+00 3.564978e-02 1.957445e-02 9.991726e-01 1.629825e+02
9.991750e-01 2.451144e-02 -3.238110e-02 -7.004920e+00 -2.504964e-02 9.995530e-01 -1.632088e-02 -5.600937e+00 3.196657e-02 1.711855e-02 9.993423e-01 1.638038e+02
9.992368e-01 2.854862e-02 -2.666202e-02 -7.057466e+00 -2.894656e-02 9.994734e-01 -1.466046e-02 -5.629874e+00 2.622944e-02 1.542104e-02 9.995370e-01 1.646199e+02
9.993040e-01 3.042712e-02 -2.157986e-02 -7.083401e+00 -3.071762e-02 9.994401e-01 -1.326011e-02 -5.663196e+00 2.116432e-02 1.391376e-02 9.996792e-01 1.653939e+02
9.993240e-01 3.380423e-02 -1.444869e-02 -7.117223e+00 -3.400275e-02 9.993275e-01 -1.372212e-02 -5.693979e+00 1.397511e-02 1.420414e-02 9.998014e-01 1.661123e+02
9.993042e-01 3.659745e-02 -7.197113e-03 -7.134437e+00 -3.670283e-02 9.992121e-01 -1.509974e-02 -5.722839e+00 6.638830e-03 1.535338e-02 9.998601e-01 1.668019e+02
9.993687e-01 3.552093e-02 7.363649e-04 -7.129172e+00 -3.550504e-02 9.992465e-01 -1.567796e-02 -5.751544e+00 -1.292706e-03 1.564192e-02 9.998768e-01 1.674493e+02
9.992726e-01 3.659914e-02 1.071253e-02 -7.135581e+00 -3.641143e-02 9.991885e-01 -1.722218e-02 -5.779933e+00 -1.133416e-02 1.681959e-02 9.997943e-01 1.680534e+02
9.992078e-01 3.480033e-02 1.930598e-02 -7.105028e+00 -3.444436e-02 9.992359e-01 -1.847424e-02 -5.807781e+00 -1.993414e-02 1.779463e-02 9.996429e-01 1.686246e+02
9.988864e-01 3.557987e-02 3.098523e-02 -7.101189e+00 -3.503078e-02 9.992225e-01 -1.808744e-02 -5.829204e+00 -3.160468e-02 1.698186e-02 9.993562e-01 1.691780e+02
9.984513e-01 3.741110e-02 4.117650e-02 -7.073571e+00 -3.669678e-02 9.991649e-01 -1.796946e-02 -5.848716e+00 -4.181437e-02 1.643059e-02 9.989903e-01 1.697153e+02
9.977751e-01 3.871980e-02 5.427444e-02 -7.060110e+00 -3.775558e-02 9.991124e-01 -1.868013e-02 -5.871097e+00 -5.494956e-02 1.658941e-02 9.983513e-01 1.702147e+02
9.969810e-01 4.094339e-02 6.597371e-02 -7.020131e+00 -3.971117e-02 9.990134e-01 -1.988241e-02 -5.893523e+00 -6.672267e-02 1.720250e-02 9.976233e-01 1.706862e+02
9.958732e-01 3.952112e-02 8.169887e-02 -6.979146e+00 -3.805969e-02 9.990877e-01 -1.936914e-02 -5.909031e+00 -8.238983e-02 1.617977e-02 9.964688e-01 1.711320e+02
9.944043e-01 3.824995e-02 9.847357e-02 -6.917354e+00 -3.664214e-02 9.991648e-01 -1.808515e-02 -5.925047e+00 -9.908308e-02 1.437567e-02 9.949753e-01 1.715760e+02
9.920980e-01 3.943081e-02 1.191078e-01 -6.864394e+00 -3.752840e-02 9.991303e-01 -1.817398e-02 -5.943815e+00 -1.197209e-01 1.356044e-02 9.927150e-01 1.720103e+02
9.890345e-01 4.023610e-02 1.420982e-01 -6.785303e+00 -3.763444e-02 9.990719e-01 -2.095025e-02 -5.966532e+00 -1.428093e-01 1.537273e-02 9.896308e-01 1.724441e+02
9.841936e-01 4.917402e-02 1.701318e-01 -6.722784e+00 -4.580327e-02 9.986697e-01 -2.368354e-02 -5.988689e+00 -1.710701e-01 1.551659e-02 9.851367e-01 1.728820e+02
9.783093e-01 5.642895e-02 1.993155e-01 -6.655030e+00 -5.135298e-02 9.982132e-01 -3.054969e-02 -6.011281e+00 -2.006832e-01 1.965160e-02 9.794591e-01 1.732785e+02
9.715553e-01 6.075331e-02 2.288873e-01 -6.566126e+00 -5.207501e-02 9.976834e-01 -4.377187e-02 -6.041956e+00 -2.310164e-01 3.060748e-02 9.724683e-01 1.736383e+02
9.638803e-01 5.853057e-02 2.598248e-01 -6.446288e+00 -4.473621e-02 9.972730e-01 -5.869572e-02 -6.089036e+00 -2.625518e-01 4.495207e-02 9.638703e-01 1.739480e+02
9.516417e-01 6.869211e-02 2.994318e-01 -6.970918e+00 -4.632094e-02 9.956218e-01 -8.118854e-02 -6.188113e+00 -3.036978e-01 6.339244e-02 9.506572e-01 1.756853e+02
9.393686e-01 7.212445e-02 3.352384e-01 -6.870399e+00 -4.384483e-02 9.948685e-01 -9.118256e-02 -6.203290e+00 -3.400946e-01 7.095556e-02 9.377105e-01 1.759453e+02
9.256662e-01 7.501761e-02 3.708294e-01 -6.737089e+00 -4.229535e-02 9.945199e-01 -9.561036e-02 -6.216563e+00 -3.759697e-01 7.281892e-02 9.237663e-01 1.761836e+02
9.083268e-01 8.017434e-02 4.105052e-01 -6.611891e+00 -4.343035e-02 9.942303e-01 -9.808112e-02 -6.233672e+00 -4.160003e-01 7.126132e-02 9.065680e-01 1.764213e+02
8.892377e-01 8.272783e-02 4.499026e-01 -6.471271e+00 -4.059750e-02 9.939025e-01 -1.025168e-01 -6.248432e+00 -4.556403e-01 7.289685e-02 8.871741e-01 1.766496e+02
8.674889e-01 7.745333e-02 4.913899e-01 -6.324812e+00 -3.148305e-02 9.943725e-01 -1.011544e-01 -6.273808e+00 -4.964594e-01 7.227989e-02 8.650455e-01 1.768617e+02
8.439620e-01 6.361639e-02 5.326172e-01 -6.125969e+00 -1.633730e-02 9.955302e-01 -9.301985e-02 -6.324205e+00 -5.361541e-01 6.980369e-02 8.412290e-01 1.770504e+02
8.166430e-01 5.384533e-02 5.746259e-01 -5.913176e+00 -6.036366e-03 9.963808e-01 -8.478716e-02 -6.365610e+00 -5.771116e-01 6.577218e-02 8.140124e-01 1.772436e+02
7.836075e-01 5.110031e-02 6.191510e-01 -5.691165e+00 -2.289457e-03 9.968422e-01 -7.937468e-02 -6.401357e+00 -6.212520e-01 6.078107e-02 7.812501e-01 1.774350e+02
7.436343e-01 5.219389e-02 6.665462e-01 -5.456860e+00 -1.760627e-03 9.970976e-01 -7.611347e-02 -6.431590e+00 -6.685843e-01 5.542704e-02 7.415678e-01 1.776216e+02
6.977651e-01 4.846947e-02 7.146849e-01 -5.205458e+00 1.489539e-03 9.976078e-01 -6.911139e-02 -6.465690e+00 -7.163251e-01 4.928807e-02 6.960237e-01 1.777860e+02
6.461436e-01 4.060302e-02 7.621351e-01 -4.934603e+00 6.689706e-03 9.982442e-01 -5.885340e-02 -6.481280e+00 -7.631866e-01 4.312621e-02 6.447375e-01 1.779361e+02
5.898803e-01 2.908079e-02 8.069668e-01 -4.638400e+00 1.510067e-02 9.987793e-01 -4.703152e-02 -6.498171e+00 -8.073495e-01 3.992871e-02 5.887211e-01 1.780725e+02
5.309666e-01 1.865652e-02 8.471874e-01 -4.316150e+00 2.408440e-02 9.990215e-01 -3.709484e-02 -6.517076e+00 -8.470504e-01 4.010012e-02 5.299977e-01 1.781831e+02
4.690765e-01 1.371100e-02 8.830511e-01 -3.977430e+00 3.012167e-02 9.990494e-01 -3.151271e-02 -6.538291e+00 -8.826437e-01 4.138084e-02 4.682175e-01 1.782641e+02
4.037177e-01 9.560932e-03 9.148337e-01 -3.630517e+00 3.455749e-02 9.990724e-01 -2.569159e-02 -6.554248e+00 -9.142307e-01 4.198650e-02 4.030128e-01 1.783252e+02
3.360980e-01 4.923935e-03 9.418141e-01 -3.245827e+00 3.757131e-02 9.991202e-01 -1.863133e-02 -6.571385e+00 -9.410773e-01 4.164715e-02 3.356174e-01 1.783737e+02
2.678753e-01 2.649769e-04 9.634536e-01 -2.831737e+00 4.217037e-02 9.990384e-01 -1.199967e-02 -6.581032e+00 -9.625303e-01 4.384361e-02 2.676065e-01 1.783972e+02
2.003816e-01 -1.073315e-03 9.797173e-01 -2.402583e+00 4.172391e-02 9.991015e-01 -7.439244e-03 -6.588989e+00 -9.788291e-01 4.236833e-02 2.002464e-01 1.784051e+02
1.382384e-01 4.751439e-06 9.903990e-01 -1.949430e+00 4.643897e-02 9.989001e-01 -6.486674e-03 -6.585027e+00 -9.893096e-01 4.688982e-02 1.380861e-01 1.783651e+02
8.043698e-02 1.487755e-03 9.967586e-01 -1.474199e+00 4.874477e-02 9.987965e-01 -5.424430e-03 -6.587219e+00 -9.955671e-01 4.902309e-02 8.026766e-02 1.783186e+02
2.595967e-02 1.328510e-03 9.996621e-01 -9.632522e-01 5.419346e-02 9.985267e-01 -2.734321e-03 -6.589565e+00 -9.981929e-01 5.424614e-02 2.584942e-02 1.782356e+02
-2.533122e-02 -8.282231e-04 9.996788e-01 -4.204264e-01 6.163083e-02 9.980962e-01 2.388597e-03 -6.585946e+00 -9.977775e-01 6.167153e-02 -2.523195e-02 1.781228e+02
-7.187512e-02 -6.023659e-03 9.973954e-01 1.768457e-01 6.717885e-02 9.976818e-01 1.086648e-02 -6.575670e+00 -9.951487e-01 6.778490e-02 -7.130384e-02 1.779937e+02
-1.141804e-01 -1.364724e-02 9.933663e-01 7.455991e-01 6.536234e-02 9.976360e-01 2.121883e-02 -6.559917e+00 -9.913075e-01 6.735152e-02 -1.130184e-01 1.778808e+02
-1.526917e-01 -2.170855e-02 9.880354e-01 1.271254e+00 6.226245e-02 9.975613e-01 3.153993e-02 -6.548750e+00 -9.863106e-01 6.633339e-02 -1.509677e-01 1.777643e+02
-1.872119e-01 -2.924096e-02 9.818842e-01 1.798940e+00 5.424631e-02 9.977239e-01 4.005560e-02 -6.538560e+00 -9.808206e-01 6.076248e-02 -1.851996e-01 1.776486e+02
-2.167203e-01 -2.747329e-02 9.758471e-01 2.424697e+00 5.398460e-02 9.977371e-01 4.007870e-02 -6.533142e+00 -9.747400e-01 6.136658e-02 -2.147467e-01 1.774771e+02
-2.420578e-01 -1.874076e-02 9.700808e-01 3.174395e+00 5.641102e-02 9.978504e-01 3.335310e-02 -6.538679e+00 -9.686206e-01 6.279663e-02 -2.404803e-01 1.772454e+02
-2.630064e-01 -4.681143e-03 9.647827e-01 3.746761e+00 6.427091e-02 9.976819e-01 2.236146e-02 -6.535402e+00 -9.626510e-01 6.788867e-02 -2.620958e-01 1.770430e+02
-2.800920e-01 9.754334e-03 9.599236e-01 4.293331e+00 6.611349e-02 9.977701e-01 9.152058e-03 -6.517236e+00 -9.576938e-01 6.602732e-02 -2.801123e-01 1.768624e+02
-2.948444e-01 2.216923e-02 9.552881e-01 5.165768e+00 6.530174e-02 9.978610e-01 -3.002188e-03 -6.467020e+00 -9.533113e-01 6.149680e-02 -2.956615e-01 1.765809e+02
-3.064379e-01 2.860010e-02 9.514609e-01 5.676292e+00 6.056280e-02 9.981092e-01 -1.049679e-02 -6.445225e+00 -9.499621e-01 5.440652e-02 -3.075906e-01 1.764120e+02
-3.163976e-01 2.615738e-02 9.482660e-01 6.159007e+00 5.944690e-02 9.982018e-01 -7.699826e-03 -6.446009e+00 -9.467622e-01 5.393527e-02 -3.173837e-01 1.762479e+02
-3.243479e-01 2.022181e-02 9.457217e-01 6.653406e+00 6.247637e-02 9.980464e-01 8.646510e-05 -6.457960e+00 -9.438724e-01 5.911330e-02 -3.249776e-01 1.760628e+02
-3.314263e-01 1.712504e-02 9.433257e-01 7.156371e+00 6.519179e-02 9.978613e-01 4.789296e-03 -6.471010e+00 -9.412261e-01 6.308439e-02 -3.318339e-01 1.758724e+02
-3.362555e-01 1.897398e-02 9.415796e-01 7.685842e+00 6.940790e-02 9.975774e-01 4.684437e-03 -6.480457e+00 -9.392097e-01 6.692823e-02 -3.367578e-01 1.756565e+02
-3.419079e-01 2.241984e-02 9.394660e-01 8.218384e+00 6.803340e-02 9.976826e-01 9.508359e-04 -6.481062e+00 -9.372675e-01 6.424017e-02 -3.426409e-01 1.754734e+02
-3.453627e-01 2.510714e-02 9.381334e-01 8.753075e+00 6.837381e-02 9.976586e-01 -1.529194e-03 -6.482885e+00 -9.359752e-01 6.361563e-02 -3.462707e-01 1.752699e+02
-3.487432e-01 2.502301e-02 9.368842e-01 9.318660e+00 6.741470e-02 9.977238e-01 -1.553695e-03 -6.488815e+00 -9.347906e-01 6.261793e-02 -3.496363e-01 1.750646e+02
-3.512131e-01 2.603756e-02 9.359334e-01 9.882410e+00 6.981676e-02 9.975586e-01 -1.552916e-03 -6.492914e+00 -9.336889e-01 6.479843e-02 -3.521736e-01 1.748571e+02
-3.518222e-01 2.735346e-02 9.356671e-01 1.046665e+01 7.302222e-02 9.973289e-01 -1.698849e-03 -6.496776e+00 -9.332143e-01 6.772680e-02 -3.528799e-01 1.746322e+02
-3.526102e-01 2.740396e-02 9.353689e-01 1.107258e+01 7.199575e-02 9.974028e-01 -2.080834e-03 -6.499827e+00 -9.329966e-01 6.660887e-02 -3.536674e-01 1.744125e+02
-3.533758e-01 2.660515e-02 9.351031e-01 1.167341e+01 6.944974e-02 9.975832e-01 -2.137731e-03 -6.506573e+00 -9.328999e-01 6.418724e-02 -3.543694e-01 1.742059e+02
-3.522713e-01 2.631824e-02 9.355278e-01 1.271245e+01 6.923025e-02 9.975987e-01 -1.995884e-03 -6.521971e+00 -9.333339e-01 6.406374e-02 -3.532474e-01 1.738188e+02
-3.502350e-01 2.662174e-02 9.362835e-01 1.387421e+01 7.070025e-02 9.974958e-01 -1.915417e-03 -6.539321e+00 -9.339898e-01 6.552462e-02 -3.512401e-01 1.733642e+02
-3.486534e-01 2.642203e-02 9.368792e-01 1.448289e+01 7.134651e-02 9.974503e-01 -1.579134e-03 -6.552568e+00 -9.345322e-01 6.629249e-02 -3.496495e-01 1.731338e+02
-3.469436e-01 2.569581e-02 9.375339e-01 1.509363e+01 7.050184e-02 9.975109e-01 -1.249751e-03 -6.565692e+00 -9.352324e-01 6.566428e-02 -3.478916e-01 1.729072e+02
-3.456751e-01 2.456300e-02 9.380327e-01 1.568341e+01 6.978083e-02 9.975623e-01 -4.068402e-04 -6.573385e+00 -9.357561e-01 6.531607e-02 -3.465464e-01 1.726998e+02
-3.441296e-01 2.185640e-02 9.386677e-01 1.629669e+01 6.836129e-02 9.976589e-01 1.832288e-03 -6.580657e+00 -9.364302e-01 6.479908e-02 -3.448181e-01 1.724806e+02
-3.428910e-01 2.013515e-02 9.391594e-01 1.689882e+01 6.969042e-02 9.975604e-01 4.057023e-03 -6.587792e+00 -9.367865e-01 6.684153e-02 -3.434578e-01 1.722655e+02
-3.402644e-01 1.972141e-02 9.401230e-01 1.752002e+01 7.111154e-02 9.974568e-01 4.813702e-03 -6.598663e+00 -9.376371e-01 6.849153e-02 -3.408014e-01 1.720406e+02
-3.373230e-01 1.964614e-02 9.411839e-01 1.809985e+01 7.101562e-02 9.974645e-01 4.631276e-03 -6.608916e+00 -9.387065e-01 6.840100e-02 -3.378629e-01 1.718360e+02
-3.343566e-01 2.021913e-02 9.422297e-01 1.897862e+01 7.097336e-02 9.974710e-01 3.780831e-03 -6.622689e+00 -9.397704e-01 6.813735e-02 -3.349460e-01 1.715260e+02
-3.323909e-01 2.128240e-02 9.429015e-01 1.996121e+01 6.880589e-02 9.976286e-01 1.737747e-03 -6.636631e+00 -9.406285e-01 6.545479e-02 -3.330670e-01 1.712001e+02
-3.303849e-01 2.332076e-02 9.435582e-01 2.094206e+01 6.714321e-02 9.977427e-01 -1.149915e-03 -6.648194e+00 -9.414551e-01 6.297361e-02 -3.312049e-01 1.708647e+02
-3.282002e-01 2.417546e-02 9.442988e-01 2.197300e+01 6.810022e-02 9.976767e-01 -1.873119e-03 -6.677816e+00 -9.421502e-01 6.369220e-02 -3.290841e-01 1.705088e+02
-3.259881e-01 2.283877e-02 9.450980e-01 2.276860e+01 6.912977e-02 9.976076e-01 -2.630967e-04 -6.689794e+00 -9.428429e-01 6.524864e-02 -3.267871e-01 1.702436e+02
-3.227337e-01 2.117586e-02 9.462529e-01 2.317813e+01 6.913367e-02 9.976066e-01 1.253991e-03 -6.696808e+00 -9.439616e-01 6.582264e-02 -3.234252e-01 1.700988e+02
-3.203094e-01 2.013168e-02 9.470990e-01 2.357818e+01 6.809622e-02 9.976771e-01 1.823399e-03 -6.703611e+00 -9.448623e-01 6.507792e-02 -3.209362e-01 1.699738e+02
-3.165952e-01 1.973003e-02 9.483555e-01 2.394813e+01 6.700616e-02 9.977513e-01 1.611388e-03 -6.711767e+00 -9.461911e-01 6.405582e-02 -3.172053e-01 1.698560e+02
-3.118242e-01 1.994830e-02 9.499304e-01 2.433862e+01 6.666041e-02 9.977753e-01 9.289196e-04 -6.721960e+00 -9.477985e-01 6.361241e-02 -3.124603e-01 1.697403e+02
-3.057671e-01 2.107532e-02 9.518731e-01 2.497269e+01 6.802571e-02 9.976835e-01 -2.379325e-04 -6.737462e+00 -9.496731e-01 6.467908e-02 -3.064925e-01 1.695176e+02
-3.019668e-01 2.067760e-02 9.530942e-01 2.559777e+01 6.643447e-02 9.977906e-01 -5.990123e-04 -6.750272e+00 -9.510008e-01 6.313743e-02 -3.026733e-01 1.693266e+02
-2.994003e-01 2.050315e-02 9.539073e-01 2.621942e+01 6.688569e-02 9.977605e-01 -4.524919e-04 -6.765781e+00 -9.517803e-01 6.366727e-02 -3.001012e-01 1.691364e+02
-2.973580e-01 2.124819e-02 9.545296e-01 2.684523e+01 6.721916e-02 9.977374e-01 -1.269695e-03 -6.774780e+00 -9.523969e-01 6.378512e-02 -2.981135e-01 1.689504e+02
-2.956342e-01 2.224415e-02 9.550422e-01 2.747977e+01 6.709427e-02 9.977436e-01 -2.469624e-03 -6.786235e+00 -9.529422e-01 6.334776e-02 -2.964595e-01 1.687653e+02
-2.939465e-01 2.311819e-02 9.555422e-01 2.806786e+01 6.680530e-02 9.977596e-01 -3.588754e-03 -6.795529e+00 -9.534844e-01 6.278039e-02 -2.948324e-01 1.685875e+02
-2.935465e-01 2.565009e-02 9.556006e-01 2.856035e+01 6.494596e-02 9.978654e-01 -6.834105e-03 -6.800835e+00 -9.537361e-01 6.005627e-02 -2.945857e-01 1.684498e+02
-2.949939e-01 2.800055e-02 9.550888e-01 2.902974e+01 6.414018e-02 9.978962e-01 -9.444865e-03 -6.814669e+00 -9.533439e-01 5.847339e-02 -2.961692e-01 1.682952e+02
-2.984020e-01 2.910771e-02 9.539963e-01 2.951839e+01 6.448392e-02 9.978658e-01 -1.027620e-02 -6.825823e+00 -9.522595e-01 5.845098e-02 -2.996421e-01 1.681368e+02
-3.024997e-01 2.877290e-02 9.527151e-01 3.015650e+01 6.527690e-02 9.978228e-01 -9.408909e-03 -6.840884e+00 -9.509116e-01 5.934409e-02 -3.037193e-01 1.679451e+02
-3.059220e-01 2.884553e-02 9.516195e-01 3.076828e+01 6.672814e-02 9.977325e-01 -8.791866e-03 -6.852866e+00 -9.497153e-01 6.081018e-02 -3.071531e-01 1.677537e+02
-3.060397e-01 2.985397e-02 9.515505e-01 3.132374e+01 6.927431e-02 9.975569e-01 -9.017217e-03 -6.856278e+00 -9.494950e-01 6.315838e-02 -3.073602e-01 1.675218e+02
-3.043624e-01 3.039265e-02 9.520713e-01 3.184857e+01 7.060061e-02 9.974616e-01 -9.271709e-03 -6.861354e+00 -9.499364e-01 6.439486e-02 -3.057355e-01 1.673251e+02
-3.014613e-01 3.065212e-02 9.529856e-01 3.242184e+01 7.006873e-02 9.974929e-01 -9.918575e-03 -6.869927e+00 -9.509003e-01 6.378442e-02 -3.028533e-01 1.671425e+02
-2.981296e-01 3.180881e-02 9.539953e-01 3.290622e+01 6.863406e-02 9.975720e-01 -1.181320e-02 -6.878655e+00 -9.520547e-01 6.195470e-02 -2.995889e-01 1.670066e+02
-2.939299e-01 3.474963e-02 9.551951e-01 3.340399e+01 6.762521e-02 9.975907e-01 -1.548253e-02 -6.894632e+00 -9.534317e-01 6.004449e-02 -2.955717e-01 1.668832e+02
-2.906242e-01 4.050828e-02 9.559794e-01 3.393385e+01 6.515304e-02 9.976224e-01 -2.246588e-02 -6.898715e+00 -9.546165e-01 5.575584e-02 -2.925724e-01 1.668024e+02
-2.832405e-01 4.498388e-02 9.579934e-01 3.450066e+01 6.576954e-02 9.974588e-01 -2.739160e-02 -6.916084e+00 -9.567911e-01 5.524837e-02 -2.854793e-01 1.666456e+02
-2.748049e-01 4.683084e-02 9.603588e-01 3.495788e+01 6.581265e-02 9.973868e-01 -2.980430e-02 -6.931443e+00 -9.592450e-01 5.501339e-02 -2.771689e-01 1.665392e+02
-2.651939e-01 4.563620e-02 9.631145e-01 3.547737e+01 6.476053e-02 9.974667e-01 -2.943211e-02 -6.955464e+00 -9.620178e-01 5.456658e-02 -2.674776e-01 1.664226e+02
-2.537374e-01 4.471630e-02 9.662390e-01 3.609154e+01 6.402223e-02 9.975167e-01 -2.935135e-02 -6.979285e+00 -9.651521e-01 5.441324e-02 -2.559701e-01 1.662705e+02
-2.427448e-01 4.361323e-02 9.691093e-01 3.666762e+01 6.303651e-02 9.975867e-01 -2.910528e-02 -7.000594e+00 -9.680399e-01 5.402411e-02 -2.449083e-01 1.661401e+02
-2.319429e-01 4.318504e-02 9.717703e-01 3.731500e+01 6.291154e-02 9.975884e-01 -2.931661e-02 -7.022424e+00 -9.706929e-01 5.433578e-02 -2.341004e-01 1.660039e+02
-2.214193e-01 4.306357e-02 9.742274e-01 3.806004e+01 6.185325e-02 9.976331e-01 -3.004036e-02 -7.046003e+00 -9.732151e-01 5.360761e-02 -2.235588e-01 1.658493e+02
-2.121268e-01 4.205154e-02 9.763370e-01 3.895035e+01 5.941441e-02 9.977805e-01 -3.006628e-02 -7.076721e+00 -9.754343e-01 5.163063e-02 -2.141545e-01 1.656774e+02
-2.045652e-01 4.135545e-02 9.779789e-01 3.993887e+01 5.949906e-02 9.977850e-01 -2.974748e-02 -7.109273e+00 -9.770430e-01 5.210353e-02 -2.065727e-01 1.654841e+02
-2.007520e-01 4.092007e-02 9.787871e-01 4.042988e+01 5.745194e-02 9.978994e-01 -2.993554e-02 -7.128108e+00 -9.779560e-01 5.022360e-02 -2.026813e-01 1.654078e+02
-1.976914e-01 3.971173e-02 9.794596e-01 4.094039e+01 5.566692e-02 9.980215e-01 -2.922865e-02 -7.145899e+00 -9.786824e-01 4.874525e-02 -1.995109e-01 1.653156e+02
-1.983352e-01 3.899765e-02 9.793581e-01 4.148979e+01 5.187139e-02 9.982255e-01 -2.924418e-02 -7.161773e+00 -9.787607e-01 4.500051e-02 -2.000061e-01 1.652353e+02
-1.993948e-01 3.734975e-02 9.792072e-01 4.205345e+01 5.147967e-02 9.982927e-01 -2.759498e-02 -7.183921e+00 -9.785661e-01 4.490697e-02 -2.009771e-01 1.651298e+02
-2.008307e-01 3.534096e-02 9.789883e-01 4.261006e+01 5.028978e-02 9.984033e-01 -2.572533e-02 -7.200177e+00 -9.783343e-01 4.406667e-02 -2.022873e-01 1.650186e+02
-2.028063e-01 3.595927e-02 9.785584e-01 4.319355e+01 5.148642e-02 9.983348e-01 -2.601544e-02 -7.218737e+00 -9.778644e-01 4.510638e-02 -2.043200e-01 1.648961e+02
-2.056796e-01 3.726727e-02 9.779095e-01 4.379028e+01 5.032048e-02 9.983555e-01 -2.746275e-02 -7.235775e+00 -9.773248e-01 4.356034e-02 -2.072167e-01 1.647811e+02
-2.078274e-01 3.864974e-02 9.774016e-01 4.439045e+01 5.117795e-02 9.982801e-01 -2.859324e-02 -7.256185e+00 -9.768258e-01 4.407896e-02 -2.094480e-01 1.646581e+02
-2.101364e-01 3.868240e-02 9.769065e-01 4.501700e+01 5.057033e-02 9.983094e-01 -2.865201e-02 -7.277659e+00 -9.763633e-01 4.338165e-02 -2.117373e-01 1.645278e+02
-2.127950e-01 3.894727e-02 9.763203e-01 4.567877e+01 5.040222e-02 9.983125e-01 -2.883911e-02 -7.298927e+00 -9.757960e-01 4.307189e-02 -2.143989e-01 1.643902e+02
-2.151656e-01 3.850293e-02 9.758183e-01 4.633831e+01 4.959041e-02 9.983641e-01 -2.845796e-02 -7.319388e+00 -9.753177e-01 4.226806e-02 -2.167230e-01 1.642535e+02
