1.000000e+00 0.000000e+00 0.000000e+00 0.000000e+00 0.000000e+00 1.000000e+00 0.000000e+00 0.000000e+00 0.000000e+00 0.000000e+00 1.000000e+00 0.000000e+00
9.999967e-01 1.232304e-03 2.254073e-03 -1.236624e-02 -1.232242e-03 9.999992e-01 -2.849595e-05 -7.445994e-03 -2.254107e-03 2.571829e-05 9.999975e-01 4.635826e-01
9.999488e-01 7.619003e-03 6.665760e-03 -5.639188e-02 -7.603693e-03 9.999684e-01 -2.319221e-03 -1.791550e-02 -6.683219e-03 2.268418e-03 9.999751e-01 9.215367e-01
9.999479e-01 8.516340e-03 5.619779e-03 -5.481780e-02 -8.490034e-03 9.999530e-01 -4.688477e-03 -1.997896e-02 -5.659443e-03 4.640521e-03 9.999732e-01 1.372648e+00
9.999554e-01 8.398414e-03 4.329949e-03 -6.426020e-02 -8.374556e-03 9.999498e-01 -5.498951e-03 -2.618370e-02 -4.375914e-03 5.462444e-03 9.999755e-01 1.822036e+00
9.999837e-01 5.581473e-03 1.173899e-03 -6.421399e-02 -5.573793e-03 9.999637e-01 -6.446796e-03 -3.013921e-02 -1.209839e-03 6.440148e-03 9.999785e-01 2.272096e+00
9.999806e-01 6.091083e-03 1.317740e-03 -1.050763e-01 -6.083957e-03 9.999672e-01 -5.345374e-03 -4.056974e-02 -1.350256e-03 5.337253e-03 9.999848e-01 2.717343e+00
9.999763e-01 6.885489e-03 8.273028e-05 -1.416222e-01 -6.885084e-03 9.999676e-01 -4.163980e-03 -5.488727e-02 -1.113986e-04 4.163312e-03 9.999913e-01 3.168096e+00
9.999568e-01 7.512016e-03 -5.474832e-03 -1.368976e-01 -7.532963e-03 9.999643e-01 -3.815534e-03 -6.354872e-02 5.445975e-03 3.856611e-03 9.999777e-01 3.622135e+00
9.999048e-01 6.546405e-03 -1.214395e-02 -1.267285e-01 -6.588233e-03 9.999725e-01 -3.407516e-03 -7.537851e-02 1.212131e-02 3.487199e-03 9.999205e-01 4.077049e+00
9.998509e-01 7.237830e-03 -1.568047e-02 -1.467781e-01 -7.297137e-03 9.999664e-01 -3.728307e-03 -8.551528e-02 1.565295e-02 3.842173e-03 9.998701e-01 4.526964e+00
9.997765e-01 9.122246e-03 -1.907054e-02 -1.693878e-01 -9.192508e-03 9.999513e-01 -3.599923e-03 -9.254734e-02 1.903677e-02 3.774425e-03 9.998117e-01 4.974281e+00
9.996996e-01 7.715615e-03 -2.326299e-02 -1.854565e-01 -7.823625e-03 9.999590e-01 -4.555567e-03 -9.327915e-02 2.322689e-02 4.736199e-03 9.997190e-01 5.427896e+00
9.995917e-01 8.955803e-03 -2.713504e-02 -2.107523e-01 -9.123009e-03 9.999401e-01 -6.044486e-03 -9.862648e-02 2.707928e-02 6.289571e-03 9.996135e-01 5.857441e+00
9.994805e-01 7.788149e-03 -3.127443e-02 -2.290737e-01 -8.020604e-03 9.999411e-01 -7.314186e-03 -9.754374e-02 3.121563e-02 7.561226e-03 9.994841e-01 6.283667e+00
9.993525e-01 9.035590e-03 -3.482644e-02 -2.526325e-01 -9.293119e-03 9.999306e-01 -7.239889e-03 -1.027742e-01 3.475860e-02 7.558847e-03 9.993672e-01 6.711661e+00
9.991780e-01 1.021365e-02 -3.923141e-02 -2.705555e-01 -1.044980e-02 9.999285e-01 -5.819017e-03 -1.176518e-01 3.916917e-02 6.224194e-03 9.992132e-01 7.149805e+00
9.990857e-01 1.083279e-02 -4.135788e-02 -3.050155e-01 -1.104750e-02 9.999266e-01 -4.966492e-03 -1.284381e-01 4.130105e-02 5.418852e-03 9.991321e-01 7.582487e+00
9.989872e-01 1.293696e-02 -4.309464e-02 -3.445428e-01 -1.314937e-02 9.999027e-01 -4.648981e-03 -1.414893e-01 4.303031e-02 5.210940e-03 9.990602e-01 8.094143e+00
9.989132e-01 1.367881e-02 -4.455625e-02 -3.854836e-01 -1.393026e-02 9.998887e-01 -5.337697e-03 -1.533823e-01 4.447828e-02 5.952576e-03 9.989926e-01 8.734576e+00
9.988348e-01 1.374458e-02 -4.626228e-02 -4.279495e-01 -1.404475e-02 9.998823e-01 -6.169633e-03 -1.651352e-01 4.617203e-02 6.812186e-03 9.989103e-01 9.410645e+00
9.987912e-01 1.367385e-02 -4.721417e-02 -4.707308e-01 -1.400368e-02 9.998797e-01 -6.662045e-03 -1.787647e-01 4.711739e-02 7.315164e-03 9.988626e-01 9.985643e+00
9.987302e-01 1.393971e-02 -4.841107e-02 -5.367516e-01 -1.430773e-02 9.998713e-01 -7.263851e-03 -2.066783e-01 4.830358e-02 7.947280e-03 9.988011e-01 1.095022e+01
9.986259e-01 1.539212e-02 -5.009478e-02 -5.795165e-01 -1.584757e-02 9.998365e-01 -8.707144e-03 -2.228561e-01 4.995257e-02 9.489060e-03 9.987065e-01 1.160300e+01
9.986162e-01 1.647252e-02 -4.994375e-02 -6.763498e-01 -1.697935e-02 9.998084e-01 -9.740641e-03 -2.495482e-01 4.977373e-02 1.057517e-02 9.987045e-01 1.263995e+01
9.986010e-01 1.671983e-02 -5.016431e-02 -7.284310e-01 -1.728873e-02 9.997908e-01 -1.092842e-02 -2.682348e-01 4.997110e-02 1.178040e-02 9.986812e-01 1.343163e+01
9.986018e-01 1.551091e-02 -5.053543e-02 -7.809997e-01 -1.613463e-02 9.997983e-01 -1.195776e-02 -2.921128e-01 5.033976e-02 1.275641e-02 9.986507e-01 1.431260e+01
9.985977e-01 1.439659e-02 -5.094413e-02 -8.391131e-01 -1.510080e-02 9.997953e-01 -1.346536e-02 -3.141993e-01 5.073984e-02 1.421577e-02 9.986107e-01 1.527583e+01
9.985797e-01 1.438472e-02 -5.129935e-02 -9.098684e-01 -1.518904e-02 9.997672e-01 -1.532366e-02 -3.441172e-01 5.106698e-02 1.608108e-02 9.985658e-01 1.631238e+01
9.985021e-01 1.557436e-02 -5.244998e-02 -9.655422e-01 -1.641604e-02 9.997427e-01 -1.565487e-02 -3.641967e-01 5.219267e-02 1.649244e-02 9.985008e-01 1.714493e+01
9.983937e-01 1.787746e-02 -5.376227e-02 -1.030873e+00 -1.864132e-02 9.997318e-01 -1.374022e-02 -3.799406e-01 5.350221e-02 1.472035e-02 9.984592e-01 1.808461e+01
9.983783e-01 1.822290e-02 -5.393294e-02 -1.087908e+00 -1.881298e-02 9.997684e-01 -1.045357e-02 -3.874288e-01 5.372995e-02 1.145126e-02 9.984898e-01 1.896321e+01
9.983939e-01 1.723146e-02 -5.396859e-02 -1.134717e+00 -1.771094e-02 9.998077e-01 -8.418713e-03 -4.069608e-01 5.381315e-02 9.361027e-03 9.985071e-01 1.980154e+01
9.984170e-01 1.553409e-02 -5.405659e-02 -1.185178e+00 -1.610750e-02 9.998184e-01 -1.018813e-02 -4.445176e-01 5.388851e-02 1.104272e-02 9.984859e-01 2.084507e+01
9.984173e-01 1.428084e-02 -5.439631e-02 -1.224949e+00 -1.500560e-02 9.998037e-01 -1.293855e-02 -4.752892e-01 5.420086e-02 1.373432e-02 9.984356e-01 2.161466e+01
9.984019e-01 1.507407e-02 -5.446425e-02 -1.278039e+00 -1.590048e-02 9.997645e-01 -1.477202e-02 -4.986721e-01 5.422875e-02 1.561442e-02 9.984064e-01 2.246123e+01
9.984143e-01 1.537045e-02 -5.415334e-02 -1.342823e+00 -1.622716e-02 9.997495e-01 -1.541599e-02 -5.336907e-01 5.390282e-02 1.627030e-02 9.984136e-01 2.341088e+01
9.984630e-01 1.370405e-02 -5.370136e-02 -1.384056e+00 -1.459225e-02 9.997626e-01 -1.618273e-02 -5.592293e-01 5.346684e-02 1.694148e-02 9.984259e-01 2.428360e+01
9.984748e-01 1.105093e-02 -5.409126e-02 -1.402866e+00 -1.193605e-02 9.997997e-01 -1.606774e-02 -5.852820e-01 5.390286e-02 1.668887e-02 9.984067e-01 2.527551e+01
9.985320e-01 1.063122e-02 -5.311080e-02 -1.448372e+00 -1.144156e-02 9.998224e-01 -1.497694e-02 -6.085647e-01 5.294214e-02 1.556262e-02 9.984763e-01 2.607231e+01
9.985465e-01 1.291409e-02 -5.232662e-02 -1.507603e+00 -1.388251e-02 9.997382e-01 -1.818607e-02 -6.306976e-01 5.207807e-02 1.888606e-02 9.984644e-01 2.694561e+01
9.985501e-01 1.514808e-02 -5.165503e-02 -1.568701e+00 -1.651090e-02 9.995240e-01 -2.605928e-02 -6.478560e-01 5.123570e-02 2.687437e-02 9.983249e-01 2.783501e+01
9.986110e-01 1.499101e-02 -5.051111e-02 -1.624840e+00 -1.668513e-02 9.993066e-01 -3.328655e-02 -6.644729e-01 4.997709e-02 3.408310e-02 9.981686e-01 2.879153e+01
9.987204e-01 1.325179e-02 -4.880586e-02 -1.674316e+00 -1.503411e-02 9.992266e-01 -3.633443e-02 -6.809044e-01 4.828662e-02 3.702169e-02 9.981472e-01 2.974030e+01
9.988019e-01 1.060415e-02 -4.777414e-02 -1.701521e+00 -1.218800e-02 9.993815e-01 -3.298454e-02 -7.309403e-01 4.739482e-02 3.352729e-02 9.983134e-01 3.081200e+01
9.989260e-01 1.052547e-02 -4.512195e-02 -1.769133e+00 -1.191583e-02 9.994590e-01 -3.065604e-02 -7.789685e-01 4.477487e-02 3.116078e-02 9.985110e-01 3.189809e+01
9.990250e-01 1.173715e-02 -4.255930e-02 -1.834755e+00 -1.297285e-02 9.994988e-01 -2.887596e-02 -8.224899e-01 4.219905e-02 2.939992e-02 9.986766e-01 3.305180e+01
9.991122e-01 1.247747e-02 -4.023787e-02 -1.903494e+00 -1.361179e-02 9.995141e-01 -2.804055e-02 -8.669624e-01 3.986845e-02 2.856337e-02 9.987966e-01 3.421715e+01
9.991812e-01 1.121647e-02 -3.887427e-02 -1.913070e+00 -1.238150e-02 9.994774e-01 -2.985906e-02 -8.759947e-01 3.851904e-02 3.031593e-02 9.987979e-01 3.455744e+01
9.992911e-01 9.365655e-03 -3.646340e-02 -1.924957e+00 -1.049898e-02 9.994638e-01 -3.101478e-02 -8.878219e-01 3.615338e-02 3.137562e-02 9.988536e-01 3.490390e+01
9.993603e-01 8.923780e-03 -3.463092e-02 -1.938125e+00 -9.995089e-03 9.994729e-01 -3.088624e-02 -9.017938e-01 3.433705e-02 3.121262e-02 9.989228e-01 3.524668e+01
9.994656e-01 8.990565e-03 -3.142649e-02 -1.964168e+00 -9.922304e-03 9.995120e-01 -2.961909e-02 -9.162925e-01 3.114486e-02 2.991509e-02 9.990671e-01 3.560736e+01
9.995129e-01 1.034761e-02 -2.944173e-02 -1.984308e+00 -1.115143e-02 9.995659e-01 -2.727012e-02 -9.323557e-01 2.914676e-02 2.758516e-02 9.991944e-01 3.597681e+01
9.995609e-01 1.040603e-02 -2.774465e-02 -2.003663e+00 -1.112926e-02 9.995989e-01 -2.604164e-02 -9.444551e-01 2.746253e-02 2.633898e-02 9.992758e-01 3.636128e+01
9.995277e-01 1.089166e-02 -2.873559e-02 -2.009982e+00 -1.162073e-02 9.996117e-01 -2.532770e-02 -9.586414e-01 2.844857e-02 2.564967e-02 9.992661e-01 3.675353e+01
9.994939e-01 1.100728e-02 -2.984483e-02 -2.161382e+00 -1.175554e-02 9.996180e-01 -2.501326e-02 -1.108941e+00 2.955810e-02 2.535144e-02 9.992415e-01 4.159632e+01
9.994555e-01 1.159260e-02 -3.089087e-02 -2.176116e+00 -1.232953e-02 9.996413e-01 -2.377315e-02 -1.118981e+00 3.060419e-02 2.414108e-02 9.992400e-01 4.199675e+01
9.994290e-01 1.125979e-02 -3.185683e-02 -2.194378e+00 -1.196809e-02 9.996834e-01 -2.213115e-02 -1.134101e+00 3.159755e-02 2.249978e-02 9.992474e-01 4.240518e+01
9.993718e-01 1.300776e-02 -3.296752e-02 -2.456353e+00 -1.371533e-02 9.996784e-01 -2.132826e-02 -1.383235e+00 3.267949e-02 2.176703e-02 9.992288e-01 4.890623e+01
9.993107e-01 1.626373e-02 -3.337084e-02 -2.965890e+00 -1.702112e-02 9.996011e-01 -2.253891e-02 -1.637093e+00 3.299096e-02 2.309139e-02 9.991889e-01 5.674888e+01
9.992823e-01 1.765279e-02 -3.351400e-02 -3.078924e+00 -1.842169e-02 9.995709e-01 -2.277403e-02 -1.694722e+00 3.309759e-02 2.337507e-02 9.991787e-01 5.904576e+01
9.992293e-01 1.951433e-02 -3.405976e-02 -3.098827e+00 -2.018122e-02 9.996091e-01 -1.934737e-02 -1.704873e+00 3.366889e-02 2.001982e-02 9.992325e-01 5.948428e+01
9.992520e-01 1.805554e-02 -3.419748e-02 -3.118326e+00 -1.858364e-02 9.997119e-01 -1.518829e-02 -1.711845e+00 3.391340e-02 1.581244e-02 9.992997e-01 5.993391e+01
9.992479e-01 1.684939e-02 -3.492512e-02 -3.133365e+00 -1.727961e-02 9.997780e-01 -1.205333e-02 -1.719800e+00 3.471428e-02 1.264775e-02 9.993172e-01 6.039011e+01
9.992124e-01 1.771496e-02 -3.550698e-02 -3.148664e+00 -1.809815e-02 9.997811e-01 -1.049967e-02 -1.733426e+00 3.531321e-02 1.113401e-02 9.993143e-01 6.085347e+01
9.991181e-01 2.135776e-02 -3.615082e-02 -3.174545e+00 -2.169802e-02 9.997236e-01 -9.046099e-03 -1.750003e+00 3.594763e-02 9.822522e-03 9.993054e-01 6.131801e+01
9.990484e-01 2.300243e-02 -3.705634e-02 -3.199401e+00 -2.335750e-02 9.996851e-01 -9.177516e-03 -1.764830e+00 3.683356e-02 1.003433e-02 9.992710e-01 6.180137e+01
9.990188e-01 2.133015e-02 -3.881339e-02 -3.212437e+00 -2.176596e-02 9.997043e-01 -1.084057e-02 -1.772556e+00 3.857068e-02 1.167474e-02 9.991877e-01 6.227835e+01
9.990397e-01 1.879340e-02 -3.957855e-02 -3.232024e+00 -1.933119e-02 9.997253e-01 -1.324926e-02 -1.779260e+00 3.931868e-02 1.400163e-02 9.991286e-01 6.275117e+01
9.990454e-01 1.896392e-02 -3.935212e-02 -3.260498e+00 -1.952698e-02 9.997117e-01 -1.397349e-02 -1.788106e+00 3.907579e-02 1.472858e-02 9.991277e-01 6.323008e+01
9.990189e-01 2.134321e-02 -3.880416e-02 -3.288631e+00 -2.189207e-02 9.996654e-01 -1.377500e-02 -1.799626e+00 3.849717e-02 1.461099e-02 9.991519e-01 6.370151e+01
9.989860e-01 2.395911e-02 -3.811776e-02 -3.311773e+00 -2.447154e-02 9.996156e-01 -1.303394e-02 -1.812391e+00 3.779082e-02 1.395353e-02 9.991882e-01 6.418136e+01
9.989912e-01 2.459543e-02 -3.757098e-02 -3.329136e+00 -2.508351e-02 9.996063e-01 -1.257501e-02 -1.828060e+00 3.724690e-02 1.350474e-02 9.992148e-01 6.466438e+01
9.990512e-01 2.484346e-02 -3.576886e-02 -3.353586e+00 -2.530872e-02 9.996001e-01 -1.261379e-02 -1.838319e+00 3.544119e-02 1.350709e-02 9.992805e-01 6.514903e+01
9.991456e-01 2.335404e-02 -3.409766e-02 -3.375660e+00 -2.381374e-02 9.996301e-01 -1.313867e-02 -1.847290e+00 3.377821e-02 1.393944e-02 9.993321e-01 6.563963e+01
9.992453e-01 2.275971e-02 -3.147670e-02 -3.405039e+00 -2.318504e-02 9.996439e-01 -1.321417e-02 -1.858592e+00 3.116474e-02 1.393399e-02 9.994171e-01 6.612736e+01
9.993196e-01 2.033140e-02 -3.077174e-02 -3.415249e+00 -2.075075e-02 9.996953e-01 -1.337021e-02 -1.872674e+00 3.049053e-02 1.399965e-02 9.994370e-01 6.662279e+01
9.993628e-01 1.986960e-02 -2.965001e-02 -3.433156e+00 -2.029875e-02 9.996925e-01 -1.424359e-02 -1.882076e+00 2.935787e-02 1.483638e-02 9.994589e-01 6.711818e+01
9.993896e-01 2.054655e-02 -2.825504e-02 -3.452953e+00 -2.096108e-02 9.996758e-01 -1.445395e-02 -1.894964e+00 2.794891e-02 1.503738e-02 9.994962e-01 6.762364e+01
9.993999e-01 2.190376e-02 -2.683306e-02 -3.475168e+00 -2.230366e-02 9.996432e-01 -1.469545e-02 -1.909530e+00 2.650160e-02 1.528511e-02 9.995319e-01 6.813588e+01
9.994104e-01 2.116695e-02 -2.703309e-02 -3.484992e+00 -2.158280e-02 9.996517e-01 -1.518481e-02 -1.923220e+00 2.670226e-02 1.575931e-02 9.995192e-01 6.865043e+01
9.994391e-01 2.059571e-02 -2.640653e-02 -3.502237e+00 -2.099783e-02 9.996664e-01 -1.504238e-02 -1.938578e+00 2.608791e-02 1.558842e-02 9.995381e-01 6.917169e+01
9.994689e-01 2.042233e-02 -2.539415e-02 -3.523441e+00 -2.081417e-02 9.996669e-01 -1.526270e-02 -1.953284e+00 2.507399e-02 1.578315e-02 9.995610e-01 6.969065e+01
9.994914e-01 2.008531e-02 -2.476990e-02 -3.540132e+00 -2.048814e-02 9.996602e-01 -1.611784e-02 -1.964737e+00 2.443775e-02 1.661713e-02 9.995632e-01 7.021360e+01
9.995252e-01 1.954331e-02 -2.382154e-02 -3.561591e+00 -1.995841e-02 9.996509e-01 -1.731415e-02 -1.977616e+00 2.347484e-02 1.778137e-02 9.995663e-01 7.074149e+01
9.995071e-01 2.041898e-02 -2.384613e-02 -3.578360e+00 -2.085716e-02 9.996155e-01 -1.827359e-02 -1.989979e+00 2.346384e-02 1.876194e-02 9.995486e-01 7.127373e+01
9.995047e-01 2.177533e-02 -2.271790e-02 -3.604228e+00 -2.221458e-02 9.995676e-01 -1.926506e-02 -2.004186e+00 2.228858e-02 1.976019e-02 9.995563e-01 7.181628e+01
9.995028e-01 2.219932e-02 -2.239229e-02 -3.623268e+00 -2.264252e-02 9.995488e-01 -1.973706e-02 -2.020692e+00 2.194404e-02 2.023426e-02 9.995544e-01 7.236860e+01
9.995109e-01 2.219004e-02 -2.203649e-02 -3.642236e+00 -2.263271e-02 9.995429e-01 -2.004596e-02 -2.036033e+00 2.158159e-02 2.053490e-02 9.995562e-01 7.292701e+01
9.995052e-01 2.230894e-02 -2.217337e-02 -3.657180e+00 -2.275953e-02 9.995352e-01 -2.028129e-02 -2.053253e+00 2.171061e-02 2.077591e-02 9.995484e-01 7.349423e+01
9.994976e-01 2.219493e-02 -2.262424e-02 -3.671492e+00 -2.266234e-02 9.995306e-01 -2.061694e-02 -2.069651e+00 2.215603e-02 2.111930e-02 9.995314e-01 7.405707e+01
9.994966e-01 2.231788e-02 -2.254948e-02 -3.690957e+00 -2.278713e-02 9.995245e-01 -2.077158e-02 -2.084662e+00 2.207518e-02 2.127496e-02 9.995299e-01 7.462238e+01
9.994978e-01 2.261325e-02 -2.219794e-02 -3.715276e+00 -2.306331e-02 9.995292e-01 -2.023281e-02 -2.099387e+00 2.172996e-02 2.073461e-02 9.995488e-01 7.519654e+01
9.995201e-01 2.179979e-02 -2.200828e-02 -3.736532e+00 -2.224476e-02 9.995489e-01 -2.017998e-02 -2.114460e+00 2.155843e-02 2.065986e-02 9.995541e-01 7.577463e+01
9.994954e-01 2.278331e-02 -2.213139e-02 -3.758643e+00 -2.322583e-02 9.995312e-01 -1.994821e-02 -2.133013e+00 2.166653e-02 2.045216e-02 9.995560e-01 7.636622e+01
9.994825e-01 2.334248e-02 -2.213322e-02 -3.783952e+00 -2.377552e-02 9.995270e-01 -1.950789e-02 -2.150169e+00 2.166739e-02 2.002402e-02 9.995647e-01 7.696025e+01
9.994800e-01 2.264559e-02 -2.295387e-02 -3.801310e+00 -2.309074e-02 9.995467e-01 -1.931744e-02 -2.169042e+00 2.250601e-02 1.983742e-02 9.995499e-01 7.755577e+01
9.994577e-01 2.251113e-02 -2.403213e-02 -3.816553e+00 -2.298396e-02 9.995440e-01 -1.958313e-02 -2.188968e+00 2.358033e-02 2.012487e-02 9.995194e-01 7.815032e+01
9.994677e-01 2.122020e-02 -2.477897e-02 -3.837606e+00 -2.171906e-02 9.995633e-01 -2.003971e-02 -2.212769e+00 2.434290e-02 2.056722e-02 9.994921e-01 7.873021e+01
9.994161e-01 2.297065e-02 -2.529530e-02 -3.863040e+00 -2.349548e-02 9.995106e-01 -2.065022e-02 -2.228751e+00 2.480857e-02 2.123248e-02 9.994667e-01 7.931897e+01
9.994016e-01 2.277617e-02 -2.603248e-02 -3.885214e+00 -2.333832e-02 9.994964e-01 -2.149847e-02 -2.247736e+00 2.552972e-02 2.209316e-02 9.994299e-01 7.990415e+01
9.994022e-01 2.048268e-02 -2.784992e-02 -3.895076e+00 -2.108838e-02 9.995436e-01 -2.163194e-02 -2.264504e+00 2.739413e-02 2.220632e-02 9.993780e-01 8.048167e+01
9.993818e-01 1.659149e-02 -3.099502e-02 -3.894093e+00 -1.724966e-02 9.996288e-01 -2.108943e-02 -2.285684e+00 3.063361e-02 2.161105e-02 9.992970e-01 8.106083e+01
9.993274e-01 1.401532e-02 -3.388829e-02 -3.896092e+00 -1.473269e-02 9.996707e-01 -2.101239e-02 -2.302868e+00 3.358263e-02 2.149752e-02 9.992047e-01 8.164031e+01
9.992627e-01 1.379581e-02 -3.582906e-02 -3.908501e+00 -1.455084e-02 9.996757e-01 -2.089875e-02 -2.324879e+00 3.552913e-02 2.140468e-02 9.991394e-01 8.220797e+01
9.991942e-01 1.535496e-02 -3.708205e-02 -3.930826e+00 -1.619340e-02 9.996176e-01 -2.241684e-02 -2.349338e+00 3.672366e-02 2.299926e-02 9.990608e-01 8.277932e+01
9.991595e-01 1.384952e-02 -3.858133e-02 -3.950765e+00 -1.485503e-02 9.995542e-01 -2.589846e-02 -2.369647e+00 3.820545e-02 2.644982e-02 9.989198e-01 8.333573e+01
9.991347e-01 1.067502e-02 -4.019800e-02 -3.971458e+00 -1.184581e-02 9.995092e-01 -2.900098e-02 -2.391046e+00 3.986869e-02 2.945207e-02 9.987708e-01 8.388943e+01
9.991236e-01 7.975670e-03 -4.109070e-02 -3.990805e+00 -9.250814e-03 9.994785e-01 -3.093633e-02 -2.412532e+00 4.082254e-02 3.128934e-02 9.986764e-01 8.442398e+01
9.990784e-01 8.827830e-03 -4.200534e-02 -4.017916e+00 -1.018085e-02 9.994326e-01 -3.210664e-02 -2.435036e+00 4.169808e-02 3.250470e-02 9.986014e-01 8.495932e+01
9.990107e-01 1.094716e-02 -4.310232e-02 -4.044869e+00 -1.225425e-02 9.994694e-01 -3.017885e-02 -2.457614e+00 4.274908e-02 3.067718e-02 9.986148e-01 8.548556e+01
9.990063e-01 1.052659e-02 -4.330927e-02 -4.074843e+00 -1.163326e-02 9.996102e-01 -2.538043e-02 -2.476691e+00 4.302522e-02 2.585904e-02 9.987393e-01 8.601482e+01
9.989766e-01 9.359770e-03 -4.425160e-02 -4.097441e+00 -1.021605e-02 9.997642e-01 -1.916389e-02 -2.494101e+00 4.406179e-02 1.959635e-02 9.988366e-01 8.655809e+01
9.989695e-01 7.772409e-03 -4.471550e-02 -4.119828e+00 -8.304263e-03 9.998968e-01 -1.172074e-02 -2.511407e+00 4.461979e-02 1.207999e-02 9.989310e-01 8.711266e+01
9.989927e-01 8.865747e-03 -4.398907e-02 -4.151517e+00 -9.107556e-03 9.999445e-01 -5.299672e-03 -2.528152e+00 4.393965e-02 5.694967e-03 9.990180e-01 8.768963e+01
9.990419e-01 9.410317e-03 -4.274002e-02 -4.180719e+00 -9.514159e-03 9.999523e-01 -2.226859e-03 -2.543513e+00 4.271702e-02 2.631360e-03 9.990837e-01 8.828787e+01
9.990757e-01 1.092866e-02 -4.157391e-02 -4.210329e+00 -1.103945e-02 9.999361e-01 -2.436351e-03 -2.557030e+00 4.154463e-02 2.893052e-03 9.991325e-01 8.889836e+01
9.992023e-01 1.323029e-02 -3.767999e-02 -4.256702e+00 -1.345979e-02 9.998923e-01 -5.843542e-03 -2.568926e+00 3.759862e-02 6.346045e-03 9.992728e-01 8.950885e+01
9.992332e-01 1.615008e-02 -3.566821e-02 -4.292192e+00 -1.650484e-02 9.998170e-01 -9.674336e-03 -2.580473e+00 3.550544e-02 1.025562e-02 9.993169e-01 9.011443e+01
9.993006e-01 1.347353e-02 -3.488138e-02 -4.310313e+00 -1.394415e-02 9.998145e-01 -1.328405e-02 -2.592493e+00 3.469593e-02 1.376115e-02 9.993032e-01 9.071460e+01
9.993618e-01 1.181212e-02 -3.371247e-02 -4.331950e+00 -1.236933e-02 9.997895e-01 -1.636788e-02 -2.605663e+00 3.351204e-02 1.677443e-02 9.992975e-01 9.129674e+01
9.994229e-01 1.217584e-02 -3.171296e-02 -4.359013e+00 -1.273307e-02 9.997670e-01 -1.742895e-02 -2.625396e+00 3.149336e-02 1.782269e-02 9.993450e-01 9.187460e+01
9.994000e-01 1.608126e-02 -3.067632e-02 -4.388114e+00 -1.661535e-02 9.997134e-01 -1.723595e-02 -2.641728e+00 3.039036e-02 1.773531e-02 9.993808e-01 9.244603e+01
9.993980e-01 1.823934e-02 -2.951261e-02 -4.415766e+00 -1.875458e-02 9.996748e-01 -1.727668e-02 -2.658729e+00 2.918789e-02 1.781977e-02 9.994151e-01 9.303181e+01
9.993613e-01 2.276819e-02 -2.754314e-02 -4.458568e+00 -2.326201e-02 9.995719e-01 -1.774365e-02 -2.678873e+00 2.712736e-02 1.837302e-02 9.994631e-01 9.360772e+01
9.993714e-01 2.294242e-02 -2.702565e-02 -4.483392e+00 -2.341265e-02 9.995777e-01 -1.721354e-02 -2.698890e+00 2.661932e-02 1.783546e-02 9.994865e-01 9.419475e+01
9.993640e-01 2.482048e-02 -2.560169e-02 -4.520059e+00 -2.528455e-02 9.995189e-01 -1.796487e-02 -2.719607e+00 2.514348e-02 1.860077e-02 9.995108e-01 9.477305e+01
9.993578e-01 2.436945e-02 -2.626924e-02 -4.532213e+00 -2.486888e-02 9.995129e-01 -1.885614e-02 -2.738269e+00 2.579693e-02 1.949732e-02 9.994770e-01 9.534525e+01
9.993078e-01 2.673348e-02 -2.586884e-02 -4.564786e+00 -2.720568e-02 9.994664e-01 -1.807712e-02 -2.759800e+00 2.537177e-02 1.876839e-02 9.995019e-01 9.592360e+01
9.992514e-01 2.912312e-02 -2.546463e-02 -4.594188e+00 -2.960485e-02 9.993858e-01 -1.874969e-02 -2.772509e+00 2.490294e-02 1.948953e-02 9.994999e-01 9.649120e+01
9.992466e-01 2.906938e-02 -2.571252e-02 -4.612337e+00 -2.954189e-02 9.993980e-01 -1.819142e-02 -2.789031e+00 2.516822e-02 1.893732e-02 9.995038e-01 9.705392e+01
9.992334e-01 3.002115e-02 -2.512769e-02 -4.642796e+00 -3.047980e-02 9.993720e-01 -1.807313e-02 -2.805338e+00 2.456933e-02 1.882517e-02 9.995209e-01 9.761679e+01
9.992653e-01 2.850150e-02 -2.562454e-02 -4.656318e+00 -2.897062e-02 9.994159e-01 -1.812656e-02 -2.820497e+00 2.509294e-02 1.885561e-02 9.995073e-01 9.819049e+01
9.992603e-01 2.766391e-02 -2.671098e-02 -4.668272e+00 -2.814256e-02 9.994470e-01 -1.771291e-02 -2.838371e+00 2.620620e-02 1.845153e-02 9.994863e-01 9.875486e+01
9.992330e-01 2.778440e-02 -2.759488e-02 -4.684511e+00 -2.826843e-02 9.994505e-01 -1.730797e-02 -2.857175e+00 2.709882e-02 1.807475e-02 9.994693e-01 9.932108e+01
9.992059e-01 2.819283e-02 -2.815626e-02 -4.704867e+00 -2.869570e-02 9.994329e-01 -1.761846e-02 -2.874798e+00 2.764358e-02 1.841243e-02 9.994483e-01 9.987554e+01
9.992519e-01 2.664787e-02 -2.802847e-02 -4.726500e+00 -2.715070e-02 9.994744e-01 -1.771498e-02 -2.891996e+00 2.754167e-02 1.846272e-02 9.994501e-01 1.004300e+02
9.992422e-01 2.664562e-02 -2.837300e-02 -4.750965e+00 -2.714646e-02 9.994798e-01 -1.741548e-02 -2.910182e+00 2.789419e-02 1.817251e-02 9.994457e-01 1.009839e+02
9.992088e-01 2.660494e-02 -2.956127e-02 -4.771304e+00 -2.712394e-02 9.994824e-01 -1.729654e-02 -2.927166e+00 2.908579e-02 1.808467e-02 9.994133e-01 1.015381e+02
9.991368e-01 2.799252e-02 -3.069331e-02 -4.797719e+00 -2.852797e-02 9.994459e-01 -1.714826e-02 -2.941502e+00 3.019628e-02 1.800908e-02 9.993817e-01 1.020857e+02
9.990696e-01 2.935691e-02 -3.159377e-02 -4.829156e+00 -2.988392e-02 9.994198e-01 -1.633969e-02 -2.958176e+00 3.109575e-02 1.726863e-02 9.993672e-01 1.026374e+02
9.989763e-01 3.090467e-02 -3.303422e-02 -4.859875e+00 -3.144121e-02 9.993800e-01 -1.584758e-02 -2.974861e+00 3.252398e-02 1.686999e-02 9.993286e-01 1.031847e+02
9.988435e-01 3.306422e-02 -3.490569e-02 -4.892054e+00 -3.362290e-02 9.993137e-01 -1.554135e-02 -2.990084e+00 3.436787e-02 1.669701e-02 9.992698e-01 1.037264e+02
9.986624e-01 3.557222e-02 -3.752314e-02 -4.921824e+00 -3.616289e-02 9.992306e-01 -1.518166e-02 -3.005322e+00 3.695423e-02 1.651830e-02 9.991804e-01 1.042698e+02
9.985304e-01 3.752210e-02 -3.910379e-02 -4.961633e+00 -3.815990e-02 9.991484e-01 -1.569346e-02 -3.021788e+00 3.848163e-02 1.716259e-02 9.991119e-01 1.048154e+02
9.983886e-01 3.752926e-02 -4.256503e-02 -4.990966e+00 -3.825342e-02 9.991347e-01 -1.632784e-02 -3.038447e+00 4.191543e-02 1.792979e-02 9.989603e-01 1.053617e+02
9.981708e-01 3.901718e-02 -4.618160e-02 -5.026557e+00 -3.985448e-02 9.990548e-01 -1.735051e-02 -3.055302e+00 4.546098e-02 1.915932e-02 9.987824e-01 1.059075e+02
9.981642e-01 3.711760e-02 -4.786018e-02 -5.068243e+00 -3.801333e-02 9.991161e-01 -1.794289e-02 -3.073434e+00 4.715188e-02 1.972928e-02 9.986929e-01 1.064518e+02
9.980412e-01 3.610901e-02 -5.108718e-02 -5.100360e+00 -3.714595e-02 9.991197e-01 -1.949559e-02 -3.088705e+00 5.033824e-02 2.135508e-02 9.985039e-01 1.069847e+02
9.979361e-01 3.399201e-02 -5.447949e-02 -5.132619e+00 -3.514461e-02 9.991752e-01 -2.033974e-02 -3.106641e+00 5.374317e-02 2.221242e-02 9.983077e-01 1.075229e+02
9.977806e-01 3.241109e-02 -5.816713e-02 -5.162417e+00 -3.366657e-02 9.992180e-01 -2.073524e-02 -3.125441e+00 5.744959e-02 2.264750e-02 9.980915e-01 1.080379e+02
9.976038e-01 3.201269e-02 -6.133308e-02 -5.197234e+00 -3.334622e-02 9.992265e-01 -2.084343e-02 -3.144606e+00 6.061838e-02 2.283871e-02 9.978997e-01 1.085499e+02
9.974871e-01 3.070880e-02 -6.384637e-02 -5.225698e+00 -3.207225e-02 9.992765e-01 -2.044088e-02 -3.163077e+00 6.317247e-02 2.243721e-02 9.977504e-01 1.090418e+02
9.973777e-01 3.247899e-02 -6.467454e-02 -5.265289e+00 -3.381848e-02 9.992333e-01 -1.972506e-02 -3.179550e+00 6.398431e-02 2.186053e-02 9.977114e-01 1.095199e+02
9.974179e-01 3.408677e-02 -6.321165e-02 -5.301905e+00 -3.538321e-02 9.991835e-01 -1.950454e-02 -3.191661e+00 6.249519e-02 2.169081e-02 9.978095e-01 1.099819e+02
9.972708e-01 4.362916e-02 -5.955982e-02 -5.358817e+00 -4.485447e-02 9.988053e-01 -1.939256e-02 -3.212540e+00 5.864259e-02 2.201116e-02 9.980363e-01 1.104051e+02
9.974490e-01 4.815925e-02 -5.268896e-02 -5.404547e+00 -4.924999e-02 9.985941e-01 -1.960221e-02 -3.223718e+00 5.167086e-02 2.214713e-02 9.984186e-01 1.108391e+02
9.974619e-01 5.690120e-02 -4.280265e-02 -5.451235e+00 -5.780816e-02 9.981222e-01 -2.025783e-02 -3.241132e+00 4.156958e-02 2.268076e-02 9.988781e-01 1.112475e+02
9.977005e-01 6.146670e-02 -2.855747e-02 -5.469233e+00 -6.206477e-02 9.978605e-01 -2.055015e-02 -3.258594e+00 2.723322e-02 2.227531e-02 9.993809e-01 1.116528e+02
9.980673e-01 6.132636e-02 -1.003687e-02 -5.448715e+00 -6.152644e-02 9.978842e-01 -2.101380e-02 -3.274231e+00 8.726935e-03 2.159072e-02 9.997288e-01 1.120548e+02
9.982938e-01 5.650495e-02 1.471972e-02 -5.410181e+00 -5.616854e-02 9.981712e-01 -2.234517e-02 -3.293388e+00 -1.595541e-02 2.148026e-02 9.996419e-01 1.124367e+02
9.975930e-01 5.308087e-02 4.461645e-02 -5.359714e+00 -5.204852e-02 9.983563e-01 -2.399075e-02 -3.306656e+00 -4.581657e-02 2.161078e-02 9.987161e-01 1.128234e+02
9.940978e-01 6.858635e-02 8.405654e-02 -5.377478e+00 -6.640178e-02 9.973853e-01 -2.851840e-02 -3.313686e+00 -8.579273e-02 2.276858e-02 9.960528e-01 1.131919e+02
9.894261e-01 7.182493e-02 1.260045e-01 -5.322765e+00 -6.844244e-02 9.971740e-01 -3.097680e-02 -3.330035e+00 -1.278733e-01 2.202520e-02 9.915459e-01 1.135607e+02
9.825404e-01 7.192209e-02 1.715857e-01 -5.233915e+00 -6.707113e-02 9.971718e-01 -3.391065e-02 -3.349177e+00 -1.735393e-01 2.181013e-02 9.845854e-01 1.139209e+02
9.734145e-01 6.615561e-02 2.192888e-01 -5.103437e+00 -5.936338e-02 9.975346e-01 -3.742703e-02 -3.373828e+00 -2.212242e-01 2.341429e-02 9.749419e-01 1.142574e+02
9.617050e-01 5.370250e-02 2.687743e-01 -4.931356e+00 -4.384973e-02 9.981323e-01 -4.253273e-02 -3.397096e+00 -2.705564e-01 2.911826e-02 9.622637e-01 1.145668e+02
9.455375e-01 4.595748e-02 3.222526e-01 -4.765404e+00 -3.311089e-02 9.984274e-01 -4.523663e-02 -3.422593e+00 -3.238248e-01 3.210286e-02 9.455723e-01 1.148660e+02
9.258658e-01 3.442982e-02 3.762805e-01 -4.564776e+00 -1.799731e-02 9.987280e-01 -4.710030e-02 -3.444414e+00 -3.774235e-01 3.683652e-02 9.253078e-01 1.151398e+02
9.019853e-01 2.792459e-02 4.308628e-01 -4.354705e+00 -8.337218e-03 9.988468e-01 -4.728265e-02 -3.460649e+00 -4.316863e-01 3.905606e-02 9.011779e-01 1.154198e+02
8.750760e-01 1.414326e-02 4.837789e-01 -4.103143e+00 1.080986e-02 9.987524e-01 -4.875174e-02 -3.479663e+00 -4.838649e-01 4.789106e-02 8.738313e-01 1.156531e+02
8.446573e-01 5.901046e-03 5.352750e-01 -3.846314e+00 2.395889e-02 9.985204e-01 -4.881485e-02 -3.494451e+00 -5.347710e-01 5.405642e-02 8.432662e-01 1.158915e+02
8.093894e-01 4.854982e-03 5.872522e-01 -3.601273e+00 2.954004e-02 9.983634e-01 -4.896777e-02 -3.517002e+00 -5.865289e-01 5.698145e-02 8.079214e-01 1.161337e+02
7.721603e-01 7.174441e-04 6.354274e-01 -3.301288e+00 4.200555e-02 9.977543e-01 -5.217095e-02 -3.529880e+00 -6.340379e-01 6.697581e-02 7.703961e-01 1.163262e+02
7.291041e-01 7.868920e-04 6.844024e-01 -3.017665e+00 4.514344e-02 9.977663e-01 -4.923916e-02 -3.548231e+00 -6.829124e-01 6.679675e-02 7.274400e-01 1.165479e+02
6.819304e-01 -1.120936e-03 7.314162e-01 -2.710669e+00 5.009568e-02 9.977221e-01 -4.517726e-02 -3.563081e+00 -7.296995e-01 6.744854e-02 6.804332e-01 1.167557e+02
6.320120e-01 -6.296734e-03 7.749330e-01 -2.381794e+00 6.164952e-02 9.972063e-01 -4.217666e-02 -3.577793e+00 -7.725025e-01 7.443040e-02 6.306345e-01 1.169181e+02
5.770831e-01 -7.326756e-03 8.166525e-01 -2.054660e+00 6.518537e-02 9.971826e-01 -3.711647e-02 -3.592526e+00 -8.140798e-01 7.465309e-02 5.759349e-01 1.170943e+02
5.211985e-01 -8.566414e-03 8.533925e-01 -1.691579e+00 7.741093e-02 9.963022e-01 -3.727678e-02 -3.589122e+00 -8.499174e-01 8.549051e-02 5.199344e-01 1.171955e+02
4.637442e-01 -1.050346e-02 8.859069e-01 -1.330380e+00 8.886575e-02 9.954384e-01 -3.471632e-02 -3.599699e+00 -8.815011e-01 9.482628e-02 4.625622e-01 1.172865e+02
4.086497e-01 -1.191622e-02 9.126135e-01 -9.544735e-01 9.623275e-02 9.949036e-01 -3.010036e-02 -3.607308e+00 -9.076038e-01 1.001238e-01 4.077138e-01 1.173767e+02
3.574201e-01 -1.388818e-02 9.338404e-01 -5.779788e-01 1.080260e-01 9.937930e-01 -2.656633e-02 -3.615108e+00 -9.276752e-01 1.103744e-01 3.567019e-01 1.174408e+02
3.093759e-01 -1.401990e-02 9.508365e-01 -1.911068e-01 1.142714e-01 9.931939e-01 -2.253629e-02 -3.617869e+00 -9.440490e-01 1.156256e-01 3.088724e-01 1.175143e+02
2.669795e-01 -1.426063e-02 9.635967e-01 2.005327e-01 1.203848e-01 9.925518e-01 -1.866533e-02 -3.624580e+00 -9.561535e-01 1.209856e-01 2.667077e-01 1.175655e+02
2.289387e-01 -1.416474e-02 9.733378e-01 5.944964e-01 1.240163e-01 9.921708e-01 -1.473106e-02 -3.629370e+00 -9.655087e-01 1.240823e-01 2.289029e-01 1.176082e+02
1.936129e-01 -1.400624e-02 9.809780e-01 9.925302e-01 1.254716e-01 9.920406e-01 -1.059979e-02 -3.635304e+00 -9.730215e-01 1.251372e-01 1.938292e-01 1.176550e+02
1.610990e-01 -1.332931e-02 9.868482e-01 1.391662e+00 1.265490e-01 9.919338e-01 -7.260617e-03 -3.641783e+00 -9.787913e-01 1.260544e-01 1.614864e-01 1.177055e+02
1.335684e-01 -1.256289e-02 9.909600e-01 1.798300e+00 1.268192e-01 9.919156e-01 -4.518546e-03 -3.648847e+00 -9.828919e-01 1.262762e-01 1.340818e-01 1.177441e+02
1.084329e-01 -1.160645e-02 9.940360e-01 2.212525e+00 1.277019e-01 9.918098e-01 -2.349709e-03 -3.649116e+00 -9.858674e-01 1.271951e-01 1.090270e-01 1.177782e+02
8.612368e-02 -1.119317e-02 9.962216e-01 2.627106e+00 1.284061e-01 9.917217e-01 4.185936e-05 -3.652447e+00 -9.879750e-01 1.279173e-01 8.684799e-02 1.178076e+02
6.734833e-02 -1.019121e-02 9.976775e-01 3.047026e+00 1.320142e-01 9.912471e-01 1.213890e-03 -3.651592e+00 -9.889573e-01 1.316258e-01 6.810422e-02 1.178185e+02
5.194329e-02 -8.600552e-03 9.986130e-01 3.482446e+00 1.383683e-01 9.903799e-01 1.332358e-03 -3.650678e+00 -9.890178e-01 1.381072e-01 5.263364e-02 1.178146e+02
3.861666e-02 -7.337225e-03 9.992272e-01 3.927567e+00 1.396028e-01 9.902058e-01 1.875818e-03 -3.652031e+00 -9.894543e-01 1.394225e-01 3.926274e-02 1.178250e+02
2.838036e-02 -7.005133e-03 9.995727e-01 4.376161e+00 1.409037e-01 9.900189e-01 2.937571e-03 -3.655157e+00 -9.896164e-01 1.407602e-01 2.908414e-02 1.178326e+02
2.057369e-02 -6.856838e-03 9.997648e-01 4.839264e+00 1.405914e-01 9.900600e-01 3.897115e-03 -3.655324e+00 -9.898539e-01 1.404781e-01 2.133320e-02 1.178518e+02
1.625765e-02 -6.376784e-03 9.998475e-01 5.312132e+00 1.396698e-01 9.901899e-01 4.044141e-03 -3.653386e+00 -9.900647e-01 1.395827e-01 1.698880e-02 1.178637e+02
1.364825e-02 -5.987171e-03 9.998889e-01 5.797197e+00 1.373871e-01 9.905091e-01 4.055704e-03 -3.653031e+00 -9.904234e-01 1.373165e-01 1.434128e-02 1.178768e+02
1.310931e-02 -6.903191e-03 9.998902e-01 6.295009e+00 1.395371e-01 9.902042e-01 5.006883e-03 -3.653431e+00 -9.901301e-01 1.394562e-01 1.394414e-02 1.178773e+02
1.455757e-02 -7.579088e-03 9.998653e-01 6.801510e+00 1.432685e-01 9.896690e-01 5.415877e-03 -3.653972e+00 -9.895768e-01 1.431703e-01 1.549302e-02 1.178766e+02
1.648943e-02 -8.249974e-03 9.998300e-01 7.321406e+00 1.418430e-01 9.898720e-01 5.828500e-03 -3.656668e+00 -9.897518e-01 1.417227e-01 1.749262e-02 1.178958e+02
1.768169e-02 -8.647326e-03 9.998063e-01 7.861362e+00 1.378213e-01 9.904381e-01 6.128915e-03 -3.658616e+00 -9.902993e-01 1.376863e-01 1.870440e-02 1.179316e+02
2.294814e-02 -8.625069e-03 9.996995e-01 8.407402e+00 1.438744e-01 9.895821e-01 5.235139e-03 -3.657045e+00 -9.893298e-01 1.437110e-01 2.395000e-02 1.179184e+02
2.532423e-02 -8.090200e-03 9.996466e-01 8.971696e+00 1.395987e-01 9.901980e-01 4.477253e-03 -3.659270e+00 -9.898843e-01 1.394360e-01 2.620538e-02 1.179603e+02
2.857895e-02 -9.300663e-03 9.995483e-01 9.546856e+00 1.376098e-01 9.904724e-01 5.281693e-03 -3.661117e+00 -9.900741e-01 1.373967e-01 2.958652e-02 1.179927e+02
3.274597e-02 -1.063016e-02 9.994072e-01 1.014268e+01 1.383671e-01 9.903628e-01 6.000312e-03 -3.664043e+00 -9.898395e-01 1.380886e-01 3.390125e-02 1.180181e+02
3.840211e-02 -1.177445e-02 9.991930e-01 1.074914e+01 1.418918e-01 9.898627e-01 6.211154e-03 -3.665377e+00 -9.891370e-01 1.415388e-01 3.968352e-02 1.180293e+02
4.292029e-02 -1.330849e-02 9.989899e-01 1.136610e+01 1.447321e-01 9.894464e-01 6.963129e-03 -3.665305e+00 -9.885396e-01 1.442871e-01 4.439350e-02 1.180547e+02
4.728601e-02 -1.356185e-02 9.987893e-01 1.199705e+01 1.457253e-01 9.893035e-01 6.533933e-03 -3.662834e+00 -9.881944e-01 1.452399e-01 4.875652e-02 1.180917e+02
5.112049e-02 -1.457248e-02 9.985862e-01 1.263608e+01 1.420310e-01 9.898362e-01 7.173823e-03 -3.667869e+00 -9.885413e-01 1.414634e-01 5.267065e-02 1.181476e+02
5.611487e-02 -1.557572e-02 9.983028e-01 1.329409e+01 1.427640e-01 9.897290e-01 7.417144e-03 -3.666872e+00 -9.881647e-01 1.421055e-01 5.776216e-02 1.181860e+02
6.039449e-02 -1.527937e-02 9.980576e-01 1.395801e+01 1.417270e-01 9.898839e-01 6.578048e-03 -3.668181e+00 -9.880617e-01 1.410545e-01 6.194903e-02 1.182403e+02
6.422876e-02 -1.545898e-02 9.978155e-01 1.463589e+01 1.452621e-01 9.893752e-01 5.977783e-03 -3.668564e+00 -9.873062e-01 1.445608e-01 6.579194e-02 1.182783e+02
6.294833e-02 -1.526898e-02 9.979000e-01 1.532723e+01 1.418460e-01 9.898693e-01 6.198343e-03 -3.679450e+00 -9.878852e-01 1.411579e-01 6.447647e-02 1.183517e+02
6.287140e-02 -1.444104e-02 9.979172e-01 1.603061e+01 1.427630e-01 9.897426e-01 5.328300e-03 -3.682196e+00 -9.877580e-01 1.421306e-01 6.428814e-02 1.183982e+02
6.303989e-02 -1.410578e-02 9.979113e-01 1.674595e+01 1.440904e-01 9.895525e-01 4.885171e-03 -3.687777e+00 -9.875545e-01 1.434815e-01 6.441379e-02 1.184375e+02
6.118510e-02 -1.346396e-02 9.980356e-01 1.746559e+01 1.445357e-01 9.894894e-01 4.487828e-03 -3.695093e+00 -9.876061e-01 1.439772e-01 6.248804e-02 1.184947e+02
6.021832e-02 -1.311630e-02 9.980991e-01 1.819317e+01 1.453874e-01 9.893658e-01 4.229876e-03 -3.699896e+00 -9.875405e-01 1.448563e-01 6.148489e-02 1.185438e+02
5.826436e-02 -1.355946e-02 9.982091e-01 1.891079e+01 1.448979e-01 9.894341e-01 4.982727e-03 -3.702976e+00 -9.877297e-01 1.443481e-01 5.961348e-02 1.186052e+02
5.795729e-02 -1.447611e-02 9.982141e-01 1.962328e+01 1.439370e-01 9.895687e-01 5.993612e-03 -3.708990e+00 -9.878882e-01 1.433325e-01 5.943637e-02 1.186495e+02
5.797422e-02 -1.499381e-02 9.982055e-01 2.033312e+01 1.444682e-01 9.894883e-01 6.472384e-03 -3.713909e+00 -9.878097e-01 1.438337e-01 5.953094e-02 1.186905e+02
5.747610e-02 -1.454958e-02 9.982409e-01 2.104707e+01 1.464132e-01 9.892054e-01 5.987804e-03 -3.716193e+00 -9.875524e-01 1.458114e-01 5.898592e-02 1.187341e+02
5.740110e-02 -1.348281e-02 9.982602e-01 2.174678e+01 1.486729e-01 9.888747e-01 4.807184e-03 -3.721657e+00 -9.872191e-01 1.481383e-01 5.876702e-02 1.187732e+02
5.709785e-02 -1.189533e-02 9.982977e-01 2.244065e+01 1.505353e-01 9.885996e-01 3.169876e-03 -3.729094e+00 -9.869544e-01 1.500980e-01 5.823758e-02 1.188171e+02
5.670556e-02 -1.127643e-02 9.983273e-01 2.312792e+01 1.494340e-01 9.887681e-01 2.680519e-03 -3.737791e+00 -9.871443e-01 1.490321e-01 5.775373e-02 1.188695e+02
5.668421e-02 -1.085289e-02 9.983332e-01 2.379694e+01 1.497147e-01 9.887267e-01 2.247828e-03 -3.743269e+00 -9.871030e-01 1.493377e-01 5.767003e-02 1.189167e+02
5.734448e-02 -1.241635e-02 9.982772e-01 2.446697e+01 1.507360e-01 9.885674e-01 3.636788e-03 -3.751584e+00 -9.869094e-01 1.502678e-01 5.856048e-02 1.189539e+02
5.792734e-02 -1.515861e-02 9.982057e-01 2.514584e+01 1.508831e-01 9.885318e-01 6.255738e-03 -3.765156e+00 -9.868529e-01 1.502500e-01 5.955019e-02 1.189922e+02
5.803396e-02 -1.611135e-02 9.981846e-01 2.584548e+01 1.511915e-01 9.884785e-01 7.164487e-03 -3.768869e+00 -9.867995e-01 1.505012e-01 5.980122e-02 1.190367e+02
5.853795e-02 -1.631400e-02 9.981519e-01 2.654337e+01 1.504557e-01 9.885895e-01 7.334035e-03 -3.775872e+00 -9.868822e-01 1.497483e-01 6.032454e-02 1.190838e+02
5.681626e-02 -1.433880e-02 9.982817e-01 2.724045e+01 1.429656e-01 9.897090e-01 6.078909e-03 -3.781949e+00 -9.880955e-01 1.423746e-01 5.828152e-02 1.191633e+02
5.540707e-02 -1.328262e-02 9.983755e-01 2.793237e+01 1.413651e-01 9.899432e-01 5.325064e-03 -3.789463e+00 -9.884058e-01 1.408404e-01 5.672755e-02 1.192084e+02
5.175593e-02 -1.294561e-02 9.985759e-01 2.863440e+01 1.372268e-01 9.905231e-01 5.728783e-03 -3.799052e+00 -9.891866e-01 1.367349e-01 5.304193e-02 1.192649e+02
4.912840e-02 -1.284638e-02 9.987099e-01 2.933103e+01 1.337660e-01 9.909938e-01 6.166931e-03 -3.805317e+00 -9.897944e-01 1.332905e-01 5.040435e-02 1.193144e+02
4.706640e-02 -1.286885e-02 9.988089e-01 3.002772e+01 1.328955e-01 9.911087e-01 6.507267e-03 -3.811341e+00 -9.900119e-01 1.324310e-01 4.835813e-02 1.193522e+02
4.480743e-02 -1.288833e-02 9.989125e-01 3.071784e+01 1.342304e-01 9.909271e-01 6.764230e-03 -3.817568e+00 -9.899366e-01 1.337814e-01 4.613090e-02 1.193846e+02
4.378819e-02 -1.278946e-02 9.989590e-01 3.141286e+01 1.360374e-01 9.906809e-01 6.720439e-03 -3.822604e+00 -9.897355e-01 1.356015e-01 4.511997e-02 1.194051e+02
4.293539e-02 -1.285352e-02 9.989952e-01 3.210627e+01 1.374233e-01 9.904888e-01 6.837818e-03 -3.827730e+00 -9.895814e-01 1.369917e-01 4.429340e-02 1.194263e+02
4.169193e-02 -1.333135e-02 9.990416e-01 3.279828e+01 1.380447e-01 9.903979e-01 7.455141e-03 -3.831821e+00 -9.895481e-01 1.376015e-01 4.313193e-02 1.194561e+02
4.083711e-02 -1.372018e-02 9.990716e-01 3.349383e+01 1.383172e-01 9.903561e-01 7.946764e-03 -3.834422e+00 -9.895457e-01 1.378643e-01 4.234101e-02 1.194890e+02
4.094665e-02 -1.420835e-02 9.990603e-01 3.418925e+01 1.405672e-01 9.900362e-01 8.318841e-03 -3.839007e+00 -9.892241e-01 1.400945e-01 4.253589e-02 1.195110e+02
4.018642e-02 -1.429869e-02 9.990899e-01 3.488618e+01 1.407022e-01 9.900154e-01 8.509353e-03 -3.842177e+00 -9.892360e-01 1.402321e-01 4.179703e-02 1.195525e+02
4.025051e-02 -1.374329e-02 9.990951e-01 3.557793e+01 1.399935e-01 9.901203e-01 7.979920e-03 -3.849108e+00 -9.893340e-01 1.395456e-01 4.177681e-02 1.195878e+02
3.988549e-02 -1.329489e-02 9.991158e-01 3.627005e+01 1.391839e-01 9.902372e-01 7.620410e-03 -3.851857e+00 -9.894630e-01 1.387569e-01 4.134654e-02 1.196277e+02
3.933368e-02 -1.292316e-02 9.991426e-01 3.695848e+01 1.373810e-01 9.904906e-01 7.402919e-03 -3.856353e+00 -9.897370e-01 1.369720e-01 4.073504e-02 1.196704e+02
3.900575e-02 -1.313975e-02 9.991526e-01 3.764349e+01 1.376046e-01 9.904577e-01 7.653484e-03 -3.860318e+00 -9.897189e-01 1.371894e-01 4.044164e-02 1.197046e+02
3.994442e-02 -1.347639e-02 9.991110e-01 3.833675e+01 1.382503e-01 9.903664e-01 7.831192e-03 -3.866496e+00 -9.895915e-01 1.378146e-01 4.142272e-02 1.197305e+02
3.863500e-02 -1.369228e-02 9.991596e-01 3.902574e+01 1.345548e-01 9.908708e-01 8.375791e-03 -3.875881e+00 -9.901527e-01 1.341181e-01 4.012465e-02 1.197788e+02
3.791451e-02 -1.313482e-02 9.991947e-01 3.971689e+01 1.304238e-01 9.914254e-01 8.083753e-03 -3.884799e+00 -9.907331e-01 1.300122e-01 3.930250e-02 1.198243e+02
3.679635e-02 -1.319878e-02 9.992356e-01 4.040756e+01 1.278067e-01 9.917636e-01 8.393667e-03 -3.887207e+00 -9.911163e-01 1.274001e-01 3.818017e-02 1.198652e+02
