1.000000e+00 0.000000e+00 0.000000e+00 0.000000e+00 0.000000e+00 1.000000e+00 0.000000e+00 0.000000e+00 0.000000e+00 0.000000e+00 1.000000e+00 0.000000e+00
9.999948e-01 -1.032885e-03 3.042848e-03 -5.329336e-03 1.018146e-03 9.999878e-01 4.841457e-03 -9.337211e-03 -3.047812e-03 -4.838334e-03 9.999837e-01 8.391171e-01
9.999464e-01 -9.490546e-03 4.139769e-03 3.583093e-02 9.486815e-03 9.999546e-01 9.199957e-04 -1.773504e-02 -4.148312e-03 -8.806732e-04 9.999910e-01 1.681347e+00
9.999294e-01 -9.820331e-03 6.696719e-03 4.921336e-02 9.864458e-03 9.999296e-01 -6.588491e-03 -2.353094e-02 -6.631547e-03 6.654085e-03 9.999559e-01 2.480377e+00
9.999456e-01 -1.167490e-03 1.036941e-02 3.504579e-02 1.287736e-03 9.999319e-01 -1.159717e-02 -2.402480e-02 -1.035517e-02 1.160989e-02 9.998790e-01 3.284212e+00
9.999033e-01 -3.690543e-03 1.340675e-02 3.673480e-02 3.823515e-03 9.999436e-01 -9.906195e-03 -3.529039e-02 -1.336944e-02 9.956498e-03 9.998611e-01 4.089078e+00
9.998211e-01 -1.058292e-02 1.567873e-02 4.561530e-02 1.065898e-02 9.999318e-01 -4.775732e-03 -5.759036e-02 -1.562712e-02 4.941997e-03 9.998657e-01 4.910888e+00
9.997170e-01 -1.616795e-02 1.744806e-02 6.439052e-02 1.621472e-02 9.998653e-01 -2.542387e-03 -7.329190e-02 -1.740461e-02 2.824583e-03 9.998445e-01 5.773885e+00
9.996899e-01 -1.717928e-02 1.802479e-02 8.308123e-02 1.718709e-02 9.998523e-01 -2.783907e-04 -8.010840e-02 -1.801734e-02 5.880980e-04 9.998375e-01 6.713288e+00
9.997370e-01 -1.400535e-02 1.816179e-02 8.941488e-02 1.389322e-02 9.998837e-01 6.285513e-03 -8.771288e-02 -1.824771e-02 -6.031534e-03 9.998153e-01 7.683951e+00
9.997157e-01 -1.519315e-02 1.837530e-02 1.081943e-01 1.500001e-02 9.998313e-01 1.060328e-02 -9.604565e-02 -1.853330e-02 -1.032464e-02 9.997749e-01 8.651982e+00
9.997315e-01 -1.268651e-02 1.939228e-02 1.138930e-01 1.254830e-02 9.998951e-01 7.232041e-03 -1.171202e-01 -1.948200e-02 -6.986759e-03 9.997858e-01 1.017387e+01
9.997417e-01 -9.980219e-03 2.041793e-02 1.215600e-01 1.000725e-02 9.999492e-01 -1.222268e-03 -1.245554e-01 -2.040469e-02 1.426280e-03 9.997908e-01 1.123465e+01
9.997394e-01 -7.950971e-03 2.139764e-02 1.310528e-01 8.062413e-03 9.999544e-01 -5.126898e-03 -1.288012e-01 -2.135590e-02 5.298079e-03 9.997579e-01 1.218241e+01
9.997754e-01 -7.060398e-03 1.998472e-02 1.569673e-01 7.006510e-03 9.999716e-01 2.765180e-03 -1.341023e-01 -2.000368e-02 -2.624535e-03 9.997965e-01 1.309126e+01
9.997032e-01 -1.287984e-02 2.067883e-02 1.878961e-01 1.263454e-02 9.998488e-01 1.194918e-02 -1.465343e-01 -2.082961e-02 -1.168437e-02 9.997148e-01 1.406765e+01
9.996070e-01 -1.646669e-02 2.268698e-02 2.104724e-01 1.617142e-02 9.997829e-01 1.313744e-02 -1.546412e-01 -2.289839e-02 -1.276540e-02 9.996563e-01 1.509922e+01
9.994844e-01 -1.949116e-02 2.551575e-02 2.439949e-01 1.936855e-02 9.997997e-01 5.043694e-03 -1.706110e-01 -2.560895e-02 -4.546890e-03 9.996617e-01 1.621276e+01
9.994608e-01 -1.527999e-02 2.906334e-02 2.473195e-01 1.532636e-02 9.998816e-01 -1.373413e-03 -1.808675e-01 -2.903892e-02 1.818108e-03 9.995766e-01 1.724548e+01
9.994057e-01 -1.447963e-02 3.128097e-02 2.908904e-01 1.463033e-02 9.998824e-01 -4.594108e-03 -2.042010e-01 -3.121077e-02 5.049029e-03 9.995001e-01 1.875834e+01
9.992439e-01 -1.824165e-02 3.433596e-02 3.369301e-01 1.835657e-02 9.998269e-01 -3.034629e-03 -2.316713e-01 -3.427466e-02 3.662625e-03 9.994057e-01 2.034486e+01
9.991582e-01 -1.926599e-02 3.621759e-02 4.049208e-01 1.931126e-02 9.998131e-01 -9.004934e-04 -2.415418e-01 -3.619347e-02 1.599143e-03 9.993435e-01 2.184751e+01
9.991257e-01 -1.643842e-02 3.844071e-02 4.625359e-01 1.629153e-02 9.998587e-01 4.131523e-03 -2.515762e-01 -3.850319e-02 -3.501652e-03 9.992523e-01 2.332889e+01
9.990452e-01 -1.592750e-02 4.068124e-02 5.016419e-01 1.543279e-02 9.998034e-01 1.244590e-02 -2.598139e-01 -4.087148e-02 -1.180619e-02 9.990947e-01 2.434688e+01
9.989418e-01 -1.454007e-02 4.363387e-02 5.357492e-01 1.374019e-02 9.997330e-01 1.857577e-02 -2.644213e-01 -4.389232e-02 -1.795657e-02 9.988749e-01 2.558624e+01
9.987894e-01 -1.628255e-02 4.641849e-02 5.927319e-01 1.548653e-02 9.997277e-01 1.745716e-02 -2.691106e-01 -4.669010e-02 -1.671716e-02 9.987695e-01 2.694628e+01
9.986623e-01 -1.455926e-02 4.961437e-02 6.265391e-01 1.401575e-02 9.998381e-01 1.128508e-02 -2.736057e-01 -4.977064e-02 -1.057460e-02 9.987047e-01 2.799747e+01
9.985786e-01 -1.412233e-02 5.139354e-02 6.693597e-01 1.402168e-02 9.998990e-01 2.318487e-03 -2.764189e-01 -5.142110e-02 -1.594568e-03 9.986758e-01 2.894734e+01
9.984543e-01 -1.159093e-02 5.435694e-02 7.022790e-01 1.158689e-02 9.999328e-01 3.895633e-04 -2.804255e-01 -5.435780e-02 2.408665e-04 9.985215e-01 2.986837e+01
9.982929e-01 -7.333429e-03 5.794421e-02 7.305526e-01 7.086523e-03 9.999649e-01 4.465439e-03 -2.853748e-01 -5.797493e-02 -4.047193e-03 9.983098e-01 3.072087e+01
9.981014e-01 -3.401908e-03 6.149884e-02 7.659376e-01 2.698852e-03 9.999301e-01 1.151148e-02 -2.923632e-01 -6.153371e-02 -1.132365e-02 9.980408e-01 3.159813e+01
9.978245e-01 3.139597e-03 6.585192e-02 8.037886e-01 -4.133688e-03 9.998795e-01 1.496504e-02 -2.937401e-01 -6.579700e-02 -1.520469e-02 9.977172e-01 3.252949e+01
9.974937e-01 7.361422e-03 7.037069e-02 8.530141e-01 -8.311422e-03 9.998781e-01 1.321667e-02 -3.003149e-01 -7.026482e-02 -1.376843e-02 9.974333e-01 3.351829e+01
9.970938e-01 1.075009e-02 7.542128e-02 8.992086e-01 -1.135584e-02 9.999066e-01 7.607235e-03 -3.121934e-01 -7.533245e-02 -8.441598e-03 9.971227e-01 3.444878e+01
9.967692e-01 8.274268e-03 7.989118e-02 1.012276e+00 -8.133972e-03 9.999648e-01 -2.081366e-03 -3.248314e-01 -7.990559e-02 1.424809e-03 9.968014e-01 3.579694e+01
9.962197e-01 7.532977e-03 8.654277e-02 1.069745e+00 -7.010652e-03 9.999553e-01 -6.337811e-03 -3.326552e-01 -8.658664e-02 5.707131e-03 9.962280e-01 3.658902e+01
9.955588e-01 6.453019e-03 9.392042e-02 1.144270e+00 -6.372587e-03 9.999790e-01 -1.156287e-03 -3.421939e-01 -9.392592e-02 5.526359e-04 9.955790e-01 3.745961e+01
9.947819e-01 2.952636e-03 1.019815e-01 1.221530e+00 -4.071976e-03 9.999337e-01 1.076949e-02 -3.556411e-01 -1.019429e-01 -1.112856e-02 9.947280e-01 3.825573e+01
9.938128e-01 1.399231e-03 1.110594e-01 1.309378e+00 -3.347339e-03 9.998438e-01 1.735662e-02 -3.704923e-01 -1.110178e-01 -1.762099e-02 9.936622e-01 3.911275e+01
9.926267e-01 -2.245435e-03 1.211903e-01 1.406806e+00 4.046837e-04 9.998842e-01 1.521140e-02 -3.766327e-01 -1.212105e-01 -1.505020e-02 9.925127e-01 3.997687e+01
9.914559e-01 -1.768576e-03 1.304301e-01 1.511325e+00 7.732558e-04 9.999702e-01 7.681311e-03 -3.811473e-01 -1.304398e-01 -7.514825e-03 9.914277e-01 4.082052e+01
9.903134e-01 -6.362019e-03 1.387040e-01 1.637104e+00 6.067061e-03 9.999783e-01 2.549240e-03 -3.853387e-01 -1.387172e-01 -1.683021e-03 9.903306e-01 4.162568e+01
9.891139e-01 -9.429564e-03 1.468496e-01 1.770335e+00 9.122766e-03 9.999546e-01 2.762565e-03 -3.961646e-01 -1.468689e-01 -1.392817e-03 9.891550e-01 4.249196e+01
9.879016e-01 -1.575121e-02 1.542797e-01 1.891236e+00 1.503573e-02 9.998701e-01 5.803332e-03 -4.007653e-01 -1.543511e-01 -3.413412e-03 9.880102e-01 4.323009e+01
9.868708e-01 -2.054035e-02 1.602001e-01 2.016409e+00 1.944870e-02 9.997757e-01 8.379430e-03 -4.053730e-01 -1.603362e-01 -5.153731e-03 9.870490e-01 4.398726e+01
9.859993e-01 -2.728973e-02 1.645012e-01 2.146771e+00 2.598115e-02 9.996114e-01 1.010161e-02 -4.133475e-01 -1.647129e-01 -5.686251e-03 9.863252e-01 4.471129e+01
9.855954e-01 -3.155687e-02 1.661504e-01 2.275764e+00 3.065571e-02 9.994981e-01 7.986146e-03 -4.177744e-01 -1.663190e-01 -2.777650e-03 9.860681e-01 4.541422e+01
9.854361e-01 -3.387574e-02 1.666377e-01 2.391692e+00 3.329477e-02 9.994258e-01 6.279614e-03 -4.214192e-01 -1.667547e-01 -6.399943e-04 9.859982e-01 4.611292e+01
9.856266e-01 -3.668201e-02 1.649079e-01 2.512713e+00 3.652357e-02 9.993248e-01 3.993957e-03 -4.206948e-01 -1.649430e-01 2.086475e-03 9.863009e-01 4.679287e+01
9.861083e-01 -3.675385e-02 1.619864e-01 2.621016e+00 3.658627e-02 9.993224e-01 4.018382e-03 -4.263229e-01 -1.620244e-01 1.963920e-03 9.867848e-01 4.746342e+01
9.866440e-01 -3.937861e-02 1.580597e-01 2.730516e+00 3.892436e-02 9.992243e-01 5.969753e-03 -4.317728e-01 -1.581721e-01 2.623494e-04 9.874115e-01 4.812805e+01
9.875667e-01 -3.631068e-02 1.529496e-01 2.820630e+00 3.582966e-02 9.993405e-01 5.901014e-03 -4.381221e-01 -1.530630e-01 -3.475115e-04 9.882164e-01 4.878536e+01
9.884928e-01 -3.885676e-02 1.461924e-01 2.921562e+00 3.839882e-02 9.992448e-01 5.954174e-03 -4.467602e-01 -1.463134e-01 -2.720414e-04 9.892383e-01 4.944050e+01
9.894801e-01 -3.842979e-02 1.394718e-01 3.000233e+00 3.784634e-02 9.992602e-01 6.834085e-03 -4.542760e-01 -1.396312e-01 -1.483695e-03 9.902025e-01 5.009738e+01
9.902662e-01 -4.527836e-02 1.316159e-01 3.088845e+00 4.452327e-02 9.989707e-01 8.675785e-03 -4.559675e-01 -1.318732e-01 -2.731368e-03 9.912628e-01 5.074527e+01
9.910937e-01 -4.854425e-02 1.240031e-01 3.169430e+00 4.726667e-02 9.987947e-01 1.322583e-02 -4.535458e-01 -1.244957e-01 -7.246821e-03 9.921937e-01 5.143477e+01
9.918887e-01 -5.088583e-02 1.164794e-01 3.247313e+00 4.910723e-02 9.986297e-01 1.809071e-02 -4.577821e-01 -1.172403e-01 -1.222399e-02 9.930283e-01 5.212268e+01
9.928025e-01 -5.212588e-02 1.078247e-01 3.324151e+00 5.026283e-02 9.985372e-01 1.992652e-02 -4.596528e-01 -1.087057e-01 -1.436352e-02 9.939702e-01 5.284875e+01
9.935235e-01 -5.205360e-02 1.010023e-01 3.378507e+00 5.053910e-02 9.985688e-01 1.749784e-02 -4.587222e-01 -1.017685e-01 -1.227995e-02 9.947323e-01 5.357613e+01
9.943015e-01 -5.134914e-02 9.342215e-02 3.432799e+00 5.039786e-02 9.986508e-01 1.251516e-02 -4.554495e-01 -9.393875e-02 -7.735565e-03 9.955479e-01 5.429399e+01
9.951305e-01 -4.998024e-02 8.495411e-02 3.481610e+00 4.958892e-02 9.987472e-01 6.711518e-03 -4.561552e-01 -8.518312e-02 -2.466054e-03 9.963623e-01 5.497395e+01
9.960027e-01 -4.662588e-02 7.618861e-02 3.512226e+00 4.655165e-02 9.989121e-01 2.750915e-03 -4.591951e-01 -7.623399e-02 8.067873e-04 9.970896e-01 5.563858e+01
9.968015e-01 -4.413330e-02 6.662645e-02 3.540714e+00 4.427416e-02 9.990192e-01 -6.383166e-04 -4.648864e-01 -6.653294e-02 3.586105e-03 9.977778e-01 5.628571e+01
9.974760e-01 -4.142499e-02 5.766775e-02 3.558684e+00 4.162648e-02 9.991306e-01 -2.296680e-03 -4.742797e-01 -5.752248e-02 4.691389e-03 9.983332e-01 5.692477e+01
9.981108e-01 -3.751591e-02 4.865552e-02 3.574101e+00 3.766334e-02 9.992882e-01 -2.116559e-03 -4.857638e-01 -4.854148e-02 3.945090e-03 9.988134e-01 5.758134e+01
9.986656e-01 -3.247959e-02 4.015179e-02 3.579378e+00 3.256283e-02 9.994687e-01 -1.420717e-03 -4.990319e-01 -4.008431e-02 2.726277e-03 9.991926e-01 5.824193e+01
9.990521e-01 -2.821645e-02 3.314668e-02 3.574253e+00 2.829136e-02 9.995981e-01 -1.793109e-03 -5.085461e-01 -3.308276e-02 2.729174e-03 9.994489e-01 5.889054e+01
9.992997e-01 -2.620666e-02 2.670664e-02 3.569900e+00 2.625810e-02 9.996540e-01 -1.577336e-03 -5.193078e-01 -2.665606e-02 2.277497e-03 9.996421e-01 5.955927e+01
9.995490e-01 -2.235868e-02 2.004882e-02 3.566849e+00 2.238418e-02 9.997489e-01 -1.048722e-03 -5.250939e-01 -2.002034e-02 1.497025e-03 9.997985e-01 6.022929e+01
9.996729e-01 -2.110961e-02 1.443670e-02 3.567558e+00 2.112207e-02 9.997767e-01 -7.113321e-04 -5.374529e-01 -1.441846e-02 1.016033e-03 9.998955e-01 6.090035e+01
9.997413e-01 -2.104616e-02 8.620816e-03 3.567524e+00 2.104907e-02 9.997784e-01 -2.468502e-04 -5.465577e-01 -8.613711e-03 4.282465e-04 9.999628e-01 6.156025e+01
9.997396e-01 -2.260656e-02 3.124103e-03 3.569427e+00 2.260509e-02 9.997443e-01 5.044862e-04 -5.524942e-01 -3.134709e-03 -4.337342e-04 9.999950e-01 6.222325e+01
9.997556e-01 -2.210185e-02 -4.242435e-04 3.562526e+00 2.210311e-02 9.997504e-01 3.247957e-03 -5.583469e-01 3.523518e-04 -3.256540e-03 9.999946e-01 6.289691e+01
9.998132e-01 -1.910111e-02 -2.938344e-03 3.538648e+00 1.911498e-02 9.998059e-01 4.767477e-03 -5.654143e-01 2.846709e-03 -4.822753e-03 9.999843e-01 6.358647e+01
9.997920e-01 -1.981858e-02 -4.809564e-03 3.515039e+00 1.984597e-02 9.997867e-01 5.716168e-03 -5.749239e-01 4.695252e-03 -5.810430e-03 9.999721e-01 6.429242e+01
9.997018e-01 -2.323248e-02 -7.523781e-03 3.507588e+00 2.326417e-02 9.997207e-01 4.152309e-03 -5.835680e-01 7.425212e-03 -4.326106e-03 9.999631e-01 6.502069e+01
9.995882e-01 -2.661255e-02 -1.073535e-02 3.506267e+00 2.664777e-02 9.996399e-01 3.151396e-03 -5.841911e-01 1.064762e-02 -3.436172e-03 9.999374e-01 6.576847e+01
9.995868e-01 -2.553790e-02 -1.319113e-02 3.485581e+00 2.557430e-02 9.996695e-01 2.597736e-03 -5.927849e-01 1.312043e-02 -2.934016e-03 9.999096e-01 6.651986e+01
9.995599e-01 -2.548063e-02 -1.519056e-02 3.467526e+00 2.554688e-02 9.996649e-01 4.183522e-03 -6.011171e-01 1.507887e-02 -4.569752e-03 9.998759e-01 6.726642e+01
9.994915e-01 -2.676223e-02 -1.733711e-02 3.450661e+00 2.685131e-02 9.996273e-01 4.925828e-03 -6.066374e-01 1.719882e-02 -5.388847e-03 9.998376e-01 6.799855e+01
9.995033e-01 -2.551080e-02 -1.850157e-02 3.391621e+00 2.561084e-02 9.996585e-01 5.190595e-03 -6.185413e-01 1.836283e-02 -5.661858e-03 9.998154e-01 6.980719e+01
9.995266e-01 -2.392684e-02 -1.934288e-02 3.335142e+00 2.402421e-02 9.996998e-01 4.817084e-03 -6.379976e-01 1.922181e-02 -5.279500e-03 9.998013e-01 7.183235e+01
9.995457e-01 -2.288825e-02 -1.960695e-02 3.285506e+00 2.295784e-02 9.997309e-01 3.331310e-03 -6.485328e-01 1.952542e-02 -3.779930e-03 9.998022e-01 7.393650e+01
9.995305e-01 -2.371909e-02 -1.939602e-02 3.272815e+00 2.375978e-02 9.997159e-01 1.870474e-03 -6.884218e-01 1.934614e-02 -2.330441e-03 9.998101e-01 7.641868e+01
9.995589e-01 -2.410373e-02 -1.734979e-02 3.259892e+00 2.409221e-02 9.997094e-01 -8.728449e-04 -6.969997e-01 1.736579e-02 4.544651e-04 9.998491e-01 7.714275e+01
9.997155e-01 -1.989256e-02 -1.315971e-02 3.228802e+00 1.984403e-02 9.997958e-01 -3.807948e-03 -7.048800e-01 1.323277e-02 3.545723e-03 9.999062e-01 7.785708e+01
9.998041e-01 -1.754667e-02 -9.155108e-03 3.218728e+00 1.750439e-02 9.998358e-01 -4.677521e-03 -7.204363e-01 9.235680e-03 4.516351e-03 9.999472e-01 7.859528e+01
9.998470e-01 -1.686355e-02 -4.646522e-03 3.211835e+00 1.684103e-02 9.998465e-01 -4.842460e-03 -7.281284e-01 4.727470e-03 4.763467e-03 9.999775e-01 7.929734e+01
9.998568e-01 -1.691792e-02 -2.699136e-04 3.212983e+00 1.691680e-02 9.998500e-01 -3.712282e-03 -7.386198e-01 3.326772e-04 3.707185e-03 9.999931e-01 7.998643e+01
9.998630e-01 -1.569857e-02 5.248732e-03 3.207623e+00 1.570288e-02 9.998764e-01 -7.821444e-04 -7.534448e-01 -5.235805e-03 8.644575e-04 9.999859e-01 8.066846e+01
9.998351e-01 -1.478254e-02 1.054492e-02 3.229122e+00 1.478119e-02 9.998907e-01 2.051394e-04 -7.978920e-01 -1.054680e-02 -4.923911e-05 9.999444e-01 8.338547e+01
9.997668e-01 -1.456537e-02 1.594109e-02 3.248068e+00 1.456637e-02 9.998939e-01 5.377280e-05 -8.082774e-01 -1.594019e-02 1.784436e-04 9.998729e-01 8.406481e+01
9.996170e-01 -1.681538e-02 2.198013e-02 3.281138e+00 1.679691e-02 9.998584e-01 1.024614e-03 -8.261858e-01 -2.199424e-02 -6.550231e-04 9.997579e-01 8.477836e+01
9.993916e-01 -2.119078e-02 2.770119e-02 3.326132e+00 2.117845e-02 9.997754e-01 7.384893e-04 -8.285056e-01 -2.771062e-02 -1.513718e-04 9.996160e-01 8.550663e+01
9.991560e-01 -2.372183e-02 3.353469e-02 3.377321e+00 2.375151e-02 9.997178e-01 -4.869404e-04 -8.249542e-01 -3.351368e-02 1.283029e-03 9.994374e-01 8.653820e+01
9.988617e-01 -2.706117e-02 3.928123e-02 3.469429e+00 2.711386e-02 9.996320e-01 -8.092184e-04 -8.434660e-01 -3.924488e-02 1.873363e-03 9.992279e-01 8.804612e+01
9.985482e-01 -2.896414e-02 4.541446e-02 3.526814e+00 2.904248e-02 9.995776e-01 -1.066065e-03 -8.609952e-01 -4.536440e-02 2.383467e-03 9.989677e-01 8.908407e+01
9.982332e-01 -2.907901e-02 5.181542e-02 3.591111e+00 2.923241e-02 9.995702e-01 -2.204899e-03 -8.851831e-01 -5.172903e-02 3.715693e-03 9.986542e-01 9.036473e+01
9.978917e-01 -2.955168e-02 5.778288e-02 3.665693e+00 2.976519e-02 9.995529e-01 -2.837608e-03 -9.112721e-01 -5.767319e-02 4.551544e-03 9.983251e-01 9.179640e+01
9.975996e-01 -2.991677e-02 6.245091e-02 3.743808e+00 3.014700e-02 9.995417e-01 -2.747361e-03 -9.322239e-01 -6.234010e-02 4.623474e-03 9.980443e-01 9.308495e+01
9.973960e-01 -3.077436e-02 6.522392e-02 3.826765e+00 3.092727e-02 9.995207e-01 -1.335806e-03 -9.543720e-01 -6.515155e-02 3.349525e-03 9.978698e-01 9.435379e+01
9.971818e-01 -3.452822e-02 6.660527e-02 3.935785e+00 3.461218e-02 9.994008e-01 -1.066767e-04 -9.723449e-01 -6.656168e-02 2.411729e-03 9.977794e-01 9.577778e+01
9.970907e-01 -3.513848e-02 6.764205e-02 4.024341e+00 3.519877e-02 9.993803e-01 3.006637e-04 -1.001322e+00 -6.761070e-02 2.081128e-03 9.977096e-01 9.728285e+01
9.970171e-01 -3.951490e-02 6.629829e-02 4.159090e+00 3.970467e-02 9.992103e-01 -1.546565e-03 -1.016307e+00 -6.618482e-02 4.174303e-03 9.977986e-01 9.867063e+01
9.971132e-01 -3.894257e-02 6.518201e-02 4.238646e+00 3.923522e-02 9.992248e-01 -3.215263e-03 -1.036267e+00 -6.500628e-02 5.763412e-03 9.978682e-01 1.000374e+02
9.972841e-01 -3.496167e-02 6.482427e-02 4.284754e+00 3.518296e-02 9.993783e-01 -2.274870e-03 -1.051120e+00 -6.470443e-02 4.549401e-03 9.978941e-01 1.013810e+02
9.974121e-01 -3.361055e-02 6.355689e-02 4.336040e+00 3.377637e-02 9.994282e-01 -1.536096e-03 -1.067479e+00 -6.346892e-02 3.678842e-03 9.979770e-01 1.025417e+02
9.974801e-01 -3.531211e-02 6.153429e-02 4.397388e+00 3.547727e-02 9.993692e-01 -1.593189e-03 -1.082735e+00 -6.143921e-02 3.772243e-03 9.981037e-01 1.037575e+02
9.973813e-01 -4.229292e-02 5.866675e-02 4.484219e+00 4.241303e-02 9.990998e-01 -8.030612e-04 -1.106773e+00 -5.857998e-02 3.289193e-03 9.982773e-01 1.048843e+02
9.974207e-01 -4.447560e-02 5.633715e-02 4.541751e+00 4.453327e-02 9.990079e-01 2.319649e-04 -1.127151e+00 -5.629157e-02 2.277511e-03 9.984118e-01 1.060074e+02
9.976912e-01 -4.338258e-02 5.225122e-02 4.579263e+00 4.350545e-02 9.990524e-01 -1.215917e-03 -1.137434e+00 -5.214896e-02 3.486323e-03 9.986332e-01 1.070323e+02
9.979985e-01 -4.516457e-02 4.426333e-02 4.647548e+00 4.529183e-02 9.989720e-01 -1.875941e-03 -1.133534e+00 -4.413311e-02 3.876954e-03 9.990181e-01 1.079560e+02
9.982255e-01 -4.652014e-02 3.717115e-02 4.661328e+00 4.654621e-02 9.989161e-01 1.641551e-04 -1.151314e+00 -3.713850e-02 1.566312e-03 9.993089e-01 1.087922e+02
9.984339e-01 -4.828163e-02 2.825871e-02 4.668815e+00 4.827195e-02 9.988337e-01 1.024787e-03 -1.160405e+00 -2.827523e-02 3.409210e-04 9.996001e-01 1.094755e+02
9.986121e-01 -4.998196e-02 1.660116e-02 4.676242e+00 4.999278e-02 9.987496e-01 -2.367597e-04 -1.174910e+00 -1.656857e-02 1.066369e-03 9.998622e-01 1.104346e+02
9.987377e-01 -5.003945e-02 4.372457e-03 4.664272e+00 5.004270e-02 9.987469e-01 -6.366114e-04 -1.194535e+00 -4.335122e-03 8.546174e-04 9.999902e-01 1.113978e+02
9.988315e-01 -4.787648e-02 -6.599367e-03 4.629729e+00 4.787592e-02 9.988533e-01 -2.434400e-04 -1.215601e+00 6.603455e-03 -7.279519e-05 9.999782e-01 1.124560e+02
9.988324e-01 -4.545177e-02 -1.636801e-02 4.588111e+00 4.544732e-02 9.989665e-01 -6.442402e-04 -1.235388e+00 1.638037e-02 -1.003941e-04 9.998658e-01 1.134842e+02
9.988431e-01 -4.189613e-02 -2.360299e-02 4.555984e+00 4.187163e-02 9.991218e-01 -1.531193e-03 -1.243930e+00 2.364642e-02 5.411258e-04 9.997202e-01 1.140735e+02
9.987840e-01 -4.094562e-02 -2.745921e-02 4.531365e+00 4.090610e-02 9.991610e-01 -1.999615e-03 -1.252687e+00 2.751804e-02 8.739345e-04 9.996209e-01 1.146219e+02
9.987146e-01 -4.082848e-02 -3.003687e-02 4.509016e+00 4.077231e-02 9.991654e-01 -2.480448e-03 -1.262141e+00 3.011308e-02 1.252587e-03 9.995457e-01 1.151628e+02
9.987163e-01 -3.955782e-02 -3.163615e-02 4.477518e+00 3.948484e-02 9.992159e-01 -2.928255e-03 -1.272985e+00 3.172718e-02 1.675348e-03 9.994952e-01 1.157069e+02
9.986858e-01 -3.918988e-02 -3.302844e-02 4.452150e+00 3.908058e-02 9.992283e-01 -3.948340e-03 -1.279861e+00 3.315768e-02 2.652381e-03 9.994466e-01 1.162170e+02
9.986899e-01 -3.879299e-02 -3.337170e-02 4.428180e+00 3.863036e-02 9.992384e-01 -5.504436e-03 -1.285873e+00 3.355982e-02 4.208064e-03 9.994279e-01 1.167179e+02
9.987419e-01 -3.803978e-02 -3.267316e-02 4.407616e+00 3.784225e-02 9.992616e-01 -6.643138e-03 -1.294904e+00 3.290173e-02 5.398354e-03 9.994440e-01 1.172265e+02
9.988693e-01 -3.670174e-02 -3.021900e-02 4.375842e+00 3.650042e-02 9.993078e-01 -7.187177e-03 -1.301107e+00 3.046187e-02 6.076043e-03 9.995175e-01 1.177428e+02
9.989577e-01 -3.603275e-02 -2.801995e-02 4.353050e+00 3.584760e-02 9.993322e-01 -7.082438e-03 -1.309370e+00 2.825644e-02 6.070608e-03 9.995823e-01 1.182729e+02
9.989864e-01 -3.710267e-02 -2.548827e-02 4.340975e+00 3.694191e-02 9.992946e-01 -6.749535e-03 -1.319549e+00 2.572071e-02 5.801108e-03 9.996523e-01 1.188162e+02
9.990626e-01 -3.703519e-02 -2.241245e-02 4.326005e+00 3.689694e-02 9.992976e-01 -6.550910e-03 -1.325134e+00 2.263933e-02 5.717818e-03 9.997273e-01 1.193804e+02
9.991512e-01 -3.660804e-02 -1.888726e-02 4.310858e+00 3.649677e-02 9.993145e-01 -6.202940e-03 -1.335924e+00 1.910139e-02 5.508351e-03 9.998024e-01 1.199560e+02
9.992048e-01 -3.712163e-02 -1.455250e-02 4.297453e+00 3.704474e-02 9.992984e-01 -5.518125e-03 -1.342126e+00 1.474713e-02 4.974643e-03 9.998789e-01 1.205640e+02
9.992587e-01 -3.722578e-02 -9.808903e-03 4.292457e+00 3.717225e-02 9.992933e-01 -5.584481e-03 -1.345827e+00 1.000986e-02 5.215722e-03 9.999363e-01 1.212021e+02
9.993306e-01 -3.633559e-02 -4.244503e-03 4.292095e+00 3.631088e-02 9.993239e-01 -5.759801e-03 -1.353094e+00 4.450919e-03 5.601823e-03 9.999744e-01 1.218556e+02
9.994173e-01 -3.404792e-02 2.423996e-03 4.284375e+00 3.405821e-02 9.994104e-01 -4.339935e-03 -1.365857e+00 -2.274801e-03 4.419963e-03 9.999876e-01 1.225450e+02
9.993864e-01 -3.387402e-02 8.908964e-03 4.298632e+00 3.390289e-02 9.994203e-01 -3.109722e-03 -1.374278e+00 -8.798461e-03 3.409853e-03 9.999555e-01 1.233549e+02
9.993356e-01 -3.252192e-02 1.645104e-02 4.311241e+00 3.256692e-02 9.994665e-01 -2.474708e-03 -1.384185e+00 -1.636178e-02 3.008823e-03 9.998616e-01 1.242431e+02
9.992171e-01 -3.141245e-02 2.404992e-02 4.327734e+00 3.144690e-02 9.995049e-01 -1.055497e-03 -1.398264e+00 -2.400486e-02 1.810967e-03 9.997102e-01 1.250422e+02
9.989956e-01 -3.087592e-02 3.247282e-02 4.347854e+00 3.089418e-02 9.995227e-01 -6.067164e-05 -1.405554e+00 -3.245545e-02 1.063832e-03 9.994726e-01 1.256772e+02
9.986330e-01 -3.091165e-02 4.214886e-02 4.380549e+00 3.089730e-02 9.995221e-01 9.920254e-04 -1.415998e+00 -4.215938e-02 3.116167e-04 9.991108e-01 1.263606e+02
9.982102e-01 -2.892239e-02 5.234318e-02 4.412175e+00 2.883252e-02 9.995812e-01 2.471460e-03 -1.423917e+00 -5.239274e-02 -9.578504e-04 9.986261e-01 1.269786e+02
9.976118e-01 -2.747650e-02 6.337034e-02 4.450480e+00 2.723439e-02 9.996181e-01 4.681283e-03 -1.430557e+00 -6.347477e-02 -2.944251e-03 9.979791e-01 1.275865e+02
9.967617e-01 -2.627652e-02 7.599835e-02 4.492463e+00 2.580311e-02 9.996411e-01 7.204686e-03 -1.435143e+00 -7.616039e-02 -5.220361e-03 9.970819e-01 1.281815e+02
9.955681e-01 -2.512252e-02 9.062588e-02 4.539805e+00 2.450841e-02 9.996685e-01 7.882977e-03 -1.439263e+00 -9.079389e-02 -5.626944e-03 9.958538e-01 1.287763e+02
9.939318e-01 -2.376719e-02 1.073997e-01 4.600102e+00 2.307528e-02 9.997042e-01 7.680670e-03 -1.446328e+00 -1.075505e-01 -5.155784e-03 9.941863e-01 1.293587e+02
9.915305e-01 -2.311882e-02 1.278000e-01 4.675661e+00 2.230141e-02 9.997207e-01 7.823464e-03 -1.450924e+00 -1.279452e-01 -4.907084e-03 9.917691e-01 1.299464e+02
9.884453e-01 -2.344503e-02 1.497540e-01 4.769974e+00 2.247734e-02 9.997141e-01 8.151431e-03 -1.450708e+00 -1.499023e-01 -4.691173e-03 9.886897e-01 1.305285e+02
9.850017e-01 -2.727982e-02 1.703746e-01 4.891041e+00 2.616877e-02 9.996191e-01 8.763946e-03 -1.453598e+00 -1.705487e-01 -4.174010e-03 9.853404e-01 1.311051e+02
9.811115e-01 -3.072265e-02 1.909876e-01 5.019202e+00 2.933385e-02 9.995187e-01 1.009534e-02 -1.453948e+00 -1.912059e-01 -4.302248e-03 9.815405e-01 1.316818e+02
9.766581e-01 -3.310067e-02 2.122339e-01 5.160774e+00 3.127296e-02 9.994393e-01 1.196375e-02 -1.455120e+00 -2.125109e-01 -5.047311e-03 9.771457e-01 1.322793e+02
9.719022e-01 -3.473544e-02 2.328079e-01 5.304930e+00 3.251275e-02 9.993818e-01 1.337910e-02 -1.456721e+00 -2.331287e-01 -5.433947e-03 9.724307e-01 1.328396e+02
9.669286e-01 -3.769153e-02 2.522469e-01 5.449483e+00 3.518041e-02 9.992764e-01 1.445929e-02 -1.458554e+00 -2.526094e-01 -5.106955e-03 9.675549e-01 1.333821e+02
9.626618e-01 -4.154591e-02 2.675000e-01 5.608920e+00 3.888959e-02 9.991276e-01 1.522297e-02 -1.455461e+00 -2.678991e-01 -4.251605e-03 9.634376e-01 1.339395e+02
9.598316e-01 -4.839684e-02 2.763714e-01 5.779254e+00 4.570901e-02 9.988240e-01 1.616296e-02 -1.454688e+00 -2.768286e-01 -2.881056e-03 9.609150e-01 1.344903e+02
9.591064e-01 -5.509871e-02 2.776313e-01 5.941962e+00 5.253245e-02 9.984799e-01 1.667951e-02 -1.450565e+00 -2.781283e-01 -1.412769e-03 9.605429e-01 1.350241e+02
9.601839e-01 -6.027853e-02 2.727882e-01 6.093973e+00 5.783413e-02 9.981814e-01 1.700041e-02 -1.446998e+00 -2.733169e-01 -5.470556e-04 9.619239e-01 1.355713e+02
9.629765e-01 -6.311914e-02 2.620919e-01 6.233258e+00 6.094870e-02 9.980060e-01 1.641072e-02 -1.445844e+00 -2.626052e-01 1.710264e-04 9.649034e-01 1.360959e+02
9.671179e-01 -6.418335e-02 2.460964e-01 6.362070e+00 6.222821e-02 9.979381e-01 1.572147e-02 -1.447616e+00 -2.465981e-01 1.096206e-04 9.691178e-01 1.366461e+02
9.720615e-01 -6.389773e-02 2.258617e-01 6.453424e+00 6.213459e-02 9.979563e-01 1.491400e-02 -1.452168e+00 -2.263531e-01 -4.635008e-04 9.740452e-01 1.371501e+02
9.772463e-01 -6.208724e-02 2.028170e-01 6.526778e+00 6.059749e-02 9.980703e-01 1.355289e-02 -1.454811e+00 -2.032671e-01 -9.543048e-04 9.791229e-01 1.376580e+02
9.820682e-01 -6.156153e-02 1.781913e-01 6.587334e+00 6.045018e-02 9.981031e-01 1.166468e-02 -1.450800e+00 -1.785714e-01 -6.838171e-04 9.839267e-01 1.381445e+02
9.864174e-01 -6.003761e-02 1.528926e-01 6.618930e+00 5.905749e-02 9.981945e-01 1.094806e-02 -1.452331e+00 -1.532739e-01 -1.769897e-03 9.881822e-01 1.386212e+02
9.906210e-01 -6.050135e-02 1.225138e-01 6.652776e+00 5.960496e-02 9.981617e-01 1.097187e-02 -1.458143e+00 -1.229524e-01 -3.566534e-03 9.924062e-01 1.390932e+02
9.943971e-01 -5.719823e-02 8.889775e-02 6.656451e+00 5.661593e-02 9.983549e-01 9.060138e-03 -1.465556e+00 -8.926973e-02 -3.976346e-03 9.959995e-01 1.395718e+02
9.971437e-01 -5.360048e-02 5.321039e-02 6.636744e+00 5.333905e-02 9.985564e-01 6.322236e-03 -1.472069e+00 -5.347245e-02 -3.465986e-03 9.985633e-01 1.400552e+02
9.986143e-01 -4.992601e-02 1.664117e-02 6.605718e+00 4.985791e-02 9.987463e-01 4.482823e-03 -1.478818e+00 -1.684411e-02 -3.646917e-03 9.998515e-01 1.405338e+02
9.988771e-01 -4.393630e-02 -1.772214e-02 6.552566e+00 4.399712e-02 9.990270e-01 3.056506e-03 -1.482434e+00 1.757061e-02 -3.832797e-03 9.998383e-01 1.410232e+02
9.981189e-01 -3.744867e-02 -4.854041e-02 6.493879e+00 3.757384e-02 9.992925e-01 1.668339e-03 -1.487830e+00 4.844359e-02 -3.489050e-03 9.988198e-01 1.414983e+02
9.967615e-01 -3.086339e-02 -7.425621e-02 6.417819e+00 3.100654e-02 9.995189e-01 7.754370e-04 -1.493877e+00 7.419655e-02 -3.075354e-03 9.972389e-01 1.419886e+02
9.949282e-01 -2.586055e-02 -9.720693e-02 6.270113e+00 2.607346e-02 9.996596e-01 9.204432e-04 -1.510596e+00 9.715004e-02 -3.450296e-03 9.952638e-01 1.429500e+02
9.929854e-01 -2.116539e-02 -1.163269e-01 6.077308e+00 2.143874e-02 9.997696e-01 1.099006e-03 -1.525356e+00 1.162768e-01 -3.585200e-03 9.932104e-01 1.440028e+02
9.911993e-01 -1.529455e-02 -1.314916e-01 5.860261e+00 1.550790e-02 9.998796e-01 5.986449e-04 -1.538863e+00 1.314666e-01 -2.632536e-03 9.913171e-01 1.451626e+02
9.898513e-01 -1.144736e-02 -1.416454e-01 5.601153e+00 1.123781e-02 9.999343e-01 -2.279271e-03 -1.553127e+00 1.416622e-01 6.643561e-04 9.899148e-01 1.465204e+02
9.890874e-01 -6.793209e-03 -1.471730e-01 5.368757e+00 6.110145e-03 9.999684e-01 -5.092824e-03 -1.571969e+00 1.472030e-01 4.138000e-03 9.890977e-01 1.477850e+02
9.889119e-01 -1.784325e-03 -1.484928e-01 5.148668e+00 8.329537e-04 9.999787e-01 -6.468797e-03 -1.587305e+00 1.485012e-01 6.273383e-03 9.888923e-01 1.490483e+02
9.893296e-01 3.605129e-03 -1.456504e-01 4.962290e+00 -4.540822e-03 9.999711e-01 -6.092290e-03 -1.600683e+00 1.456242e-01 6.688655e-03 9.893174e-01 1.501533e+02
9.902943e-01 8.132258e-03 -1.387482e-01 4.881107e+00 -9.135423e-03 9.999365e-01 -6.594791e-03 -1.605683e+00 1.386857e-01 7.798307e-03 9.903057e-01 1.506780e+02
9.916330e-01 1.074061e-02 -1.286413e-01 4.817128e+00 -1.167788e-02 9.999105e-01 -6.533854e-03 -1.613889e+00 1.285596e-01 7.981443e-03 9.916697e-01 1.511996e+02
9.932804e-01 1.640668e-02 -1.145636e-01 4.739461e+00 -1.741023e-02 9.998183e-01 -7.764590e-03 -1.620817e+00 1.144154e-01 9.706993e-03 9.933856e-01 1.517526e+02
9.948631e-01 2.269938e-02 -9.865122e-02 4.667779e+00 -2.367314e-02 9.996818e-01 -8.711218e-03 -1.626180e+00 9.842209e-02 1.100185e-02 9.950839e-01 1.523217e+02
9.963239e-01 2.319370e-02 -8.246601e-02 4.620352e+00 -2.389473e-02 9.996862e-01 -7.523953e-03 -1.632618e+00 8.226562e-02 9.466797e-03 9.965655e-01 1.529185e+02
9.975510e-01 2.285322e-02 -6.610452e-02 4.580124e+00 -2.341970e-02 9.996952e-01 -7.807128e-03 -1.640343e+00 6.590596e-02 9.336156e-03 9.977822e-01 1.535524e+02
9.985390e-01 2.250876e-02 -4.912484e-02 4.545928e+00 -2.296181e-02 9.996987e-01 -8.677630e-03 -1.650275e+00 4.891472e-02 9.792947e-03 9.987549e-01 1.542632e+02
9.992466e-01 2.251189e-02 -3.161398e-02 4.507740e+00 -2.284920e-02 9.996854e-01 -1.034936e-02 -1.663511e+00 3.137105e-02 1.106392e-02 9.994466e-01 1.550039e+02
9.995794e-01 2.319236e-02 -1.741275e-02 4.502281e+00 -2.342229e-02 9.996396e-01 -1.311880e-02 -1.670329e+00 1.710222e-02 1.352113e-02 9.997623e-01 1.557082e+02
9.997252e-01 2.319736e-02 -3.385860e-03 4.500866e+00 -2.324775e-02 9.996066e-01 -1.569314e-02 -1.681024e+00 3.020488e-03 1.576754e-02 9.998711e-01 1.564206e+02
9.997262e-01 2.121599e-02 9.865384e-03 4.517134e+00 -2.104812e-02 9.996370e-01 -1.681912e-02 -1.693890e+00 -1.021864e-02 1.660687e-02 9.998099e-01 1.571556e+02
9.995714e-01 1.855254e-02 2.264342e-02 4.544008e+00 -1.815221e-02 9.996775e-01 -1.775918e-02 -1.706173e+00 -2.296560e-02 1.734054e-02 9.995859e-01 1.578693e+02
9.992800e-01 1.611695e-02 3.434598e-02 4.579688e+00 -1.551727e-02 9.997237e-01 -1.765552e-02 -1.719766e+00 -3.462104e-02 1.710985e-02 9.992540e-01 1.586198e+02
9.989181e-01 1.470307e-02 4.411952e-02 4.618274e+00 -1.396010e-02 9.997563e-01 -1.710113e-02 -1.735120e+00 -4.436021e-02 1.646672e-02 9.988799e-01 1.593774e+02
9.985592e-01 1.413377e-02 5.176575e-02 4.656439e+00 -1.334696e-02 9.997906e-01 -1.551364e-02 -1.751763e+00 -5.197417e-02 1.480037e-02 9.985387e-01 1.601226e+02
9.982349e-01 1.319049e-02 5.790658e-02 4.688932e+00 -1.234357e-02 9.998119e-01 -1.495900e-02 -1.767350e+00 -5.809301e-02 1.421782e-02 9.982099e-01 1.608890e+02
9.980250e-01 1.213932e-02 6.163397e-02 4.729781e+00 -1.125690e-02 9.998294e-01 -1.464417e-02 -1.781491e+00 -6.180123e-02 1.392144e-02 9.979914e-01 1.616606e+02
9.979031e-01 1.249607e-02 6.350758e-02 4.775322e+00 -1.163233e-02 9.998350e-01 -1.395211e-02 -1.801263e+00 -6.367145e-02 1.318411e-02 9.978838e-01 1.624342e+02
9.978403e-01 1.263823e-02 6.446008e-02 4.823314e+00 -1.184727e-02 9.998499e-01 -1.263817e-02 -1.821284e+00 -6.461013e-02 1.184720e-02 9.978403e-01 1.631978e+02
9.976500e-01 1.648692e-02 6.650346e-02 4.853336e+00 -1.572970e-02 9.998055e-01 -1.189392e-02 -1.833931e+00 -6.668662e-02 1.081989e-02 9.977153e-01 1.639739e+02
9.975107e-01 1.787055e-02 6.821274e-02 4.892702e+00 -1.724224e-02 9.998034e-01 -9.788813e-03 -1.850702e+00 -6.837426e-02 8.588306e-03 9.976228e-01 1.647712e+02
9.974859e-01 1.692895e-02 6.881396e-02 4.947960e+00 -1.651873e-02 9.998423e-01 -6.526099e-03 -1.863491e+00 -6.891358e-02 5.372973e-03 9.976082e-01 1.655514e+02
9.973674e-01 1.730213e-02 7.042004e-02 4.987106e+00 -1.713764e-02 9.998488e-01 -2.939422e-03 -1.878217e+00 -7.046025e-02 1.724851e-03 9.975131e-01 1.663610e+02
9.973658e-01 1.695745e-02 7.052529e-02 5.032884e+00 -1.691955e-02 9.998562e-01 -1.134801e-03 -1.889031e+00 -7.053439e-02 -6.144456e-05 9.975093e-01 1.671788e+02
9.974684e-01 1.516388e-02 6.947501e-02 5.087779e+00 -1.513625e-02 9.998850e-01 -9.241088e-04 -1.906013e+00 -6.948104e-02 -1.298220e-04 9.975833e-01 1.680039e+02
9.975745e-01 1.360283e-02 6.826416e-02 5.142066e+00 -1.340486e-02 9.999045e-01 -3.357333e-03 -1.916162e+00 -6.830331e-02 2.434118e-03 9.976616e-01 1.688482e+02
9.976164e-01 1.334112e-02 6.770183e-02 5.186911e+00 -1.303025e-02 9.999024e-01 -5.031156e-03 -1.930843e+00 -6.776235e-02 4.136991e-03 9.976929e-01 1.696479e+02
9.976508e-01 1.295220e-02 6.726922e-02 5.232108e+00 -1.259592e-02 9.999043e-01 -5.717776e-03 -1.944107e+00 -6.733684e-02 4.857026e-03 9.977185e-01 1.704719e+02
9.976889e-01 1.326913e-02 6.663901e-02 5.283058e+00 -1.293777e-02 9.999017e-01 -5.401712e-03 -1.958970e+00 -6.670413e-02 4.527069e-03 9.977625e-01 1.712821e+02
9.976276e-01 1.418269e-02 6.736497e-02 5.369918e+00 -1.388726e-02 9.998918e-01 -4.851735e-03 -1.988797e+00 -6.742649e-02 3.904710e-03 9.977166e-01 1.728629e+02
9.974897e-01 1.442736e-02 6.932601e-02 5.415833e+00 -1.408050e-02 9.998858e-01 -5.489405e-03 -2.000149e+00 -6.939729e-02 4.499480e-03 9.975790e-01 1.736267e+02
9.973553e-01 1.423436e-02 7.127272e-02 5.475836e+00 -1.384377e-02 9.998863e-01 -5.971204e-03 -2.013197e+00 -7.134962e-02 4.968729e-03 9.974390e-01 1.743849e+02
9.970387e-01 1.613872e-02 7.518937e-02 5.525204e+00 -1.577892e-02 9.998610e-01 -5.376817e-03 -2.027348e+00 -7.526570e-02 4.174487e-03 9.971548e-01 1.751357e+02
9.966316e-01 1.669353e-02 8.029167e-02 5.585458e+00 -1.636188e-02 9.998547e-01 -4.786824e-03 -2.039525e+00 -8.035991e-02 3.456978e-03 9.967599e-01 1.758901e+02
9.960301e-01 1.671851e-02 8.743298e-02 5.648251e+00 -1.642030e-02 9.998567e-01 -4.128919e-03 -2.052326e+00 -8.748948e-02 2.676852e-03 9.961618e-01 1.766566e+02
9.951430e-01 1.829163e-02 9.672508e-02 5.715453e+00 -1.808249e-02 9.998319e-01 -3.038410e-03 -2.068335e+00 -9.676440e-02 1.274622e-03 9.953065e-01 1.774285e+02
9.941807e-01 1.872755e-02 1.060854e-01 5.807450e+00 -1.854733e-02 9.998244e-01 -2.685213e-03 -2.079343e+00 -1.061170e-01 7.019859e-04 9.943534e-01 1.781905e+02
9.926355e-01 2.038210e-02 1.194128e-01 5.886718e+00 -2.022732e-02 9.997923e-01 -2.508249e-03 -2.091371e+00 -1.194391e-01 7.437721e-05 9.928415e-01 1.789658e+02
9.908252e-01 1.941032e-02 1.337482e-01 5.991287e+00 -1.926465e-02 9.998116e-01 -2.383342e-03 -2.105785e+00 -1.337692e-01 -2.151363e-04 9.910125e-01 1.797444e+02
9.885639e-01 1.929843e-02 1.495626e-01 6.106388e+00 -1.908216e-02 9.998138e-01 -2.881073e-03 -2.122738e+00 -1.495903e-01 -5.851417e-06 9.887481e-01 1.805131e+02
9.858804e-01 1.827851e-02 1.664506e-01 6.239332e+00 -1.794162e-02 9.998328e-01 -3.527566e-03 -2.137900e+00 -1.664872e-01 4.913658e-04 9.860435e-01 1.812783e+02
9.826125e-01 1.809536e-02 1.847842e-01 6.378438e+00 -1.764009e-02 9.998360e-01 -4.107603e-03 -2.152861e+00 -1.848282e-01 7.765720e-04 9.827705e-01 1.820528e+02
9.789943e-01 1.594003e-02 2.032635e-01 6.527316e+00 -1.532322e-02 9.998720e-01 -4.608064e-03 -2.168059e+00 -2.033109e-01 1.396618e-03 9.791132e-01 1.828056e+02
9.753697e-01 1.298910e-02 2.201938e-01 6.697138e+00 -1.243046e-02 9.999150e-01 -3.922459e-03 -2.182062e+00 -2.202260e-01 1.088738e-03 9.754483e-01 1.835733e+02
9.722296e-01 7.656543e-03 2.339039e-01 6.883745e+00 -7.022501e-03 9.999691e-01 -3.543435e-03 -2.197335e+00 -2.339238e-01 1.802442e-03 9.722533e-01 1.843469e+02
9.700950e-01 1.259572e-03 2.427224e-01 7.081959e+00 -6.158523e-04 9.999961e-01 -2.727938e-03 -2.210852e+00 -2.427248e-01 2.496878e-03 9.700920e-01 1.851192e+02
9.693085e-01 -4.780995e-03 2.458010e-01 7.284849e+00 5.681362e-03 9.999795e-01 -2.953997e-03 -2.222480e+00 -2.457819e-01 4.259819e-03 9.693158e-01 1.858963e+02
9.696196e-01 -1.023415e-02 2.444037e-01 7.493485e+00 1.138312e-02 9.999298e-01 -3.289077e-03 -2.236933e+00 -2.443529e-01 5.971230e-03 9.696680e-01 1.867068e+02
9.708216e-01 -1.517149e-02 2.393225e-01 7.695585e+00 1.634611e-02 9.998621e-01 -2.923922e-03 -2.251386e+00 -2.392451e-01 6.750600e-03 9.709357e-01 1.875233e+02
9.729168e-01 -2.000061e-02 2.302886e-01 7.889678e+00 2.134888e-02 9.997664e-01 -3.364245e-03 -2.266263e+00 -2.301676e-01 8.189536e-03 9.731166e-01 1.883632e+02
9.756258e-01 -2.389394e-02 2.181362e-01 8.076830e+00 2.533093e-02 9.996719e-01 -3.793116e-03 -2.284289e+00 -2.179740e-01 9.226257e-03 9.759110e-01 1.891946e+02
9.781238e-01 -2.665514e-02 2.063088e-01 8.261661e+00 2.808471e-02 9.995975e-01 -4.003275e-03 -2.303597e+00 -2.061190e-01 9.709821e-03 9.784787e-01 1.900844e+02
9.802719e-01 -2.632966e-02 1.958924e-01 8.439896e+00 2.765875e-02 9.996092e-01 -4.051838e-03 -2.321620e+00 -1.957091e-01 9.390040e-03 9.806170e-01 1.910257e+02
9.819410e-01 -2.602502e-02 1.873887e-01 8.644860e+00 2.703615e-02 9.996304e-01 -2.841731e-03 -2.344194e+00 -1.872455e-01 7.856681e-03 9.822817e-01 1.921662e+02
9.833596e-01 -2.628154e-02 1.797585e-01 8.856803e+00 2.698929e-02 9.996346e-01 -1.492264e-03 -2.369551e+00 -1.796536e-01 6.318987e-03 9.837096e-01 1.934203e+02
9.848142e-01 -2.638550e-02 1.715946e-01 9.002406e+00 2.699782e-02 9.996347e-01 -1.235334e-03 -2.388353e+00 -1.714993e-01 5.849254e-03 9.851669e-01 1.942719e+02
9.860351e-01 -2.669974e-02 1.643833e-01 9.128044e+00 2.719180e-02 9.996300e-01 -7.434716e-04 -2.404308e+00 -1.643026e-01 5.202968e-03 9.863963e-01 1.950994e+02
9.872156e-01 -2.567755e-02 1.573090e-01 9.245097e+00 2.600024e-02 9.996619e-01 6.478621e-06 -2.416174e+00 -1.572559e-01 4.083676e-03 9.875494e-01 1.959087e+02
9.884035e-01 -2.732538e-02 1.493714e-01 9.359743e+00 2.753649e-02 9.996206e-01 6.550657e-04 -2.428029e+00 -1.493326e-01 3.465694e-03 9.887810e-01 1.967094e+02
9.894391e-01 -2.544011e-02 1.426990e-01 9.461214e+00 2.549655e-02 9.996739e-01 1.433236e-03 -2.446187e+00 -1.426889e-01 2.220232e-03 9.897651e-01 1.975489e+02
9.904883e-01 -2.175660e-02 1.358659e-01 9.550317e+00 2.200517e-02 9.997578e-01 -3.277750e-04 -2.458933e+00 -1.358259e-01 3.314410e-03 9.907272e-01 1.983635e+02
9.914538e-01 -2.204996e-02 1.285812e-01 9.650874e+00 2.245913e-02 9.997463e-01 -1.732933e-03 -2.471044e+00 -1.285104e-01 4.605946e-03 9.916975e-01 1.992086e+02
9.923324e-01 -2.425784e-02 1.211940e-01 9.740015e+00 2.484136e-02 9.996859e-01 -3.306006e-03 -2.483709e+00 -1.210757e-01 6.291280e-03 9.926233e-01 1.999622e+02
9.930860e-01 -2.587808e-02 1.145015e-01 9.832113e+00 2.631721e-02 9.996509e-01 -2.324938e-03 -2.500187e+00 -1.144014e-01 5.322224e-03 9.934204e-01 2.007278e+02
9.936697e-01 -2.554433e-02 1.093983e-01 9.912012e+00 2.590695e-02 9.996626e-01 -1.894377e-03 -2.515957e+00 -1.093130e-01 4.716562e-03 9.939962e-01 2.015101e+02
9.941644e-01 -2.527191e-02 1.048735e-01 9.992007e+00 2.565454e-02 9.996682e-01 -2.300916e-03 -2.529210e+00 -1.047805e-01 4.977969e-03 9.944829e-01 2.022897e+02
9.944315e-01 -2.540182e-02 1.022779e-01 1.005133e+01 2.588145e-02 9.996594e-01 -3.364977e-03 -2.545645e+00 -1.021576e-01 5.993340e-03 9.947502e-01 2.029744e+02
9.945837e-01 -2.401976e-02 1.011248e-01 1.010365e+01 2.452403e-02 9.996922e-01 -3.746141e-03 -2.560285e+00 -1.010037e-01 6.205837e-03 9.948667e-01 2.036225e+02
9.947027e-01 -2.350652e-02 1.000702e-01 1.016539e+01 2.416440e-02 9.996936e-01 -5.366948e-03 -2.573997e+00 -9.991338e-02 7.756653e-03 9.949659e-01 2.042462e+02
9.948163e-01 -2.397821e-02 9.882096e-02 1.023684e+01 2.473301e-02 9.996735e-01 -6.419865e-03 -2.584175e+00 -9.863475e-02 8.830726e-03 9.950845e-01 2.048447e+02
9.945879e-01 -1.661908e-02 1.025608e-01 1.025700e+01 1.741790e-02 9.998245e-01 -6.898060e-03 -2.600773e+00 -1.024281e-01 8.647120e-03 9.947028e-01 2.054068e+02
9.940321e-01 -1.165001e-02 1.084642e-01 1.028512e+01 1.251800e-02 9.998948e-01 -7.325016e-03 -2.615940e+00 -1.083675e-01 8.639056e-03 9.940734e-01 2.059425e+02
9.934399e-01 -8.370663e-03 1.140484e-01 1.034099e+01 9.306183e-03 9.999273e-01 -7.672881e-03 -2.630194e+00 -1.139759e-01 8.683901e-03 9.934456e-01 2.064727e+02
9.924480e-01 -4.653824e-03 1.225775e-01 1.038528e+01 6.067452e-03 9.999193e-01 -1.116177e-02 -2.647672e+00 -1.225157e-01 1.182121e-02 9.923962e-01 2.069692e+02
9.913150e-01 -2.278664e-03 1.314891e-01 1.045476e+01 4.297434e-03 9.998772e-01 -1.507142e-02 -2.663423e+00 -1.314386e-01 1.550559e-02 9.912030e-01 2.074437e+02
