1.000000e+00 0.000000e+00 0.000000e+00 0.000000e+00 0.000000e+00 1.000000e+00 0.000000e+00 0.000000e+00 0.000000e+00 0.000000e+00 1.000000e+00 0.000000e+00
9.999672e-01 -1.929439e-05 8.097426e-03 1.291512e-03 2.124712e-05 1.000000e+00 -2.410690e-04 -4.550548e-03 -8.097421e-03 2.412332e-04 9.999672e-01 5.949485e-01
9.998951e-01 -3.430903e-04 1.448045e-02 5.874588e-03 3.534184e-04 9.999997e-01 -7.106915e-04 -3.443569e-03 -1.448020e-02 7.157346e-04 9.998949e-01 1.203890e+00
9.998224e-01 -1.493553e-03 1.878416e-02 1.827896e-02 1.506586e-03 9.999986e-01 -6.797146e-04 -6.466603e-03 -1.878312e-02 7.078939e-04 9.998233e-01 1.821672e+00
9.997393e-01 1.068899e-03 2.280763e-02 1.138354e-02 -1.063768e-03 9.999994e-01 -2.371307e-04 -1.377409e-02 -2.280787e-02 2.128068e-04 9.997398e-01 2.453344e+00
9.996871e-01 1.536737e-03 2.496840e-02 2.147203e-02 -1.553850e-03 9.999986e-01 6.659716e-04 -2.161824e-02 -2.496734e-02 -7.045603e-04 9.996880e-01 3.071989e+00
9.996417e-01 1.193145e-03 2.673898e-02 3.403634e-02 -1.220715e-03 9.999987e-01 1.014751e-03 -2.617530e-02 -2.673773e-02 -1.047028e-03 9.996419e-01 3.717944e+00
9.996157e-01 2.534454e-03 2.760440e-02 5.166525e-02 -2.566878e-03 9.999961e-01 1.139210e-03 -2.887010e-02 -2.760141e-02 -1.209629e-03 9.996183e-01 4.382195e+00
9.995591e-01 3.242511e-03 2.951491e-02 5.916490e-02 -3.280045e-03 9.999939e-01 1.223370e-03 -3.124739e-02 -2.951076e-02 -1.319640e-03 9.995636e-01 5.062901e+00
9.995456e-01 1.371764e-03 3.011011e-02 7.873944e-02 -1.406454e-03 9.999984e-01 1.130951e-03 -3.207056e-02 -3.010851e-02 -1.172786e-03 9.995459e-01 5.762879e+00
9.995313e-01 6.710022e-04 3.060674e-02 9.402703e-02 -7.304680e-04 9.999979e-01 1.931759e-03 -3.178213e-02 -3.060538e-02 -1.953210e-03 9.995296e-01 6.470548e+00
9.995302e-01 -7.089482e-05 3.064873e-02 1.102244e-01 -1.067435e-05 9.999965e-01 2.661249e-03 -3.482232e-02 -3.064881e-02 -2.660326e-03 9.995267e-01 7.197284e+00
9.995646e-01 6.022515e-04 2.950046e-02 1.283055e-01 -6.936498e-04 9.999950e-01 3.088065e-03 -3.705742e-02 -2.949845e-02 -3.107183e-03 9.995600e-01 7.944420e+00
9.996200e-01 1.069992e-03 2.754544e-02 1.512007e-01 -1.156326e-03 9.999945e-01 3.118521e-03 -3.516610e-02 -2.754195e-02 -3.149188e-03 9.996157e-01 8.722690e+00
9.996570e-01 1.565374e-03 2.614191e-02 1.675661e-01 -1.641120e-03 9.999945e-01 2.876304e-03 -3.439879e-02 -2.613727e-02 -2.918219e-03 9.996541e-01 9.509475e+00
9.997167e-01 -1.192762e-04 2.380117e-02 1.949304e-01 6.243581e-05 9.999971e-01 2.388864e-03 -3.814081e-02 -2.380138e-02 -2.386701e-03 9.997139e-01 1.029401e+01
9.997227e-01 4.135778e-03 2.318192e-02 1.988848e-01 -4.129810e-03 9.999914e-01 -3.053271e-04 -4.372276e-02 -2.318299e-02 2.095055e-04 9.997312e-01 1.110114e+01
9.997278e-01 7.813108e-03 2.198477e-02 2.094321e-01 -7.782171e-03 9.999686e-01 -1.492396e-03 -5.024623e-02 -2.199574e-02 1.320901e-03 9.997572e-01 1.191307e+01
9.997322e-01 1.003843e-02 2.084877e-02 2.161983e-01 -1.000633e-02 9.999486e-01 -1.643332e-03 -5.521474e-02 -2.086419e-02 1.434272e-03 9.997813e-01 1.271596e+01
9.997255e-01 1.277388e-02 1.964078e-02 2.254256e-01 -1.278628e-02 9.999181e-01 5.059677e-04 -6.493248e-02 -1.963271e-02 -7.569615e-04 9.998070e-01 1.351753e+01
9.997261e-01 1.459667e-02 1.829270e-02 2.353092e-01 -1.462198e-02 9.998923e-01 1.250299e-03 -7.483970e-02 -1.827248e-02 -1.517432e-03 9.998319e-01 1.433135e+01
9.997290e-01 1.596052e-02 1.694809e-02 2.408996e-01 -1.598455e-02 9.998714e-01 1.283365e-03 -8.537898e-02 -1.692542e-02 -1.553924e-03 9.998555e-01 1.513325e+01
9.996710e-01 1.983787e-02 1.625839e-02 2.349850e-01 -1.985735e-02 9.998023e-01 1.037693e-03 -9.565915e-02 -1.623459e-02 -1.360201e-03 9.998673e-01 1.594393e+01
9.997215e-01 1.856346e-02 1.457160e-02 2.460136e-01 -1.857301e-02 9.998274e-01 5.207148e-04 -1.057678e-01 -1.455942e-02 -7.912082e-04 9.998937e-01 1.673594e+01
9.996754e-01 2.129969e-02 1.397606e-02 2.401169e-01 -2.130458e-02 9.997730e-01 2.014410e-04 -1.123706e-01 -1.396859e-02 -4.991297e-04 9.999023e-01 1.753824e+01
9.997462e-01 1.850046e-02 1.285546e-02 2.477402e-01 -1.852226e-02 9.998272e-01 1.578856e-03 -1.239258e-01 -1.282403e-02 -1.816568e-03 9.999161e-01 1.832755e+01
9.998280e-01 1.441594e-02 1.167094e-02 2.546933e-01 -1.446091e-02 9.998883e-01 3.778106e-03 -1.318706e-01 -1.161517e-02 -3.946229e-03 9.999248e-01 1.912044e+01
9.998551e-01 1.374257e-02 1.004296e-02 2.585570e-01 -1.379525e-02 9.998913e-01 5.195849e-03 -1.398726e-01 -9.970462e-03 -5.333641e-03 9.999361e-01 1.992337e+01
9.998855e-01 1.217228e-02 8.992165e-03 2.591350e-01 -1.222309e-02 9.999095e-01 5.617217e-03 -1.425133e-01 -8.922977e-03 -5.726485e-03 9.999438e-01 2.074199e+01
9.999307e-01 8.748834e-03 7.874426e-03 2.640125e-01 -8.805213e-03 9.999356e-01 7.153826e-03 -1.456734e-01 -7.811332e-03 -7.222666e-03 9.999434e-01 2.156678e+01
9.999538e-01 6.390215e-03 7.180692e-03 2.715357e-01 -6.455655e-03 9.999375e-01 9.127353e-03 -1.482526e-01 -7.121917e-03 -9.173287e-03 9.999326e-01 2.240033e+01
9.999397e-01 8.388809e-03 7.086031e-03 2.623450e-01 -8.466103e-03 9.999042e-01 1.094923e-02 -1.522594e-01 -6.993501e-03 -1.100856e-02 9.999149e-01 2.322902e+01
9.999723e-01 5.215384e-03 5.302884e-03 2.725062e-01 -5.275807e-03 9.999206e-01 1.144488e-02 -1.558301e-01 -5.242774e-03 -1.147254e-02 9.999204e-01 2.406351e+01
9.999935e-01 3.709091e-04 3.586662e-03 2.804599e-01 -4.139038e-04 9.999280e-01 1.199408e-02 -1.564864e-01 -3.581955e-03 -1.199548e-02 9.999216e-01 2.488281e+01
9.999798e-01 -6.201820e-03 1.367954e-03 2.979570e-01 6.181993e-03 9.998822e-01 1.405093e-02 -1.539295e-01 -1.454934e-03 -1.404219e-02 9.999003e-01 2.572196e+01
9.999680e-01 -7.978243e-03 5.745498e-04 2.864334e-01 7.968881e-03 9.998590e-01 1.478032e-02 -1.558344e-01 -6.923898e-04 -1.477527e-02 9.998906e-01 2.655211e+01
9.999573e-01 -9.225223e-03 -5.769768e-04 2.730938e-01 9.232345e-03 9.998610e-01 1.388108e-02 -1.562697e-01 4.488406e-04 -1.388581e-02 9.999035e-01 2.740511e+01
9.999126e-01 -1.304214e-02 -2.188087e-03 2.657595e-01 1.306745e-02 9.998428e-01 1.198156e-02 -1.602761e-01 2.031478e-03 -1.200910e-02 9.999258e-01 2.825179e+01
9.998968e-01 -1.384150e-02 -3.846861e-03 2.548291e-01 1.387992e-02 9.998522e-01 1.014756e-02 -1.623965e-01 3.705835e-03 -1.019991e-02 9.999411e-01 2.908348e+01
9.998874e-01 -1.382533e-02 -5.837608e-03 2.429528e-01 1.388269e-02 9.998546e-01 9.902427e-03 -1.673994e-01 5.699855e-03 -9.982353e-03 9.999339e-01 2.992390e+01
9.999055e-01 -1.139358e-02 -7.695697e-03 2.261938e-01 1.147115e-02 9.998831e-01 1.011177e-02 -1.710812e-01 7.579588e-03 -1.019910e-02 9.999193e-01 3.075852e+01
9.999268e-01 -8.162602e-03 -8.931342e-03 1.999805e-01 8.253285e-03 9.999143e-01 1.016408e-02 -1.741767e-01 8.847611e-03 -1.023705e-02 9.999085e-01 3.158676e+01
9.999193e-01 -6.813191e-03 -1.072251e-02 1.826387e-01 6.922995e-03 9.999236e-01 1.023691e-02 -1.782142e-01 1.065195e-02 -1.031032e-02 9.998901e-01 3.241523e+01
9.999001e-01 -6.921725e-03 -1.232385e-02 1.678791e-01 7.032992e-03 9.999347e-01 9.008216e-03 -1.802458e-01 1.226070e-02 -9.093990e-03 9.998835e-01 3.322470e+01
9.998978e-01 -5.079564e-03 -1.336212e-02 1.390027e-01 5.173354e-03 9.999622e-01 6.993873e-03 -1.871526e-01 1.332609e-02 -7.062285e-03 9.998863e-01 3.405145e+01
9.998936e-01 -3.626933e-03 -1.413183e-02 1.126229e-01 3.683845e-03 9.999852e-01 4.003326e-03 -1.943011e-01 1.411710e-02 -4.054959e-03 9.998921e-01 3.487696e+01
9.998910e-01 -3.167420e-03 -1.441764e-02 8.969389e-02 3.175650e-03 9.999948e-01 5.480299e-04 -1.998626e-01 1.441582e-02 -5.937555e-04 9.998959e-01 3.567471e+01
9.998758e-01 -3.326801e-03 -1.540492e-02 7.751273e-02 3.305476e-03 9.999935e-01 -1.409572e-03 -2.102734e-01 1.540951e-02 1.358477e-03 9.998803e-01 3.645741e+01
9.998949e-01 -2.484821e-03 -1.428313e-02 5.085750e-02 2.440341e-03 9.999921e-01 -3.130745e-03 -2.212536e-01 1.429080e-02 3.095560e-03 9.998931e-01 3.723727e+01
9.999061e-01 -3.548103e-03 -1.323596e-02 3.897120e-02 3.499083e-03 9.999869e-01 -3.724889e-03 -2.332051e-01 1.324900e-02 3.678226e-03 9.999055e-01 3.801794e+01
9.999286e-01 -3.494589e-03 -1.142677e-02 2.032098e-02 3.445159e-03 9.999846e-01 -4.342614e-03 -2.427122e-01 1.144177e-02 4.302937e-03 9.999253e-01 3.879656e+01
9.999528e-01 -2.807412e-03 -9.296324e-03 -4.185675e-04 2.768576e-03 9.999874e-01 -4.187784e-03 -2.545615e-01 9.307964e-03 4.161848e-03 9.999480e-01 3.957437e+01
9.999635e-01 -2.498152e-03 -8.175706e-03 -1.011689e-02 2.467815e-03 9.999900e-01 -3.718527e-03 -2.672136e-01 8.184914e-03 3.698215e-03 9.999597e-01 4.032778e+01
9.999814e-01 -1.333556e-03 -5.956390e-03 -2.784815e-02 1.313105e-03 9.999932e-01 -3.436047e-03 -2.773721e-01 5.960932e-03 3.428162e-03 9.999764e-01 4.111753e+01
9.999889e-01 -1.036074e-03 -4.594727e-03 -3.824219e-02 1.019169e-03 9.999927e-01 -3.680019e-03 -2.889354e-01 4.598506e-03 3.675296e-03 9.999827e-01 4.189948e+01
9.999929e-01 -2.422655e-04 -3.770017e-03 -4.103692e-02 2.286713e-04 9.999935e-01 -3.605877e-03 -3.016275e-01 3.770866e-03 3.604989e-03 9.999864e-01 4.267448e+01
9.999968e-01 -1.496616e-04 -2.511377e-03 -4.643369e-02 1.403923e-04 9.999932e-01 -3.690692e-03 -3.116543e-01 2.511912e-03 3.690328e-03 9.999900e-01 4.344835e+01
9.999991e-01 4.125151e-04 -1.250988e-03 -5.102167e-02 -4.152367e-04 9.999975e-01 -2.176109e-03 -3.215499e-01 1.250087e-03 2.176626e-03 9.999968e-01 4.420625e+01
9.999982e-01 1.357065e-03 1.313398e-03 -6.643081e-02 -1.356549e-03 9.999990e-01 -3.931159e-04 -3.335230e-01 -1.313930e-03 3.913335e-04 9.999991e-01 4.495617e+01
9.999955e-01 1.273394e-03 2.719094e-03 -6.754616e-02 -1.275722e-03 9.999988e-01 8.545926e-04 -3.425037e-01 -2.718003e-03 -8.580576e-04 9.999959e-01 4.572705e+01
9.999877e-01 2.285052e-03 4.395622e-03 -7.082951e-02 -2.286160e-03 9.999974e-01 2.470080e-04 -3.520547e-01 -4.395046e-03 -2.570541e-04 9.999903e-01 4.651105e+01
9.999757e-01 3.537244e-03 6.001701e-03 -7.165312e-02 -3.528383e-03 9.999927e-01 -1.486464e-03 -3.606591e-01 -6.006915e-03 1.465252e-03 9.999809e-01 4.729615e+01
9.999574e-01 4.626735e-03 7.984951e-03 -7.588077e-02 -4.604770e-03 9.999856e-01 -2.766924e-03 -3.708039e-01 -7.997637e-03 2.730038e-03 9.999643e-01 4.807860e+01
9.999310e-01 5.814756e-03 1.020432e-02 -7.606680e-02 -5.781742e-03 9.999780e-01 -3.261843e-03 -3.789183e-01 -1.022306e-02 3.202619e-03 9.999426e-01 4.887838e+01
9.998657e-01 9.704837e-03 1.320976e-02 -8.792846e-02 -9.675144e-03 9.999505e-01 -2.309921e-03 -3.890419e-01 -1.323153e-02 2.181804e-03 9.999101e-01 4.967385e+01
9.998176e-01 1.083118e-02 1.572877e-02 -8.657844e-02 -1.080931e-02 9.999405e-01 -1.474350e-03 -3.976085e-01 -1.574380e-02 1.304064e-03 9.998752e-01 5.048242e+01
9.997352e-01 1.317715e-02 1.886287e-02 -9.296669e-02 -1.316152e-02 9.999129e-01 -9.521782e-04 -4.071450e-01 -1.887377e-02 7.036620e-04 9.998216e-01 5.131185e+01
9.996546e-01 1.587314e-02 2.094455e-02 -8.695448e-02 -1.584700e-02 9.998734e-01 -1.413530e-03 -4.144649e-01 -2.096434e-02 1.081134e-03 9.997796e-01 5.214446e+01
9.995838e-01 1.795130e-02 2.258224e-02 -7.434769e-02 -1.792396e-02 9.998384e-01 -1.412834e-03 -4.200690e-01 -2.260395e-02 1.007483e-03 9.997440e-01 5.299501e+01
9.995161e-01 1.895891e-02 2.466102e-02 -6.848650e-02 -1.896253e-02 9.998202e-01 -8.696782e-05 -4.300024e-01 -2.465824e-02 -3.807097e-04 9.996959e-01 5.384279e+01
9.994857e-01 1.738604e-02 2.694658e-02 -5.930292e-02 -1.743244e-02 9.998469e-01 1.487893e-03 -4.375645e-01 -2.691659e-02 -1.956872e-03 9.996358e-01 5.471128e+01
9.995059e-01 1.351427e-02 2.837960e-02 -3.976990e-02 -1.352188e-02 9.999086e-01 7.635972e-05 -4.476399e-01 -2.837597e-02 -4.600675e-04 9.995972e-01 5.558271e+01
9.994759e-01 1.425967e-02 2.906188e-02 -3.122783e-02 -1.408619e-02 9.998818e-01 -6.165166e-03 -4.596137e-01 -2.914636e-02 5.752564e-03 9.995586e-01 5.645191e+01
9.994964e-01 1.486504e-02 2.803377e-02 -1.360423e-02 -1.445014e-02 9.997839e-01 -1.494491e-02 -4.753239e-01 -2.824987e-02 1.453229e-02 9.994953e-01 5.729238e+01
9.995693e-01 1.289666e-02 2.636267e-02 5.440631e-03 -1.234644e-02 9.997047e-01 -2.092828e-02 -4.913483e-01 -2.662479e-02 2.059378e-02 9.994333e-01 5.808496e+01
9.996204e-01 9.931327e-03 2.569695e-02 2.798687e-02 -9.438801e-03 9.997708e-01 -1.921753e-02 -5.068968e-01 -2.588192e-02 1.896769e-02 9.994850e-01 5.887011e+01
9.995360e-01 1.548417e-02 2.623149e-02 3.496932e-02 -1.520410e-02 9.998256e-01 -1.084263e-02 -5.303347e-01 -2.639480e-02 1.043877e-02 9.995971e-01 5.966911e+01
9.994534e-01 2.005417e-02 2.627988e-02 4.448153e-02 -2.000993e-02 9.997979e-01 -1.945067e-03 -5.496593e-01 -2.631357e-02 1.418145e-03 9.996527e-01 6.048858e+01
9.994487e-01 2.146480e-02 2.532870e-02 6.387801e-02 -2.156071e-02 9.997613e-01 3.519575e-03 -5.586356e-01 -2.524711e-02 -4.063739e-03 9.996730e-01 6.135129e+01
9.994473e-01 2.149918e-02 2.535427e-02 7.506299e-02 -2.165723e-02 9.997476e-01 5.975980e-03 -5.688354e-01 -2.521939e-02 -6.521781e-03 9.996607e-01 6.223872e+01
9.995400e-01 1.817307e-02 2.427858e-02 9.973362e-02 -1.828405e-02 9.998233e-01 4.356696e-03 -5.760412e-01 -2.419511e-02 -4.798602e-03 9.996957e-01 6.313315e+01
9.996485e-01 1.377729e-02 2.265019e-02 1.269630e-01 -1.379156e-02 9.999048e-01 4.741560e-04 -5.801507e-01 -2.264150e-02 -7.863708e-04 9.997433e-01 6.400926e+01
9.996915e-01 1.210151e-02 2.168983e-02 1.399676e-01 -1.203594e-02 9.999226e-01 -3.151251e-03 -5.898614e-01 -2.172628e-02 2.889221e-03 9.997598e-01 6.488215e+01
9.997021e-01 1.227320e-02 2.109901e-02 1.458878e-01 -1.218608e-02 9.999167e-01 -4.252922e-03 -6.046117e-01 -2.114945e-02 3.994541e-03 9.997683e-01 6.573568e+01
9.997313e-01 1.168858e-02 2.001834e-02 1.554036e-01 -1.161445e-02 9.999253e-01 -3.815255e-03 -6.184844e-01 -2.006144e-02 3.581728e-03 9.997923e-01 6.657216e+01
9.997461e-01 1.226990e-02 1.890174e-02 1.642437e-01 -1.222593e-02 9.999223e-01 -2.440015e-03 -6.340003e-01 -1.893021e-02 2.208304e-03 9.998184e-01 6.741996e+01
9.997637e-01 1.286852e-02 1.752195e-02 1.754992e-01 -1.283848e-02 9.999159e-01 -1.826287e-03 -6.482488e-01 -1.754398e-02 1.600900e-03 9.998448e-01 6.826183e+01
9.997696e-01 1.322066e-02 1.691002e-02 1.805982e-01 -1.321117e-02 9.999125e-01 -6.728764e-04 -6.625257e-01 -1.691744e-02 4.493202e-04 9.998568e-01 6.910199e+01
9.997830e-01 1.389739e-02 1.551530e-02 1.932219e-01 -1.388827e-02 9.999033e-01 -6.948349e-04 -6.718845e-01 -1.552345e-02 4.792034e-04 9.998794e-01 6.996262e+01
9.997895e-01 1.414742e-02 1.486158e-02 2.008304e-01 -1.413055e-02 9.998994e-01 -1.239688e-03 -6.839264e-01 -1.487763e-02 1.029425e-03 9.998888e-01 7.082333e+01
9.997689e-01 1.619144e-02 1.413821e-02 2.081030e-01 -1.616122e-02 9.998669e-01 -2.249125e-03 -6.913561e-01 -1.417275e-02 2.020115e-03 9.998975e-01 7.167038e+01
9.997340e-01 1.819388e-02 1.417209e-02 2.082003e-01 -1.816142e-02 9.998321e-01 -2.416141e-03 -6.996664e-01 -1.421367e-02 2.158114e-03 9.998967e-01 7.254559e+01
9.997015e-01 1.941975e-02 1.482748e-02 2.077037e-01 -1.940448e-02 9.998110e-01 -1.172904e-03 -7.095532e-01 -1.484746e-02 8.848345e-04 9.998894e-01 7.342497e+01
9.996743e-01 2.063005e-02 1.502144e-02 2.179009e-01 -2.062193e-02 9.997871e-01 -6.948428e-04 -7.226792e-01 -1.503258e-02 3.848454e-04 9.998869e-01 7.433561e+01
9.996474e-01 2.191104e-02 1.499958e-02 2.310558e-01 -2.188550e-02 9.997587e-01 -1.864670e-03 -7.328401e-01 -1.503682e-02 1.535739e-03 9.998858e-01 7.523781e+01
9.996143e-01 2.290553e-02 1.570048e-02 2.372033e-01 -2.283810e-02 9.997292e-01 -4.461250e-03 -7.444632e-01 -1.579841e-02 4.100960e-03 9.998668e-01 7.614051e+01
9.995615e-01 2.439159e-02 1.678834e-02 2.409377e-01 -2.427750e-02 9.996810e-01 -6.966650e-03 -7.545185e-01 -1.695291e-02 6.556017e-03 9.998348e-01 7.706693e+01
9.995139e-01 2.568735e-02 1.766565e-02 2.474188e-01 -2.554360e-02 9.996391e-01 -8.315099e-03 -7.634375e-01 -1.787287e-02 7.859813e-03 9.998094e-01 7.796501e+01
9.994473e-01 2.731042e-02 1.895587e-02 2.463072e-01 -2.714724e-02 9.995926e-01 -8.812655e-03 -7.817991e-01 -1.918883e-02 8.293184e-03 9.997815e-01 7.885876e+01
9.994601e-01 2.679658e-02 1.901077e-02 2.613705e-01 -2.662422e-02 9.996026e-01 -9.262093e-03 -7.999971e-01 -1.925141e-02 8.750945e-03 9.997764e-01 7.976516e+01
9.994654e-01 2.667770e-02 1.889927e-02 2.721714e-01 -2.649029e-02 9.995981e-01 -1.009847e-02 -8.204946e-01 -1.916108e-02 9.592428e-03 9.997704e-01 8.066810e+01
9.993867e-01 2.873098e-02 2.001773e-02 2.689103e-01 -2.850635e-02 9.995284e-01 -1.141757e-02 -8.377836e-01 -2.033633e-02 1.083993e-02 9.997344e-01 8.155658e+01
9.993896e-01 2.903149e-02 1.943305e-02 2.836968e-01 -2.879184e-02 9.995073e-01 -1.250020e-02 -8.544610e-01 -1.978638e-02 1.193305e-02 9.997330e-01 8.242974e+01
9.993765e-01 2.958056e-02 1.927827e-02 2.945104e-01 -2.934253e-02 9.994911e-01 -1.251510e-02 -8.714350e-01 -1.963866e-02 1.194163e-02 9.997358e-01 8.329753e+01
9.994298e-01 2.828169e-02 1.844482e-02 3.132076e-01 -2.808133e-02 9.995448e-01 -1.103282e-02 -8.881502e-01 -1.874845e-02 1.050858e-02 9.997690e-01 8.419531e+01
9.993718e-01 3.033262e-02 1.832987e-02 3.189401e-01 -3.017160e-02 9.995042e-01 -8.997977e-03 -9.070210e-01 -1.859371e-02 8.439282e-03 9.997915e-01 8.506403e+01
9.993758e-01 3.039583e-02 1.800385e-02 3.320799e-01 -3.026878e-02 9.995152e-01 -7.287769e-03 -9.231142e-01 -1.821664e-02 6.738265e-03 9.998114e-01 8.595277e+01
9.993464e-01 3.130950e-02 1.807146e-02 3.409419e-01 -3.119760e-02 9.994925e-01 -6.441617e-03 -9.411600e-01 -1.826397e-02 5.873621e-03 9.998159e-01 8.685545e+01
9.993696e-01 3.120831e-02 1.692577e-02 3.620962e-01 -3.109565e-02 9.994927e-01 -6.878667e-03 -9.502717e-01 -1.713186e-02 6.348013e-03 9.998331e-01 8.775765e+01
9.993895e-01 3.070197e-02 1.667345e-02 3.754008e-01 -3.058758e-02 9.995071e-01 -7.072608e-03 -9.634329e-01 -1.688237e-02 6.558289e-03 9.998360e-01 8.867471e+01
9.993622e-01 3.153936e-02 1.674860e-02 3.828764e-01 -3.140670e-02 9.994737e-01 -8.125532e-03 -9.792186e-01 -1.699606e-02 7.594331e-03 9.998267e-01 8.960444e+01
9.993387e-01 3.195643e-02 1.734707e-02 3.859530e-01 -3.178356e-02 9.994432e-01 -1.015135e-02 -9.960561e-01 -1.766181e-02 9.593282e-03 9.997980e-01 9.052813e+01
9.993720e-01 3.101614e-02 1.713262e-02 4.005617e-01 -3.082821e-02 9.994628e-01 -1.112673e-02 -1.015963e+00 -1.746852e-02 1.059158e-02 9.997913e-01 9.145646e+01
9.993759e-01 3.095966e-02 1.701068e-02 4.144991e-01 -3.075505e-02 9.994530e-01 -1.216115e-02 -1.034959e+00 -1.737788e-02 1.163040e-02 9.997813e-01 9.235738e+01
9.993291e-01 3.232766e-02 1.721038e-02 4.243795e-01 -3.211697e-02 9.994074e-01 -1.238075e-02 -1.053211e+00 -1.760042e-02 1.181970e-02 9.997752e-01 9.326551e+01
9.992371e-01 3.466040e-02 1.799724e-02 4.313884e-01 -3.446281e-02 9.993435e-01 -1.117589e-02 -1.070766e+00 -1.837279e-02 1.054713e-02 9.997756e-01 9.416989e+01
9.991161e-01 3.764623e-02 1.870005e-02 4.398780e-01 -3.747670e-02 9.992539e-01 -9.335076e-03 -1.086279e+00 -1.903753e-02 8.626009e-03 9.997816e-01 9.508496e+01
9.988572e-01 4.345301e-02 1.990355e-02 4.398723e-01 -4.327327e-02 9.990193e-01 -9.373988e-03 -1.104012e+00 -2.029136e-02 8.501983e-03 9.997580e-01 9.601888e+01
9.986781e-01 4.694293e-02 2.093894e-02 4.470390e-01 -4.676444e-02 9.988660e-01 -8.934187e-03 -1.119745e+00 -2.133459e-02 7.943179e-03 9.997408e-01 9.694662e+01
9.986724e-01 4.611613e-02 2.295222e-02 4.562307e-01 -4.597201e-02 9.989198e-01 -6.767919e-03 -1.131902e+00 -2.323954e-02 5.703774e-03 9.997137e-01 9.788133e+01
9.985752e-01 4.787331e-02 2.357439e-02 4.686986e-01 -4.782101e-02 9.988521e-01 -2.777816e-03 -1.146061e+00 -2.368031e-02 1.646507e-03 9.997182e-01 9.883906e+01
9.985678e-01 4.747825e-02 2.465943e-02 4.746716e-01 -4.751514e-02 9.988701e-01 9.118059e-04 -1.152723e+00 -2.458827e-02 -2.082196e-03 9.996955e-01 9.981220e+01
9.986335e-01 4.525924e-02 2.612872e-02 4.868950e-01 -4.540953e-02 9.989550e-01 5.187168e-03 -1.157629e+00 -2.586665e-02 -6.366573e-03 9.996451e-01 1.008220e+02
9.987493e-01 4.262069e-02 2.613859e-02 5.145747e-01 -4.284777e-02 9.990480e-01 8.189635e-03 -1.166685e+00 -2.576466e-02 -9.299373e-03 9.996248e-01 1.018593e+02
9.987474e-01 4.240550e-02 2.655843e-02 5.266537e-01 -4.261739e-02 9.990636e-01 7.463335e-03 -1.173682e+00 -2.621708e-02 -8.585838e-03 9.996194e-01 1.028841e+02
9.988483e-01 4.017714e-02 2.622571e-02 5.455352e-01 -4.034702e-02 9.991678e-01 5.980568e-03 -1.174566e+00 -2.596360e-02 -7.031810e-03 9.996382e-01 1.039253e+02
9.989206e-01 3.874087e-02 2.562695e-02 5.635676e-01 -3.890881e-02 9.992242e-01 6.087373e-03 -1.180646e+00 -2.537124e-02 -7.077916e-03 9.996530e-01 1.049844e+02
9.989289e-01 3.856388e-02 2.557275e-02 5.742801e-01 -3.876432e-02 9.992211e-01 7.388724e-03 -1.191526e+00 -2.526790e-02 -8.372119e-03 9.996457e-01 1.060398e+02
9.989797e-01 3.740155e-02 2.531055e-02 5.906553e-01 -3.762058e-02 9.992582e-01 8.233584e-03 -1.199558e+00 -2.498382e-02 -9.177381e-03 9.996457e-01 1.070989e+02
9.992076e-01 3.165543e-02 2.412514e-02 6.244330e-01 -3.191984e-02 9.994336e-01 1.065466e-02 -1.200813e+00 -2.377420e-02 -1.141629e-02 9.996522e-01 1.081632e+02
9.993013e-01 2.894242e-02 2.364907e-02 6.454445e-01 -2.925124e-02 9.994899e-01 1.281837e-02 -1.205483e+00 -2.326601e-02 -1.350118e-02 9.996381e-01 1.092579e+02
9.993439e-01 2.714283e-02 2.398006e-02 6.568821e-01 -2.742954e-02 9.995552e-01 1.170905e-02 -1.209627e+00 -2.365157e-02 -1.235913e-02 9.996439e-01 1.103588e+02
9.994176e-01 2.512681e-02 2.309091e-02 6.828837e-01 -2.532583e-02 9.996442e-01 8.367553e-03 -1.211630e+00 -2.287244e-02 -8.947476e-03 9.996984e-01 1.114466e+02
9.992966e-01 2.783656e-02 2.512814e-02 6.835352e-01 -2.799809e-02 9.995894e-01 6.099169e-03 -1.220525e+00 -2.494804e-02 -6.798419e-03 9.996656e-01 1.125229e+02
9.991508e-01 3.088002e-02 2.727969e-02 6.910361e-01 -3.103375e-02 9.995047e-01 5.229815e-03 -1.227589e+00 -2.710468e-02 -6.071965e-03 9.996142e-01 1.135984e+02
9.989905e-01 3.395263e-02 2.941363e-02 7.101370e-01 -3.410921e-02 9.994064e-01 4.838079e-03 -1.238160e+00 -2.923191e-02 -5.836471e-03 9.995556e-01 1.146484e+02
9.989020e-01 3.490806e-02 3.124301e-02 7.303500e-01 -3.507249e-02 9.993736e-01 4.730301e-03 -1.248066e+00 -3.105832e-02 -5.820878e-03 9.995006e-01 1.156983e+02
9.987149e-01 3.795878e-02 3.358143e-02 7.477504e-01 -3.820287e-02 9.992478e-01 6.656607e-03 -1.254386e+00 -3.330349e-02 -7.930959e-03 9.994138e-01 1.167372e+02
9.986011e-01 3.901055e-02 3.569223e-02 7.733469e-01 -3.937455e-02 9.991789e-01 9.552539e-03 -1.263587e+00 -3.529028e-02 -1.094454e-02 9.993172e-01 1.177766e+02
9.984509e-01 4.070355e-02 3.793416e-02 7.950234e-01 -4.110017e-02 9.991076e-01 9.734619e-03 -1.271687e+00 -3.750407e-02 -1.127864e-02 9.992328e-01 1.188258e+02
9.984422e-01 4.046050e-02 3.841949e-02 8.378552e-01 -4.077020e-02 9.991418e-01 7.311846e-03 -1.280494e+00 -3.809068e-02 -8.866826e-03 9.992349e-01 1.198800e+02
9.982599e-01 4.242410e-02 4.095603e-02 8.554715e-01 -4.265710e-02 9.990781e-01 4.831468e-03 -1.291166e+00 -4.071330e-02 -6.570126e-03 9.991493e-01 1.209208e+02
9.981308e-01 4.380817e-02 4.261233e-02 8.826925e-01 -4.397379e-02 9.990283e-01 2.956818e-03 -1.298957e+00 -4.244139e-02 -4.825117e-03 9.990873e-01 1.219611e+02
9.981876e-01 4.197597e-02 4.312163e-02 9.225470e-01 -4.217021e-02 9.991039e-01 3.604358e-03 -1.310943e+00 -4.293170e-02 -5.416274e-03 9.990633e-01 1.229782e+02
9.982811e-01 3.982457e-02 4.299809e-02 9.642235e-01 -4.008524e-02 9.991826e-01 5.216913e-03 -1.325599e+00 -4.275519e-02 -6.931535e-03 9.990615e-01 1.239955e+02
9.982264e-01 4.079760e-02 4.335344e-02 9.962445e-01 -4.107456e-02 9.991409e-01 5.516648e-03 -1.331649e+00 -4.309113e-02 -7.287588e-03 9.990446e-01 1.250429e+02
9.982459e-01 3.985162e-02 4.378284e-02 1.029411e+00 -4.010205e-02 9.991838e-01 4.856157e-03 -1.342996e+00 -4.355358e-02 -6.603420e-03 9.990293e-01 1.260723e+02
9.983501e-01 3.777259e-02 4.324737e-02 1.073838e+00 -3.796472e-02 9.992725e-01 3.629546e-03 -1.353469e+00 -4.307881e-02 -5.265432e-03 9.990578e-01 1.271054e+02
9.983487e-01 3.806534e-02 4.302230e-02 1.111086e+00 -3.826673e-02 9.992601e-01 3.866980e-03 -1.364589e+00 -4.284327e-02 -5.506917e-03 9.990666e-01 1.281242e+02
9.982698e-01 3.995202e-02 4.314159e-02 1.143422e+00 -4.022244e-02 9.991761e-01 5.418028e-03 -1.377676e+00 -4.288958e-02 -7.143914e-03 9.990543e-01 1.291363e+02
9.981017e-01 4.298236e-02 4.410909e-02 1.167749e+00 -4.337271e-02 9.990275e-01 7.930736e-03 -1.390639e+00 -4.372531e-02 -9.828812e-03 9.989952e-01 1.301549e+02
9.978807e-01 4.653683e-02 4.548098e-02 1.187871e+00 -4.702594e-02 9.988461e-01 9.743654e-03 -1.395818e+00 -4.497506e-02 -1.186179e-02 9.989177e-01 1.311995e+02
9.978072e-01 4.770010e-02 4.588584e-02 1.224561e+00 -4.823936e-02 9.987783e-01 1.071695e-02 -1.401434e+00 -4.531858e-02 -1.290696e-02 9.988892e-01 1.322543e+02
9.975872e-01 5.202155e-02 4.597377e-02 1.256294e+00 -5.253776e-02 9.985679e-01 1.009161e-02 -1.402980e+00 -4.538295e-02 -1.248262e-02 9.988917e-01 1.332971e+02
9.975022e-01 5.374830e-02 4.583101e-02 1.294266e+00 -5.422453e-02 9.984863e-01 9.211034e-03 -1.406716e+00 -4.526656e-02 -1.167319e-02 9.989067e-01 1.343260e+02
9.971397e-01 6.017971e-02 4.572448e-02 1.319735e+00 -6.056023e-02 9.981401e-01 6.981725e-03 -1.410349e+00 -4.521928e-02 -9.730841e-03 9.989297e-01 1.353381e+02
9.970797e-01 6.129915e-02 4.554609e-02 1.359251e+00 -6.153966e-02 9.980970e-01 3.895896e-03 -1.419306e+00 -4.522061e-02 -6.687410e-03 9.989546e-01 1.363560e+02
9.969658e-01 6.312802e-02 4.554245e-02 1.390269e+00 -6.324220e-02 9.979976e-01 1.069204e-03 -1.427816e+00 -4.538377e-02 -3.946165e-03 9.989618e-01 1.373444e+02
9.968604e-01 6.458946e-02 4.579893e-02 1.424802e+00 -6.478665e-02 9.978951e-01 2.832593e-03 -1.438577e+00 -4.551957e-02 -5.790858e-03 9.989467e-01 1.382957e+02
9.969893e-01 6.251198e-02 4.587672e-02 1.465347e+00 -6.293717e-02 9.979864e-01 7.881351e-03 -1.448194e+00 -4.529166e-02 -1.074497e-02 9.989160e-01 1.392791e+02
9.971414e-01 6.024051e-02 4.560874e-02 1.506073e+00 -6.078449e-02 9.980943e-01 1.063454e-02 -1.454226e+00 -4.488120e-02 -1.337644e-02 9.989028e-01 1.402633e+02
9.973558e-01 5.739334e-02 4.458031e-02 1.554810e+00 -5.785172e-02 9.982841e-01 9.059893e-03 -1.458317e+00 -4.398383e-02 -1.161498e-02 9.989647e-01 1.412451e+02
9.975888e-01 5.404136e-02 4.354429e-02 1.601032e+00 -5.442353e-02 9.984887e-01 7.638688e-03 -1.462613e+00 -4.306568e-02 -9.990104e-03 9.990223e-01 1.422130e+02
9.976646e-01 5.292451e-02 4.317873e-02 1.639696e+00 -5.328910e-02 9.985522e-01 7.335992e-03 -1.469183e+00 -4.272796e-02 -9.619815e-03 9.990404e-01 1.431642e+02
9.977105e-01 5.179241e-02 4.348929e-02 1.671345e+00 -5.214515e-02 9.986149e-01 7.015374e-03 -1.479228e+00 -4.306571e-02 -9.267068e-03 9.990293e-01 1.441067e+02
9.976775e-01 5.255984e-02 4.332574e-02 1.701327e+00 -5.283531e-02 9.985895e-01 5.236935e-03 -1.479699e+00 -4.298937e-02 -7.513901e-03 9.990473e-01 1.450676e+02
9.977209e-01 5.220032e-02 4.275565e-02 1.739733e+00 -5.245236e-02 9.986119e-01 4.793730e-03 -1.487694e+00 -4.244606e-02 -7.025440e-03 9.990741e-01 1.460286e+02
9.977117e-01 5.279298e-02 4.224001e-02 1.779282e+00 -5.310758e-02 9.985685e-01 6.359892e-03 -1.495821e+00 -4.184379e-02 -8.588604e-03 9.990872e-01 1.470040e+02
9.977049e-01 5.255880e-02 4.268987e-02 1.811073e+00 -5.298240e-02 9.985562e-01 8.851823e-03 -1.503693e+00 -4.216299e-02 -1.109332e-02 9.990492e-01 1.479428e+02
9.977578e-01 5.163528e-02 4.258069e-02 1.848941e+00 -5.211894e-02 9.985875e-01 1.032717e-02 -1.513114e+00 -4.198730e-02 -1.252328e-02 9.990397e-01 1.488753e+02
9.978096e-01 5.060059e-02 4.261022e-02 1.884548e+00 -5.114013e-02 9.986233e-01 1.166812e-02 -1.517188e+00 -4.196114e-02 -1.382166e-02 9.990236e-01 1.497665e+02
9.977144e-01 5.206192e-02 4.307690e-02 1.910674e+00 -5.262976e-02 9.985401e-01 1.215384e-02 -1.520878e+00 -4.238126e-02 -1.439318e-02 9.989978e-01 1.506642e+02
9.976830e-01 5.269487e-02 4.303339e-02 1.939896e+00 -5.322850e-02 9.985179e-01 1.134920e-02 -1.525992e+00 -4.237157e-02 -1.361351e-02 9.990092e-01 1.515461e+02
9.978194e-01 5.018285e-02 4.287398e-02 1.972237e+00 -5.061535e-02 9.986771e-01 9.061733e-03 -1.532385e+00 -4.236252e-02 -1.121205e-02 9.990394e-01 1.524055e+02
9.976914e-01 5.309557e-02 4.234056e-02 1.989623e+00 -5.347024e-02 9.985392e-01 7.765300e-03 -1.540482e+00 -4.186641e-02 -1.001133e-02 9.990731e-01 1.532503e+02
9.978179e-01 5.176359e-02 4.098678e-02 2.021261e+00 -5.205970e-02 9.986248e-01 6.189718e-03 -1.548389e+00 -4.061001e-02 -8.309971e-03 9.991405e-01 1.540794e+02
9.977132e-01 5.520259e-02 3.900086e-02 2.040994e+00 -5.544167e-02 9.984490e-01 5.074536e-03 -1.555471e+00 -3.866024e-02 -7.225204e-03 9.992263e-01 1.548694e+02
9.977849e-01 5.600620e-02 3.589807e-02 2.066559e+00 -5.611500e-02 9.984222e-01 2.029660e-03 -1.568667e+00 -3.572776e-02 -4.039584e-03 9.993534e-01 1.556376e+02
9.978061e-01 5.712964e-02 3.345418e-02 2.088201e+00 -5.711739e-02 9.983666e-01 -1.322475e-03 -1.581284e+00 -3.347508e-02 -5.912417e-04 9.994394e-01 1.563774e+02
9.978992e-01 5.622541e-02 3.218534e-02 2.099297e+00 -5.610891e-02 9.984145e-01 -4.512217e-03 -1.594416e+00 -3.238801e-02 2.696853e-03 9.994717e-01 1.570722e+02
9.978200e-01 5.838355e-02 3.076578e-02 2.111820e+00 -5.823436e-02 9.982865e-01 -5.723889e-03 -1.611376e+00 -3.104724e-02 3.919786e-03 9.995102e-01 1.577312e+02
9.977445e-01 6.008027e-02 2.993948e-02 2.122553e+00 -5.989956e-02 9.981806e-01 -6.897484e-03 -1.626661e+00 -3.029941e-02 5.088565e-03 9.995279e-01 1.583560e+02
9.979234e-01 5.776905e-02 2.848895e-02 2.148219e+00 -5.763422e-02 9.983224e-01 -5.531919e-03 -1.637953e+00 -2.876073e-02 3.878493e-03 9.995788e-01 1.589718e+02
9.982216e-01 5.276291e-02 2.774487e-02 2.182349e+00 -5.269446e-02 9.986056e-01 -3.192889e-03 -1.650264e+00 -2.787465e-02 1.725209e-03 9.996099e-01 1.595765e+02
9.981271e-01 5.331168e-02 3.000126e-02 2.193990e+00 -5.322790e-02 9.985760e-01 -3.584978e-03 -1.672690e+00 -3.014966e-02 1.981360e-03 9.995434e-01 1.601647e+02
9.979420e-01 5.409612e-02 3.442879e-02 2.205323e+00 -5.396527e-02 9.985317e-01 -4.719147e-03 -1.689253e+00 -3.463353e-02 2.851476e-03 9.993960e-01 1.607293e+02
9.976419e-01 5.599270e-02 3.969205e-02 2.217787e+00 -5.575107e-02 9.984190e-01 -7.169397e-03 -1.700630e+00 -4.003073e-02 4.939617e-03 9.991862e-01 1.612761e+02
9.971876e-01 5.871596e-02 4.657617e-02 2.230225e+00 -5.826149e-02 9.982401e-01 -1.105694e-02 -1.710012e+00 -4.714342e-02 8.312245e-03 9.988535e-01 1.617908e+02
9.966156e-01 6.121449e-02 5.486534e-02 2.247978e+00 -6.046618e-02 9.980545e-01 -1.519845e-02 -1.725986e+00 -5.568896e-02 1.182952e-02 9.983781e-01 1.622675e+02
9.955446e-01 6.803099e-02 6.528910e-02 2.251614e+00 -6.702313e-02 9.975978e-01 -1.750751e-02 -1.745759e+00 -6.632331e-02 1.305363e-02 9.977128e-01 1.627120e+02
9.946547e-01 6.977266e-02 7.611733e-02 2.274305e+00 -6.861204e-02 9.974853e-01 -1.776093e-02 -1.760348e+00 -7.716515e-02 1.244343e-02 9.969407e-01 1.631493e+02
9.937600e-01 6.995121e-02 8.687915e-02 2.314671e+00 -6.866470e-02 9.974825e-01 -1.771284e-02 -1.775650e+00 -8.789947e-02 1.163678e-02 9.960614e-01 1.635608e+02
9.922625e-01 7.336455e-02 1.001640e-01 2.341479e+00 -7.170683e-02 9.972241e-01 -2.005613e-02 -1.790616e+00 -1.013574e-01 1.271851e-02 9.947688e-01 1.639628e+02
9.905586e-01 7.717385e-02 1.133044e-01 2.376667e+00 -7.509467e-02 9.969223e-01 -2.251163e-02 -1.809104e+00 -1.146930e-01 1.379053e-02 9.933053e-01 1.643465e+02
9.888177e-01 7.819144e-02 1.269865e-01 2.429552e+00 -7.571400e-02 9.968352e-01 -2.422798e-02 -1.822213e+00 -1.284790e-01 1.434240e-02 9.916085e-01 1.647161e+02
9.862694e-01 8.185779e-02 1.434292e-01 2.466566e+00 -7.915572e-02 9.965623e-01 -2.445468e-02 -1.836315e+00 -1.449379e-01 1.276566e-02 9.893584e-01 1.650703e+02
9.838368e-01 8.203372e-02 1.591715e-01 2.525347e+00 -7.913453e-02 9.965634e-01 -2.447885e-02 -1.855802e+00 -1.606326e-01 1.148723e-02 9.869474e-01 1.654077e+02
9.815496e-01 7.857754e-02 1.743157e-01 2.606882e+00 -7.504989e-02 9.968210e-01 -2.674778e-02 -1.869624e+00 -1.758633e-01 1.317190e-02 9.843265e-01 1.657273e+02
9.777201e-01 8.429811e-02 1.922426e-01 2.649908e+00 -7.990345e-02 9.963355e-01 -3.051351e-02 -1.885965e+00 -1.941103e-01 1.447282e-02 9.808729e-01 1.660427e+02
9.734545e-01 8.808634e-02 2.112513e-01 2.706144e+00 -8.275917e-02 9.959913e-01 -3.394503e-02 -1.902072e+00 -2.133945e-01 1.556097e-02 9.768422e-01 1.663535e+02
9.682785e-01 9.336368e-02 2.317757e-01 2.766870e+00 -8.737302e-02 9.955249e-01 -3.600228e-02 -1.918121e+00 -2.340998e-01 1.460929e-02 9.721028e-01 1.666595e+02
9.622556e-01 9.920245e-02 2.534228e-01 2.833452e+00 -9.283589e-02 9.949941e-01 -3.698959e-02 -1.936099e+00 -2.558236e-01 1.206671e-02 9.666482e-01 1.669542e+02
9.559764e-01 1.001441e-01 2.758267e-01 2.923870e+00 -9.343047e-02 9.949228e-01 -3.740877e-02 -1.954003e+00 -2.781725e-01 9.991286e-03 9.604792e-01 1.672452e+02
9.494379e-01 9.743108e-02 2.984541e-01 3.035554e+00 -9.005531e-02 9.951961e-01 -3.840158e-02 -1.974491e+00 -3.007619e-01 9.582531e-03 9.536511e-01 1.675253e+02
9.402589e-01 1.053177e-01 3.237612e-01 3.116345e+00 -9.705619e-02 9.944088e-01 -4.160746e-02 -1.992964e+00 -3.263330e-01 7.698752e-03 9.452235e-01 1.678152e+02
9.313667e-01 1.073100e-01 3.479089e-01 3.235995e+00 -9.761554e-02 9.941913e-01 -4.533026e-02 -2.016121e+00 -3.507524e-01 8.257772e-03 9.364318e-01 1.680868e+02
9.192916e-01 1.177271e-01 3.755572e-01 3.325108e+00 -1.069270e-01 9.930313e-01 -4.955207e-02 -2.033407e+00 -3.787737e-01 5.395595e-03 9.254736e-01 1.683725e+02
9.080177e-01 1.195424e-01 4.015141e-01 3.461250e+00 -1.067459e-01 9.928088e-01 -5.418393e-02 -2.054186e+00 -4.051040e-01 6.339974e-03 9.142486e-01 1.686296e+02
8.980272e-01 1.111052e-01 4.256792e-01 3.650719e+00 -9.405179e-02 9.937000e-01 -6.094764e-02 -2.076815e+00 -4.297690e-01 1.469676e-02 9.028193e-01 1.688520e+02
8.850267e-01 1.070678e-01 4.530609e-01 3.816639e+00 -8.680934e-02 9.940795e-01 -6.534520e-02 -2.102591e+00 -4.573749e-01 1.850234e-02 8.890815e-01 1.690951e+02
8.706204e-01 1.038035e-01 4.808793e-01 3.991501e+00 -7.960083e-02 9.943291e-01 -7.052239e-02 -2.127524e+00 -4.854727e-01 2.311984e-02 8.739461e-01 1.693298e+02
8.530993e-01 1.074807e-01 5.105581e-01 4.150544e+00 -8.058466e-02 9.939527e-01 -7.459293e-02 -2.151967e+00 -5.154879e-01 2.249203e-02 8.566016e-01 1.695838e+02
8.346973e-01 1.088239e-01 5.398498e-01 4.331482e+00 -7.826943e-02 9.937726e-01 -7.930900e-02 -2.179824e+00 -5.451187e-01 2.394527e-02 8.380168e-01 1.698369e+02
8.165290e-01 1.062498e-01 5.674428e-01 4.540097e+00 -7.092537e-02 9.939343e-01 -8.404849e-02 -2.211978e+00 -5.729310e-01 2.838194e-02 8.191120e-01 1.700610e+02
7.886084e-01 1.312157e-01 6.007322e-01 4.648275e+00 -9.306437e-02 9.911815e-01 -9.433034e-02 -2.235146e+00 -6.078123e-01 1.848294e-02 7.938656e-01 1.703810e+02
7.653326e-01 1.342501e-01 6.294782e-01 4.856169e+00 -9.384120e-02 9.908288e-01 -9.722200e-02 -2.273954e+00 -6.367572e-01 1.533617e-02 7.709118e-01 1.706306e+02
7.424357e-01 1.344940e-01 6.562779e-01 5.081049e+00 -9.042888e-02 9.907939e-01 -1.007472e-01 -2.317030e+00 -6.637860e-01 1.545187e-02 7.477629e-01 1.708587e+02
7.174407e-01 1.367159e-01 6.830722e-01 5.329289e+00 -8.823188e-02 9.904894e-01 -1.055738e-01 -2.348885e+00 -6.910094e-01 1.547420e-02 7.226801e-01 1.711086e+02
6.958291e-01 1.322477e-01 7.059266e-01 5.630996e+00 -7.456716e-02 9.908916e-01 -1.121323e-01 -2.387068e+00 -7.143260e-01 2.538597e-02 6.993525e-01 1.713022e+02
6.704082e-01 1.315314e-01 7.302413e-01 5.918290e+00 -6.688894e-02 9.908689e-01 -1.170674e-01 -2.428556e+00 -7.389714e-01 2.963790e-02 6.730846e-01 1.715266e+02
6.397492e-01 1.391571e-01 7.558811e-01 6.175477e+00 -7.238189e-02 9.900102e-01 -1.209988e-01 -2.474303e+00 -7.651679e-01 2.269678e-02 6.434306e-01 1.717944e+02
6.127937e-01 1.377136e-01 7.781509e-01 6.493501e+00 -6.713604e-02 9.902108e-01 -1.223734e-01 -2.526507e+00 -7.873859e-01 2.274770e-02 6.160405e-01 1.720046e+02
5.821857e-01 1.395828e-01 8.009847e-01 6.818057e+00 -6.897295e-02 9.900809e-01 -1.224033e-01 -2.583837e+00 -8.101250e-01 1.601516e-02 5.860384e-01 1.722502e+02
5.542043e-01 1.364508e-01 8.211204e-01 7.195082e+00 -6.138213e-02 9.904859e-01 -1.231663e-01 -2.645323e+00 -8.301143e-01 1.785719e-02 5.573072e-01 1.724613e+02
5.254972e-01 1.346390e-01 8.400744e-01 7.585264e+00 -5.753612e-02 9.907624e-01 -1.227988e-01 -2.711156e+00 -8.488476e-01 1.619581e-02 5.283894e-01 1.726770e+02
4.957902e-01 1.338718e-01 8.580620e-01 7.998331e+00 -5.331399e-02 9.908754e-01 -1.237880e-01 -2.777466e+00 -8.668043e-01 1.562617e-02 4.984036e-01 1.728940e+02
4.671139e-01 1.335875e-01 8.740475e-01 8.434650e+00 -4.786422e-02 9.908919e-01 -1.258659e-01 -2.841261e+00 -8.829007e-01 1.695812e-02 4.692535e-01 1.730933e+02
4.374071e-01 1.382189e-01 8.885778e-01 8.882999e+00 -4.843399e-02 9.903040e-01 -1.302006e-01 -2.905251e+00 -8.979583e-01 1.391331e-02 4.398605e-01 1.732963e+02
4.082861e-01 1.410300e-01 9.018941e-01 9.344969e+00 -4.669921e-02 9.899270e-01 -1.336551e-01 -2.973386e+00 -9.116587e-01 1.245178e-02 4.107594e-01 1.734923e+02
3.809882e-01 1.409487e-01 9.137732e-01 9.837179e+00 -4.121739e-02 9.899184e-01 -1.355089e-01 -3.041913e+00 -9.236607e-01 1.396394e-02 3.829568e-01 1.736622e+02
3.511169e-01 1.401439e-01 9.257843e-01 1.033791e+01 -3.921916e-02 9.900690e-01 -1.350008e-01 -3.119299e+00 -9.355099e-01 1.109256e-02 3.531263e-01 1.738401e+02
3.219386e-01 1.398700e-01 9.363717e-01 1.086419e+01 -3.718572e-02 9.901318e-01 -1.351154e-01 -3.196856e+00 -9.460300e-01 8.679216e-03 3.239629e-01 1.740069e+02
2.944922e-01 1.389042e-01 9.455051e-01 1.141452e+01 -3.580807e-02 9.902894e-01 -1.343305e-01 -3.281521e+00 -9.549828e-01 5.702563e-03 2.966064e-01 1.741510e+02
2.655799e-01 1.372900e-01 9.542635e-01 1.198555e+01 -3.549704e-02 9.905300e-01 -1.326286e-01 -3.368013e+00 -9.634351e-01 1.349956e-03 2.679383e-01 1.743029e+02
2.359352e-01 1.380507e-01 9.619130e-01 1.258243e+01 -3.715555e-02 9.904156e-01 -1.330279e-01 -3.453154e+00 -9.710582e-01 -4.354425e-03 2.388033e-01 1.744565e+02
2.074918e-01 1.386008e-01 9.683682e-01 1.321092e+01 -3.601565e-02 9.903231e-01 -1.340261e-01 -3.541801e+00 -9.775735e-01 -7.067098e-03 2.104758e-01 1.745898e+02
1.821470e-01 1.410383e-01 9.731036e-01 1.384487e+01 -3.182262e-02 9.899865e-01 -1.375286e-01 -3.633531e+00 -9.827562e-01 -5.916287e-03 1.848113e-01 1.746889e+02
1.601193e-01 1.439882e-01 9.765394e-01 1.449890e+01 -2.652568e-02 9.895741e-01 -1.415609e-01 -3.733514e+00 -9.867412e-01 -3.236743e-03 1.622693e-01 1.747734e+02
1.408195e-01 1.460840e-01 9.791983e-01 1.515609e+01 -2.090453e-02 9.892722e-01 -1.445806e-01 -3.831632e+00 -9.898146e-01 -1.099092e-04 1.423626e-01 1.748484e+02
1.248593e-01 1.457503e-01 9.814107e-01 1.581996e+01 -1.342836e-02 9.893090e-01 -1.452148e-01 -3.936034e+00 -9.920836e-01 4.952689e-03 1.254816e-01 1.749059e+02
1.107517e-01 1.439977e-01 9.833609e-01 1.648694e+01 -9.599852e-03 9.895567e-01 -1.438238e-01 -4.038848e+00 -9.938017e-01 6.488610e-03 1.109774e-01 1.749662e+02
9.779555e-02 1.403053e-01 9.852667e-01 1.718042e+01 -6.724869e-03 9.900828e-01 -1.403237e-01 -4.148340e+00 -9.951838e-01 7.097240e-03 9.776923e-02 1.750225e+02
8.543471e-02 1.356869e-01 9.870613e-01 1.790237e+01 -6.608350e-04 9.906909e-01 -1.361287e-01 -4.256251e+00 -9.963436e-01 1.097783e-02 8.472906e-02 1.750709e+02
7.378651e-02 1.328207e-01 9.883897e-01 1.864475e+01 9.853635e-04 9.910812e-01 -1.332560e-01 -4.361023e+00 -9.972736e-01 1.080642e-02 7.299755e-02 1.751236e+02
6.268634e-02 1.334552e-01 9.890703e-01 1.939863e+01 3.512490e-04 9.910164e-01 -1.337400e-01 -4.471043e+00 -9.980332e-01 8.731081e-03 6.207631e-02 1.751720e+02
5.262129e-02 1.374171e-01 9.891145e-01 2.017427e+01 9.491241e-04 9.904795e-01 -1.376572e-01 -4.585942e+00 -9.986141e-01 8.182493e-03 5.198988e-02 1.752133e+02
4.284447e-02 1.411775e-01 9.890568e-01 2.093454e+01 5.861826e-04 9.899621e-01 -1.413321e-01 -4.693396e+00 -9.990816e-01 6.635066e-03 4.233164e-02 1.752496e+02
3.146425e-02 1.431078e-01 9.892068e-01 2.168547e+01 1.213521e-03 9.896907e-01 -1.432164e-01 -4.801489e+00 -9.995041e-01 5.706619e-03 3.096621e-02 1.752778e+02
1.874661e-02 1.411687e-01 9.898080e-01 2.243546e+01 -1.742513e-03 9.899851e-01 -1.411609e-01 -4.915284e+00 -9.998227e-01 9.215358e-04 1.880486e-02 1.753104e+02
