1.000000e+00 0.000000e+00 0.000000e+00 0.000000e+00 0.000000e+00 1.000000e+00 0.000000e+00 0.000000e+00 0.000000e+00 0.000000e+00 1.000000e+00 0.000000e+00
9.999930e-01 7.910263e-04 -3.649424e-03 -4.340158e-03 -7.857288e-04 9.999986e-01 1.452794e-03 -2.835501e-02 3.650568e-03 -1.449916e-03 9.999923e-01 1.670801e+00
9.999834e-01 -2.119295e-04 -5.759556e-03 -2.877864e-02 2.185359e-04 9.999993e-01 1.146426e-03 -5.205781e-02 5.759310e-03 -1.147665e-03 9.999828e-01 3.351765e+00
9.999683e-01 1.110670e-03 -7.886231e-03 -4.769066e-02 -1.106616e-03 9.999993e-01 5.183224e-04 -7.309905e-02 7.886800e-03 -5.095789e-04 9.999688e-01 5.009740e+00
9.999492e-01 4.681146e-03 -8.921523e-03 -8.650596e-02 -4.681048e-03 9.999890e-01 3.184514e-05 -9.410689e-02 8.921574e-03 9.918550e-06 9.999602e-01 6.708596e+00
9.999127e-01 3.233035e-03 -1.280978e-02 -7.515963e-02 -3.216413e-03 9.999940e-01 1.317972e-03 -1.229956e-01 1.281396e-02 -1.276656e-03 9.999171e-01 8.407907e+00
9.998799e-01 6.860605e-03 -1.389540e-02 -1.203634e-01 -6.849662e-03 9.999762e-01 8.349662e-04 -1.482632e-01 1.390080e-02 -7.396872e-04 9.999031e-01 1.011051e+01
9.998198e-01 1.284230e-02 -1.398002e-02 -1.780021e-01 -1.285003e-02 9.999173e-01 -4.633075e-04 -1.691397e-01 1.397291e-02 6.428677e-04 9.999022e-01 1.177362e+01
9.997813e-01 1.578108e-02 -1.372314e-02 -2.407167e-01 -1.579487e-02 9.998749e-01 -8.972166e-04 -1.833691e-01 1.370726e-02 1.113776e-03 9.999054e-01 1.344975e+01
9.997004e-01 1.948849e-02 -1.481202e-02 -2.880163e-01 -1.949818e-02 9.998098e-01 -5.099411e-04 -2.050869e-01 1.479926e-02 7.985957e-04 9.998902e-01 1.511861e+01
9.996614e-01 1.904365e-02 -1.773279e-02 -3.187274e-01 -1.904479e-02 9.998186e-01 1.045354e-04 -2.319581e-01 1.773156e-02 2.332172e-04 9.998428e-01 1.698058e+01
9.996069e-01 1.913129e-02 -2.049629e-02 -3.570632e-01 -1.913548e-02 9.998169e-01 -8.208446e-06 -2.517875e-01 2.049238e-02 4.004115e-04 9.997899e-01 1.863063e+01
9.995990e-01 1.543106e-02 -2.374324e-02 -4.050706e-01 -1.541017e-02 9.998807e-01 1.062641e-03 -2.760385e-01 2.375681e-02 -6.963275e-04 9.997175e-01 2.038210e+01
9.994909e-01 1.964374e-02 -2.514216e-02 -4.738513e-01 -1.961193e-02 9.998065e-01 1.511176e-03 -2.958228e-01 2.516698e-02 -1.017320e-03 9.996827e-01 2.214001e+01
9.991029e-01 3.465313e-02 -2.434291e-02 -5.945735e-01 -3.467685e-02 9.993984e-01 -5.530656e-04 -3.077448e-01 2.430910e-02 1.396705e-03 9.997035e-01 2.390420e+01
9.989757e-01 3.695071e-02 -2.612060e-02 -6.736219e-01 -3.702906e-02 9.993110e-01 -2.522073e-03 -3.426973e-01 2.600941e-02 3.486711e-03 9.996556e-01 2.590560e+01
9.988770e-01 3.786917e-02 -2.847296e-02 -7.320341e-01 -3.802732e-02 9.992640e-01 -5.033506e-03 -3.716243e-01 2.826139e-02 6.110604e-03 9.995819e-01 2.770191e+01
9.986466e-01 4.065097e-02 -3.244139e-02 -7.704233e-01 -4.080851e-02 9.991581e-01 -4.208601e-03 -3.983840e-01 3.224299e-02 5.526790e-03 9.994648e-01 2.950360e+01
9.986644e-01 3.812177e-02 -3.487278e-02 -8.297717e-01 -3.814475e-02 9.992722e-01 6.282120e-06 -4.249287e-01 3.484764e-02 1.323940e-03 9.993918e-01 3.115355e+01
9.984568e-01 4.295113e-02 -3.520322e-02 -9.235043e-01 -4.284953e-02 9.990749e-01 3.635900e-03 -4.331147e-01 3.532682e-02 -2.121847e-03 9.993736e-01 3.289268e+01
9.981596e-01 4.817149e-02 -3.683675e-02 -1.019814e+00 -4.799194e-02 9.988312e-01 5.743637e-03 -4.329346e-01 3.707038e-02 -3.965199e-03 9.993048e-01 3.479580e+01
9.980530e-01 4.817464e-02 -3.961493e-02 -1.095198e+00 -4.798958e-02 9.988321e-01 5.609757e-03 -4.506784e-01 3.983891e-02 -3.697731e-03 9.991993e-01 3.669921e+01
9.978803e-01 5.000928e-02 -4.164160e-02 -1.208634e+00 -4.999853e-02 9.987484e-01 1.300148e-03 -4.805358e-01 4.165450e-02 7.846269e-04 9.991318e-01 3.898736e+01
9.975920e-01 5.560262e-02 -4.145445e-02 -1.370422e+00 -5.585885e-02 9.984259e-01 -5.047616e-03 -4.961235e-01 4.110854e-02 7.351060e-03 9.991276e-01 4.108569e+01
9.974700e-01 5.573075e-02 -4.413244e-02 -1.480721e+00 -5.615095e-02 9.983875e-01 -8.338555e-03 -5.325510e-01 4.359656e-02 1.079554e-02 9.989909e-01 4.294092e+01
9.974327e-01 5.276600e-02 -4.841303e-02 -1.563556e+00 -5.326319e-02 9.985396e-01 -9.036842e-03 -5.730415e-01 4.786549e-02 1.159227e-02 9.987865e-01 4.463365e+01
9.973536e-01 4.946049e-02 -5.328675e-02 -1.645510e+00 -4.988126e-02 9.987334e-01 -6.594686e-03 -6.082146e-01 5.289308e-02 9.235244e-03 9.985575e-01 4.621969e+01
9.972719e-01 4.417327e-02 -5.913934e-02 -1.716070e+00 -4.448028e-02 9.990027e-01 -3.884422e-03 -6.406205e-01 5.890878e-02 6.504359e-03 9.982422e-01 4.795362e+01
9.968625e-01 4.577733e-02 -6.457191e-02 -1.798403e+00 -4.614433e-02 9.989259e-01 -4.202833e-03 -6.728915e-01 6.431016e-02 7.169274e-03 9.979042e-01 4.961821e+01
9.966167e-01 4.657705e-02 -6.771735e-02 -1.930545e+00 -4.689453e-02 9.988950e-01 -3.105404e-03 -7.019541e-01 6.749789e-02 6.270471e-03 9.976997e-01 5.147354e+01
9.961829e-01 5.302956e-02 -6.933552e-02 -2.085326e+00 -5.317086e-02 9.985854e-01 -1.926576e-04 -7.247544e-01 6.922722e-02 3.878551e-03 9.975934e-01 5.298504e+01
9.960495e-01 5.316828e-02 -7.112291e-02 -2.206990e+00 -5.316797e-02 9.985838e-01 1.898919e-03 -7.436613e-01 7.112315e-02 1.890043e-03 9.974658e-01 5.454144e+01
9.959403e-01 5.356701e-02 -7.234349e-02 -2.331536e+00 -5.357013e-02 9.985623e-01 1.898585e-03 -7.614891e-01 7.234118e-02 1.984573e-03 9.973780e-01 5.612303e+01
9.957759e-01 5.304427e-02 -7.494448e-02 -2.453825e+00 -5.317876e-02 9.985850e-01 2.012652e-04 -7.805110e-01 7.484911e-02 3.785039e-03 9.971877e-01 5.777276e+01
9.953671e-01 5.585801e-02 -7.825745e-02 -2.583508e+00 -5.614622e-02 9.984215e-01 -1.485660e-03 -8.007981e-01 7.805093e-02 5.872637e-03 9.969321e-01 5.947790e+01
9.952227e-01 5.469553e-02 -8.087163e-02 -2.708963e+00 -5.491063e-02 9.984912e-01 -4.364661e-04 -8.237128e-01 8.072574e-02 4.875093e-03 9.967244e-01 6.102858e+01
9.953087e-01 4.992998e-02 -8.287089e-02 -2.832540e+00 -4.996092e-02 9.987497e-01 1.701649e-03 -8.400412e-01 8.285224e-02 2.446640e-03 9.965588e-01 6.246756e+01
9.952118e-01 4.779555e-02 -8.525892e-02 -2.992535e+00 -4.766367e-02 9.988570e-01 3.582917e-03 -8.563860e-01 8.533272e-02 4.979924e-04 9.963524e-01 6.421689e+01
9.951604e-01 4.671819e-02 -8.644811e-02 -3.160468e+00 -4.657115e-02 9.989081e-01 3.718112e-03 -8.712135e-01 8.652742e-02 3.258699e-04 9.962494e-01 6.590514e+01
9.950028e-01 4.756858e-02 -8.778754e-02 -3.325334e+00 -4.751925e-02 9.988668e-01 2.652924e-03 -8.903242e-01 8.781425e-02 1.531931e-03 9.961357e-01 6.749585e+01
9.947773e-01 4.755691e-02 -9.031312e-02 -3.497626e+00 -4.765150e-02 9.988634e-01 1.109741e-03 -9.040216e-01 9.026325e-02 3.199611e-03 9.959128e-01 6.919629e+01
9.944174e-01 5.332818e-02 -9.105000e-02 -3.710106e+00 -5.352096e-02 9.985667e-01 3.247435e-04 -9.150137e-01 9.093682e-02 4.550153e-03 9.958463e-01 7.092503e+01
9.940527e-01 5.520156e-02 -9.387284e-02 -3.832891e+00 -5.542442e-02 9.984629e-01 2.334528e-04 -9.432594e-01 9.374143e-02 4.970783e-03 9.955842e-01 7.248580e+01
9.939347e-01 5.494002e-02 -9.526453e-02 -3.975413e+00 -5.524801e-02 9.984725e-01 -5.964837e-04 -9.605315e-01 9.508624e-02 5.856042e-03 9.954518e-01 7.394795e+01
9.936748e-01 5.683499e-02 -9.685111e-02 -4.154824e+00 -5.737379e-02 9.983489e-01 -2.785141e-03 -9.797818e-01 9.653290e-02 8.324240e-03 9.952950e-01 7.554758e+01
9.933267e-01 6.114257e-02 -9.779415e-02 -4.326264e+00 -6.176929e-02 9.980847e-01 -3.390964e-03 -9.963203e-01 9.739952e-02 9.409010e-03 9.952009e-01 7.702271e+01
9.926408e-01 7.227450e-02 -9.716249e-02 -4.540243e+00 -7.278320e-02 9.973463e-01 -1.696898e-03 -1.014759e+00 9.678201e-02 8.756208e-03 9.952671e-01 7.853058e+01
9.919041e-01 8.201039e-02 -9.695601e-02 -4.715358e+00 -8.243628e-02 9.965963e-01 -3.882293e-04 -1.030156e+00 9.659416e-02 8.377780e-03 9.952886e-01 7.986951e+01
9.910980e-01 9.084778e-02 -9.732161e-02 -4.909370e+00 -9.123347e-02 9.958294e-01 4.889362e-04 -1.044750e+00 9.696014e-02 8.394405e-03 9.952529e-01 8.147404e+01
9.905205e-01 9.624482e-02 -9.801101e-02 -5.093231e+00 -9.672011e-02 9.953116e-01 -9.854585e-05 -1.057647e+00 9.754201e-02 9.577247e-03 9.951853e-01 8.311377e+01
9.892919e-01 1.083577e-01 -9.777581e-02 -5.307159e+00 -1.089257e-01 9.940498e-01 -4.741631e-04 -1.079639e+00 9.714264e-02 1.111939e-02 9.952084e-01 8.455396e+01
9.887513e-01 1.125666e-01 -9.848676e-02 -5.497101e+00 -1.131192e-01 9.935814e-01 -2.735316e-05 -1.094730e+00 9.785154e-02 1.116779e-02 9.951384e-01 8.611183e+01
9.878367e-01 1.193270e-01 -9.969793e-02 -5.677786e+00 -1.198823e-01 9.927880e-01 4.238684e-04 -1.110971e+00 9.902949e-02 1.153330e-02 9.950177e-01 8.758923e+01
9.870666e-01 1.243680e-01 -1.011544e-01 -5.860297e+00 -1.248147e-01 9.921782e-01 1.925521e-03 -1.125394e+00 1.006027e-01 1.072495e-02 9.948689e-01 8.912473e+01
9.862883e-01 1.291058e-01 -1.027967e-01 -6.060527e+00 -1.294644e-01 9.915789e-01 3.203879e-03 -1.140671e+00 1.023447e-01 1.014856e-02 9.946972e-01 9.073959e+01
9.855056e-01 1.324705e-01 -1.059728e-01 -6.261730e+00 -1.329215e-01 9.911225e-01 2.827228e-03 -1.154032e+00 1.054065e-01 1.129981e-02 9.943650e-01 9.249452e+01
9.847643e-01 1.346413e-01 -1.100499e-01 -6.451988e+00 -1.352794e-01 9.908061e-01 1.681820e-03 -1.186353e+00 1.092645e-01 1.323128e-02 9.939246e-01 9.425187e+01
9.839398e-01 1.383292e-01 -1.128163e-01 -6.643171e+00 -1.391714e-01 9.902682e-01 4.143217e-04 -1.208098e+00 1.117758e-01 1.529314e-02 9.936158e-01 9.581657e+01
9.834439e-01 1.413122e-01 -1.134418e-01 -6.879354e+00 -1.418719e-01 9.898800e-01 3.165426e-03 -1.221418e+00 1.127411e-01 1.298118e-02 9.935396e-01 9.750486e+01
9.830729e-01 1.429627e-01 -1.145833e-01 -7.097026e+00 -1.431495e-01 9.896788e-01 6.639498e-03 -1.222291e+00 1.143499e-01 9.875424e-03 9.933915e-01 9.914956e+01
9.832805e-01 1.397241e-01 -1.167757e-01 -7.301380e+00 -1.398009e-01 9.901507e-01 7.573600e-03 -1.227897e+00 1.166837e-01 8.878378e-03 9.931294e-01 1.008608e+02
9.830371e-01 1.396108e-01 -1.189405e-01 -7.510716e+00 -1.400234e-01 9.901360e-01 4.922728e-03 -1.237000e+00 1.184545e-01 1.181523e-02 9.928892e-01 1.024873e+02
9.830489e-01 1.378546e-01 -1.208763e-01 -7.713772e+00 -1.383430e-01 9.903747e-01 4.382303e-03 -1.248232e+00 1.203169e-01 1.241437e-02 9.926579e-01 1.041227e+02
9.828480e-01 1.371556e-01 -1.232807e-01 -7.924049e+00 -1.377804e-01 9.904567e-01 3.483548e-03 -1.262590e+00 1.225820e-01 1.356187e-02 9.923657e-01 1.057795e+02
9.823842e-01 1.375310e-01 -1.265170e-01 -8.124472e+00 -1.384545e-01 9.903676e-01 1.507251e-03 -1.275784e+00 1.255056e-01 1.603615e-02 9.919633e-01 1.073648e+02
9.808215e-01 1.466703e-01 -1.283631e-01 -8.370736e+00 -1.477821e-01 9.890196e-01 8.718362e-04 -1.290548e+00 1.270815e-01 1.811465e-02 9.917269e-01 1.090510e+02
9.787862e-01 1.591189e-01 -1.290691e-01 -8.591690e+00 -1.597222e-01 9.871454e-01 5.730087e-03 -1.303023e+00 1.283217e-01 1.500667e-02 9.916190e-01 1.105969e+02
9.774145e-01 1.674755e-01 -1.288906e-01 -8.839228e+00 -1.675449e-01 9.858098e-01 1.038247e-02 -1.294494e+00 1.288004e-01 1.144698e-02 9.916045e-01 1.122193e+02
9.773309e-01 1.666106e-01 -1.306336e-01 -9.076543e+00 -1.666284e-01 9.859598e-01 1.087218e-02 -1.289400e+00 1.306109e-01 1.114154e-02 9.913711e-01 1.139707e+02
9.779338e-01 1.618588e-01 -1.320880e-01 -9.314144e+00 -1.619620e-01 9.867460e-01 1.003391e-02 -1.282776e+00 1.319614e-01 1.158074e-02 9.911872e-01 1.155926e+02
9.784890e-01 1.569969e-01 -1.338332e-01 -9.526434e+00 -1.573079e-01 9.875146e-01 8.313950e-03 -1.289795e+00 1.334675e-01 1.291791e-02 9.909690e-01 1.171815e+02
9.785388e-01 1.559136e-01 -1.347325e-01 -9.745215e+00 -1.565223e-01 9.876554e-01 6.128950e-03 -1.298435e+00 1.340249e-01 1.509123e-02 9.908630e-01 1.187839e+02
9.780598e-01 1.592057e-01 -1.343600e-01 -9.971435e+00 -1.599326e-01 9.871130e-01 5.435804e-03 -1.300156e+00 1.334939e-01 1.617200e-02 9.909177e-01 1.203554e+02
9.774342e-01 1.641003e-01 -1.330167e-01 -1.019318e+01 -1.646275e-01 9.863302e-01 7.101205e-03 -1.304418e+00 1.323637e-01 1.495724e-02 9.910884e-01 1.217983e+02
9.768933e-01 1.683909e-01 -1.316207e-01 -1.044775e+01 -1.687818e-01 9.856188e-01 8.262153e-03 -1.300949e+00 1.311191e-01 1.414394e-02 9.912657e-01 1.234750e+02
9.764950e-01 1.701368e-01 -1.323289e-01 -1.068492e+01 -1.706609e-01 9.853016e-01 7.455217e-03 -1.301407e+00 1.316523e-01 1.530339e-02 9.911778e-01 1.251417e+02
9.762735e-01 1.698293e-01 -1.343433e-01 -1.092125e+01 -1.705906e-01 9.853243e-01 5.909411e-03 -1.307605e+00 1.333753e-01 1.714851e-02 9.909172e-01 1.268039e+02
9.753036e-01 1.741232e-01 -1.358820e-01 -1.115037e+01 -1.745978e-01 9.846031e-01 8.509721e-03 -1.306329e+00 1.352716e-01 1.542514e-02 9.906885e-01 1.284685e+02
9.746791e-01 1.769788e-01 -1.366720e-01 -1.141011e+01 -1.773802e-01 9.840981e-01 9.334319e-03 -1.308600e+00 1.361507e-01 1.514495e-02 9.905724e-01 1.301910e+02
9.739919e-01 1.798952e-01 -1.377592e-01 -1.166526e+01 -1.807552e-01 9.835076e-01 6.345780e-03 -1.304912e+00 1.366288e-01 1.871995e-02 9.904454e-01 1.318910e+02
9.740638e-01 1.777870e-01 -1.399692e-01 -1.190343e+01 -1.789392e-01 9.838502e-01 4.412833e-03 -1.312178e+00 1.384933e-01 2.074760e-02 9.901460e-01 1.335323e+02
9.735885e-01 1.797211e-01 -1.408037e-01 -1.214821e+01 -1.809030e-01 9.834908e-01 4.466566e-03 -1.319395e+00 1.392819e-01 2.112322e-02 9.900275e-01 1.350574e+02
9.731907e-01 1.819358e-01 -1.407096e-01 -1.238779e+01 -1.829892e-01 9.830994e-01 5.526021e-03 -1.321044e+00 1.393369e-01 2.037047e-02 9.900355e-01 1.365464e+02
9.733149e-01 1.810795e-01 -1.409552e-01 -1.259574e+01 -1.819382e-01 9.832859e-01 6.879842e-03 -1.323762e+00 1.398451e-01 1.894889e-02 9.899921e-01 1.378823e+02
9.733597e-01 1.797747e-01 -1.423095e-01 -1.281919e+01 -1.805897e-01 9.835316e-01 7.274832e-03 -1.337243e+00 1.412737e-01 1.861860e-02 9.897955e-01 1.394473e+02
9.731566e-01 1.800730e-01 -1.433173e-01 -1.307498e+01 -1.807795e-01 9.834896e-01 8.186140e-03 -1.341573e+00 1.424252e-01 1.794243e-02 9.896429e-01 1.411009e+02
9.725988e-01 1.822489e-01 -1.443502e-01 -1.330527e+01 -1.830395e-01 9.830738e-01 7.898568e-03 -1.346459e+00 1.433464e-01 1.873965e-02 9.894951e-01 1.426170e+02
9.726227e-01 1.807671e-01 -1.460425e-01 -1.354077e+01 -1.814761e-01 9.833580e-01 8.565856e-03 -1.353839e+00 1.451605e-01 1.817189e-02 9.892412e-01 1.442200e+02
9.717447e-01 1.840353e-01 -1.477943e-01 -1.377344e+01 -1.847724e-01 9.827415e-01 8.847346e-03 -1.363889e+00 1.468718e-01 1.871094e-02 9.889785e-01 1.458327e+02
9.710591e-01 1.874925e-01 -1.479552e-01 -1.402490e+01 -1.882096e-01 9.820852e-01 9.266506e-03 -1.363384e+00 1.470420e-01 1.884827e-02 9.889506e-01 1.473430e+02
9.707300e-01 1.886123e-01 -1.486898e-01 -1.428199e+01 -1.893803e-01 9.818616e-01 9.106652e-03 -1.361272e+00 1.477104e-01 1.931881e-02 9.888420e-01 1.489421e+02
9.702847e-01 1.901646e-01 -1.496161e-01 -1.455665e+01 -1.912256e-01 9.815182e-01 7.397217e-03 -1.360271e+00 1.482576e-01 2.143303e-02 9.887165e-01 1.506634e+02
9.702186e-01 1.890309e-01 -1.514704e-01 -1.484098e+01 -1.901942e-01 9.817222e-01 6.905049e-03 -1.363284e+00 1.500071e-01 2.210937e-02 9.884377e-01 1.524937e+02
9.700574e-01 1.890698e-01 -1.524509e-01 -1.508474e+01 -1.900750e-01 9.817363e-01 8.088202e-03 -1.375751e+00 1.511958e-01 2.113107e-02 9.882780e-01 1.540308e+02
9.694488e-01 1.919529e-01 -1.527190e-01 -1.533932e+01 -1.930897e-01 9.811525e-01 7.493838e-03 -1.373351e+00 1.512791e-01 2.222357e-02 9.882412e-01 1.555108e+02
9.690236e-01 1.929337e-01 -1.541747e-01 -1.559461e+01 -1.941377e-01 9.809467e-01 7.353089e-03 -1.376145e+00 1.526558e-01 2.280580e-02 9.880162e-01 1.570694e+02
9.687405e-01 1.935006e-01 -1.552395e-01 -1.586939e+01 -1.948560e-01 9.808097e-01 6.585954e-03 -1.379720e+00 1.535348e-01 2.386927e-02 9.878549e-01 1.587062e+02
9.684609e-01 1.945430e-01 -1.556808e-01 -1.612264e+01 -1.957617e-01 9.806219e-01 7.615689e-03 -1.386100e+00 1.541456e-01 2.310084e-02 9.877781e-01 1.602232e+02
9.681432e-01 1.949059e-01 -1.571956e-01 -1.634671e+01 -1.958813e-01 9.805824e-01 9.416153e-03 -1.392678e+00 1.559785e-01 2.167549e-02 9.875226e-01 1.616266e+02
9.680150e-01 1.950334e-01 -1.578254e-01 -1.659989e+01 -1.958907e-01 9.805721e-01 1.025895e-02 -1.386925e+00 1.567600e-01 2.098571e-02 9.874137e-01 1.630889e+02
9.676474e-01 1.952801e-01 -1.597630e-01 -1.687676e+01 -1.963133e-01 9.804957e-01 9.447346e-03 -1.389454e+00 1.584919e-01 2.222190e-02 9.871102e-01 1.647469e+02
9.675485e-01 1.958961e-01 -1.596075e-01 -1.716584e+01 -1.970073e-01 9.803608e-01 8.988769e-03 -1.391757e+00 1.582338e-01 2.274678e-02 9.871396e-01 1.663633e+02
9.671735e-01 1.966243e-01 -1.609795e-01 -1.740087e+01 -1.976363e-01 9.802258e-01 9.862145e-03 -1.396479e+00 1.597354e-01 2.227699e-02 9.869085e-01 1.678230e+02
9.672902e-01 1.960798e-01 -1.609421e-01 -1.766843e+01 -1.969720e-01 9.803523e-01 1.055183e-02 -1.402868e+00 1.598489e-01 2.149439e-02 9.869074e-01 1.693930e+02
9.676123e-01 1.935602e-01 -1.620519e-01 -1.794680e+01 -1.945728e-01 9.808396e-01 9.752391e-03 -1.408185e+00 1.608346e-01 2.209436e-02 9.867340e-01 1.710575e+02
9.670249e-01 1.970882e-01 -1.613045e-01 -1.823763e+01 -1.983266e-01 9.800987e-01 8.550206e-03 -1.411067e+00 1.597794e-01 2.372270e-02 9.868677e-01 1.726937e+02
9.664182e-01 2.007797e-01 -1.603849e-01 -1.852940e+01 -2.020942e-01 9.793314e-01 8.245317e-03 -1.412061e+00 1.587255e-01 2.444443e-02 9.870201e-01 1.743024e+02
9.666358e-01 1.998762e-01 -1.602021e-01 -1.880713e+01 -2.011200e-01 9.795290e-01 8.581552e-03 -1.418775e+00 1.586379e-01 2.392462e-02 9.870469e-01 1.759010e+02
9.667907e-01 1.990948e-01 -1.602404e-01 -1.907741e+01 -2.002315e-01 9.797055e-01 9.188121e-03 -1.424518e+00 1.588177e-01 2.320218e-02 9.870353e-01 1.775179e+02
9.669523e-01 1.963076e-01 -1.626852e-01 -1.934561e+01 -1.974661e-01 9.802667e-01 9.180651e-03 -1.440590e+00 1.612772e-01 2.324757e-02 9.866353e-01 1.792256e+02
9.671154e-01 1.942177e-01 -1.642172e-01 -1.962872e+01 -1.951616e-01 9.807146e-01 1.052525e-02 -1.452188e+00 1.630944e-01 2.186976e-02 9.863680e-01 1.809897e+02
9.665880e-01 1.972619e-01 -1.636929e-01 -1.992417e+01 -1.981342e-01 9.801115e-01 1.114586e-02 -1.448666e+00 1.626359e-01 2.165971e-02 9.864484e-01 1.825578e+02
9.657936e-01 2.006777e-01 -1.642289e-01 -2.021460e+01 -2.019036e-01 9.793606e-01 9.369040e-03 -1.443816e+00 1.627195e-01 2.410985e-02 9.863778e-01 1.841557e+02
9.655399e-01 2.016728e-01 -1.645017e-01 -2.049831e+01 -2.031568e-01 9.791141e-01 7.931086e-03 -1.439230e+00 1.626654e-01 2.576186e-02 9.863449e-01 1.857434e+02
9.655027e-01 2.018848e-01 -1.644600e-01 -2.080132e+01 -2.037661e-01 9.790040e-01 5.529376e-03 -1.441433e+00 1.621233e-01 2.817274e-02 9.863683e-01 1.874166e+02
9.655940e-01 2.013987e-01 -1.645196e-01 -2.109130e+01 -2.030691e-01 9.791409e-01 6.780044e-03 -1.454631e+00 1.624534e-01 2.686209e-02 9.863505e-01 1.890892e+02
9.657048e-01 2.011796e-01 -1.641370e-01 -2.138411e+01 -2.026120e-01 9.792252e-01 8.143898e-03 -1.460501e+00 1.623654e-01 2.539152e-02 9.864039e-01 1.907465e+02
9.657283e-01 2.011173e-01 -1.640749e-01 -2.165866e+01 -2.023500e-01 9.792687e-01 9.341628e-03 -1.464608e+00 1.625522e-01 2.417909e-02 9.864036e-01 1.923619e+02
9.654449e-01 2.027580e-01 -1.637233e-01 -2.194363e+01 -2.040481e-01 9.789188e-01 9.078688e-03 -1.464493e+00 1.621125e-01 2.464245e-02 9.864645e-01 1.939873e+02
9.654887e-01 2.026448e-01 -1.636053e-01 -2.223697e+01 -2.039488e-01 9.789405e-01 8.966262e-03 -1.469763e+00 1.619768e-01 2.471029e-02 9.864851e-01 1.956969e+02
9.658168e-01 2.007056e-01 -1.640584e-01 -2.254906e+01 -2.022298e-01 9.793091e-01 7.532923e-03 -1.472395e+00 1.621757e-01 2.590206e-02 9.864219e-01 1.974540e+02
9.660613e-01 1.987282e-01 -1.650234e-01 -2.281423e+01 -2.001623e-01 9.797296e-01 8.064267e-03 -1.479578e+00 1.632809e-01 2.524088e-02 9.862567e-01 1.990066e+02
9.659648e-01 1.989453e-01 -1.653265e-01 -2.309702e+01 -2.001140e-01 9.797243e-01 9.728872e-03 -1.485346e+00 1.639100e-01 2.368641e-02 9.861909e-01 2.006341e+02
9.663486e-01 1.942980e-01 -1.685784e-01 -2.336363e+01 -1.952553e-01 9.806903e-01 1.104246e-02 -1.491275e+00 1.674687e-01 2.224496e-02 9.856264e-01 2.023607e+02
9.663627e-01 1.942232e-01 -1.685838e-01 -2.367278e+01 -1.952922e-01 9.806902e-01 1.037877e-02 -1.485536e+00 1.673442e-01 2.289344e-02 9.856327e-01 2.040398e+02
9.663347e-01 1.929365e-01 -1.702140e-01 -2.399329e+01 -1.941336e-01 9.809267e-01 9.744031e-03 -1.490863e+00 1.688474e-01 2.362825e-02 9.853589e-01 2.058720e+02
9.659695e-01 1.933828e-01 -1.717733e-01 -2.428027e+01 -1.948190e-01 9.808013e-01 8.621297e-03 -1.487509e+00 1.701427e-01 2.513680e-02 9.850988e-01 2.074721e+02
9.659626e-01 1.932512e-01 -1.719601e-01 -2.460709e+01 -1.946418e-01 9.808340e-01 8.901419e-03 -1.488319e+00 1.703845e-01 2.487219e-02 9.850637e-01 2.092096e+02
9.656561e-01 1.952766e-01 -1.713926e-01 -2.492472e+01 -1.966551e-01 9.804308e-01 9.066844e-03 -1.495978e+00 1.698091e-01 2.494978e-02 9.851611e-01 2.108596e+02
9.655463e-01 1.952243e-01 -1.720689e-01 -2.524603e+01 -1.967769e-01 9.804144e-01 8.156779e-03 -1.499280e+00 1.702912e-01 2.598344e-02 9.850511e-01 2.125935e+02
9.655483e-01 1.939086e-01 -1.735397e-01 -2.554925e+01 -1.954073e-01 9.806847e-01 8.574298e-03 -1.508026e+00 1.718503e-01 2.563202e-02 9.847896e-01 2.142769e+02
9.654478e-01 1.938389e-01 -1.741752e-01 -2.584107e+01 -1.950332e-01 9.807415e-01 1.040041e-02 -1.508086e+00 1.728368e-01 2.392888e-02 9.846598e-01 2.158843e+02
9.652308e-01 1.941828e-01 -1.749932e-01 -2.616369e+01 -1.952032e-01 9.806950e-01 1.153188e-02 -1.509553e+00 1.738543e-01 2.302830e-02 9.845021e-01 2.176572e+02
9.651271e-01 1.937390e-01 -1.760539e-01 -2.647583e+01 -1.948018e-01 9.807764e-01 1.139544e-02 -1.500906e+00 1.748772e-01 2.329755e-02 9.843146e-01 2.193468e+02
9.650405e-01 1.932016e-01 -1.771155e-01 -2.681466e+01 -1.945219e-01 9.808467e-01 1.004795e-02 -1.506435e+00 1.756645e-01 2.475617e-02 9.841388e-01 2.211822e+02
9.653148e-01 1.923408e-01 -1.765567e-01 -2.716579e+01 -1.937561e-01 9.810051e-01 9.354976e-03 -1.503663e+00 1.750023e-01 2.517844e-02 9.842460e-01 2.229294e+02
9.649578e-01 1.953225e-01 -1.752302e-01 -2.750827e+01 -1.966668e-01 9.804211e-01 9.833928e-03 -1.505060e+00 1.737201e-01 2.497262e-02 9.844784e-01 2.246550e+02
9.649134e-01 1.954474e-01 -1.753353e-01 -2.782218e+01 -1.964267e-01 9.804460e-01 1.192454e-02 -1.504172e+00 1.742374e-01 2.293439e-02 9.844366e-01 2.263660e+02
9.653116e-01 1.936743e-01 -1.751108e-01 -2.814094e+01 -1.945195e-01 9.808191e-01 1.249231e-02 -1.494845e+00 1.741715e-01 2.200349e-02 9.844695e-01 2.281213e+02
9.659217e-01 1.904000e-01 -1.753369e-01 -2.845591e+01 -1.909813e-01 9.814979e-01 1.371209e-02 -1.497097e+00 1.747036e-01 2.024125e-02 9.844130e-01 2.298592e+02
9.666516e-01 1.871686e-01 -1.747931e-01 -2.877370e+01 -1.875948e-01 9.821434e-01 1.423215e-02 -1.496884e+00 1.743357e-01 1.903273e-02 9.845023e-01 2.315670e+02
9.666824e-01 1.877548e-01 -1.739923e-01 -2.911802e+01 -1.881417e-01 9.820360e-01 1.441861e-02 -1.494287e+00 1.735739e-01 1.879701e-02 9.846414e-01 2.333708e+02
9.662094e-01 1.891062e-01 -1.751523e-01 -2.946016e+01 -1.897109e-01 9.817480e-01 1.344081e-02 -1.490021e+00 1.744972e-01 2.024166e-02 9.844496e-01 2.352829e+02
9.660074e-01 1.891452e-01 -1.762207e-01 -2.980272e+01 -1.900231e-01 9.817058e-01 1.203752e-02 -1.488824e+00 1.752737e-01 2.185766e-02 9.842771e-01 2.371090e+02
9.659559e-01 1.878866e-01 -1.778423e-01 -3.015496e+01 -1.887236e-01 9.819525e-01 1.235422e-02 -1.486843e+00 1.769539e-01 2.162941e-02 9.839814e-01 2.390314e+02
9.656470e-01 1.884441e-01 -1.789266e-01 -3.049732e+01 -1.892329e-01 9.818487e-01 1.280662e-02 -1.487528e+00 1.780922e-01 2.149213e-02 9.837791e-01 2.408475e+02
9.655543e-01 1.877890e-01 -1.801117e-01 -3.084489e+01 -1.885530e-01 9.819766e-01 1.302682e-02 -1.489275e+00 1.793118e-01 2.138251e-02 9.835599e-01 2.426913e+02
9.657984e-01 1.852248e-01 -1.814529e-01 -3.116905e+01 -1.857509e-01 9.824936e-01 1.424177e-02 -1.489809e+00 1.809143e-01 1.995037e-02 9.832965e-01 2.444403e+02
9.658743e-01 1.839553e-01 -1.823386e-01 -3.152300e+01 -1.841895e-01 9.827638e-01 1.579883e-02 -1.482990e+00 1.821021e-01 1.832517e-02 9.831089e-01 2.462436e+02
9.662562e-01 1.811668e-01 -1.831054e-01 -3.186464e+01 -1.814251e-01 9.832829e-01 1.548347e-02 -1.474914e+00 1.828495e-01 1.825892e-02 9.829713e-01 2.480501e+02
9.666383e-01 1.783490e-01 -1.838531e-01 -3.220477e+01 -1.789178e-01 9.837696e-01 1.362775e-02 -1.470025e+00 1.832996e-01 1.972149e-02 9.828593e-01 2.498519e+02
9.670247e-01 1.760912e-01 -1.839976e-01 -3.254455e+01 -1.765054e-01 9.841964e-01 1.425660e-02 -1.468036e+00 1.836003e-01 1.869009e-02 9.828233e-01 2.516315e+02
9.664696e-01 1.793727e-01 -1.837441e-01 -3.290748e+01 -1.796027e-01 9.836166e-01 1.552983e-02 -1.459626e+00 1.835194e-01 1.799182e-02 9.828514e-01 2.534966e+02
9.666154e-01 1.794447e-01 -1.829051e-01 -3.328122e+01 -1.797322e-01 9.835990e-01 1.514294e-02 -1.442493e+00 1.826226e-01 1.823654e-02 9.830139e-01 2.553909e+02
9.670658e-01 1.768769e-01 -1.830253e-01 -3.364738e+01 -1.772053e-01 9.840642e-01 1.469215e-02 -1.434489e+00 1.827074e-01 1.822477e-02 9.829984e-01 2.573235e+02
9.673302e-01 1.755782e-01 -1.828786e-01 -3.403897e+01 -1.762935e-01 9.842587e-01 1.246907e-02 -1.423566e+00 1.821892e-01 2.017861e-02 9.830564e-01 2.593171e+02
9.678291e-01 1.730507e-01 -1.826482e-01 -3.438891e+01 -1.736850e-01 9.847201e-01 1.264205e-02 -1.417428e+00 1.820451e-01 1.948792e-02 9.830970e-01 2.611727e+02
9.681525e-01 1.688480e-01 -1.848545e-01 -3.470050e+01 -1.694712e-01 9.854553e-01 1.254062e-02 -1.412323e+00 1.842833e-01 1.918629e-02 9.826859e-01 2.629867e+02
9.680361e-01 1.698245e-01 -1.845690e-01 -3.504931e+01 -1.707319e-01 9.852552e-01 1.108419e-02 -1.409432e+00 1.837299e-01 2.078191e-02 9.827571e-01 2.647446e+02
9.681971e-01 1.704546e-01 -1.831384e-01 -3.539350e+01 -1.705714e-01 9.852276e-01 1.523385e-02 -1.415173e+00 1.830296e-01 1.648879e-02 9.829691e-01 2.665361e+02
9.684463e-01 1.695555e-01 -1.826547e-01 -3.573258e+01 -1.693542e-01 9.854118e-01 1.681583e-02 -1.409702e+00 1.828413e-01 1.464811e-02 9.830333e-01 2.683024e+02
9.681281e-01 1.709517e-01 -1.830396e-01 -3.608642e+01 -1.711070e-01 9.851373e-01 1.506452e-02 -1.394146e+00 1.828945e-01 1.673497e-02 9.829901e-01 2.701023e+02
9.683505e-01 1.698694e-01 -1.828708e-01 -3.640076e+01 -1.699016e-01 9.853374e-01 1.560849e-02 -1.391494e+00 1.828408e-01 1.595555e-02 9.830131e-01 2.717521e+02
9.686969e-01 1.687440e-01 -1.820765e-01 -3.673045e+01 -1.685462e-01 9.855527e-01 1.667397e-02 -1.387187e+00 1.822596e-01 1.453628e-02 9.831430e-01 2.734794e+02
9.683400e-01 1.712528e-01 -1.816316e-01 -3.708299e+01 -1.714941e-01 9.850785e-01 1.449594e-02 -1.381029e+00 1.814039e-01 1.711174e-02 9.832598e-01 2.752419e+02
9.678620e-01 1.738864e-01 -1.816773e-01 -3.741366e+01 -1.748152e-01 9.845397e-01 1.101416e-02 -1.378649e+00 1.807837e-01 2.109976e-02 9.832965e-01 2.769221e+02
9.674577e-01 1.764332e-01 -1.813751e-01 -3.770945e+01 -1.775666e-01 9.840569e-01 1.010154e-02 -1.376770e+00 1.802657e-01 2.243335e-02 9.833621e-01 2.784177e+02
9.671568e-01 1.789343e-01 -1.805277e-01 -3.800363e+01 -1.798919e-01 9.836227e-01 1.119039e-02 -1.378838e+00 1.795735e-01 2.165261e-02 9.835062e-01 2.799203e+02
9.671090e-01 1.797132e-01 -1.800094e-01 -3.830953e+01 -1.804770e-01 9.835028e-01 1.226333e-02 -1.376145e+00 1.792436e-01 2.062758e-02 9.835884e-01 2.814836e+02
9.671204e-01 1.801228e-01 -1.795379e-01 -3.862210e+01 -1.807995e-01 9.834376e-01 1.272495e-02 -1.376514e+00 1.788563e-01 2.015380e-02 9.836688e-01 2.831233e+02
9.670906e-01 1.814353e-01 -1.783732e-01 -3.894178e+01 -1.822365e-01 9.831812e-01 1.202293e-02 -1.373160e+00 1.775545e-01 2.087884e-02 9.838895e-01 2.847488e+02
9.671468e-01 1.811580e-01 -1.783504e-01 -3.922870e+01 -1.821779e-01 9.832065e-01 1.078191e-02 -1.370320e+00 1.773085e-01 2.206381e-02 9.839080e-01 2.862521e+02
9.669743e-01 1.823911e-01 -1.780289e-01 -3.950064e+01 -1.836138e-01 9.829503e-01 9.726081e-03 -1.368034e+00 1.767675e-01 2.328370e-02 9.839772e-01 2.876708e+02
9.666269e-01 1.848690e-01 -1.773582e-01 -3.979503e+01 -1.862337e-01 9.824636e-01 9.070008e-03 -1.368949e+00 1.759248e-01 2.426276e-02 9.841046e-01 2.892186e+02
9.668082e-01 1.845310e-01 -1.767209e-01 -4.008418e+01 -1.859109e-01 9.825266e-01 8.864047e-03 -1.372826e+00 1.752687e-01 2.428450e-02 9.842211e-01 2.906937e+02
9.672313e-01 1.817265e-01 -1.773106e-01 -4.035744e+01 -1.830031e-01 9.830687e-01 9.267999e-03 -1.377567e+00 1.759927e-01 2.348408e-02 9.841113e-01 2.921846e+02
9.666725e-01 1.852524e-01 -1.767081e-01 -4.061614e+01 -1.864028e-01 9.824203e-01 1.021605e-02 -1.378109e+00 1.754942e-01 2.306331e-02 9.842103e-01 2.935763e+02
9.658596e-01 1.895404e-01 -1.766058e-01 -4.090413e+01 -1.907428e-01 9.815860e-01 1.030237e-02 -1.378619e+00 1.753065e-01 2.373563e-02 9.842277e-01 2.950534e+02
9.659376e-01 1.888959e-01 -1.768696e-01 -4.118400e+01 -1.903450e-01 9.816770e-01 8.895508e-03 -1.381357e+00 1.753091e-01 2.507374e-02 9.841941e-01 2.965546e+02
9.667342e-01 1.843852e-01 -1.772766e-01 -4.144445e+01 -1.857760e-01 9.825521e-01 8.867910e-03 -1.388853e+00 1.758186e-01 2.436083e-02 9.841211e-01 2.980099e+02
9.665356e-01 1.865981e-01 -1.760402e-01 -4.170872e+01 -1.877800e-01 9.821595e-01 1.007171e-02 -1.389584e+00 1.747789e-01 2.332216e-02 9.843315e-01 2.993923e+02
9.665631e-01 1.875683e-01 -1.748539e-01 -4.198695e+01 -1.887492e-01 9.819744e-01 1.000414e-02 -1.385936e+00 1.735785e-01 2.333391e-02 9.845436e-01 3.008503e+02
9.658652e-01 1.918929e-01 -1.740161e-01 -4.226678e+01 -1.932483e-01 9.811060e-01 9.283137e-03 -1.382333e+00 1.725096e-01 2.466206e-02 9.846991e-01 3.022950e+02
9.660132e-01 1.903908e-01 -1.748423e-01 -4.252524e+01 -1.918908e-01 9.813799e-01 8.445979e-03 -1.390473e+00 1.731947e-01 2.539169e-02 9.845602e-01 3.037771e+02
9.662595e-01 1.903070e-01 -1.735679e-01 -4.280606e+01 -1.917772e-01 9.814024e-01 8.418459e-03 -1.391688e+00 1.719421e-01 2.515196e-02 9.847859e-01 3.052537e+02
9.659278e-01 1.928801e-01 -1.725710e-01 -4.310082e+01 -1.942710e-01 9.809070e-01 8.956681e-03 -1.387751e+00 1.710037e-01 2.487404e-02 9.849564e-01 3.067327e+02
9.656666e-01 1.942933e-01 -1.724472e-01 -4.334273e+01 -1.957505e-01 9.806153e-01 8.682426e-03 -1.393164e+00 1.707913e-01 2.537230e-02 9.849805e-01 3.080933e+02
9.664546e-01 1.896625e-01 -1.731865e-01 -4.359153e+01 -1.912970e-01 9.815046e-01 7.360379e-03 -1.403569e+00 1.713793e-01 2.601660e-02 9.848615e-01 3.095295e+02
9.665508e-01 1.895639e-01 -1.727575e-01 -4.385729e+01 -1.912079e-01 9.815229e-01 7.230838e-03 -1.408007e+00 1.709361e-01 2.604363e-02 9.849378e-01 3.109630e+02
9.667320e-01 1.891375e-01 -1.722099e-01 -4.411153e+01 -1.906589e-01 9.816252e-01 7.816559e-03 -1.410063e+00 1.705239e-01 2.527683e-02 9.850293e-01 3.123474e+02
9.669973e-01 1.871070e-01 -1.729367e-01 -4.435528e+01 -1.884477e-01 9.820440e-01 8.782938e-03 -1.412594e+00 1.714748e-01 2.409644e-02 9.848938e-01 3.137579e+02
9.666392e-01 1.886175e-01 -1.732979e-01 -4.461288e+01 -1.901157e-01 9.817286e-01 8.066848e-03 -1.412457e+00 1.716530e-01 2.514891e-02 9.848364e-01 3.151640e+02
9.664032e-01 1.901432e-01 -1.729461e-01 -4.488526e+01 -1.919314e-01 9.813869e-01 6.480934e-03 -1.413751e+00 1.709594e-01 2.693061e-02 9.849100e-01 3.165831e+02
9.646311e-01 2.004432e-01 -1.711999e-01 -4.518692e+01 -2.026405e-01 9.792418e-01 4.726058e-03 -1.400320e+00 1.685934e-01 3.013313e-02 9.852250e-01 3.179746e+02
9.651458e-01 1.967285e-01 -1.726022e-01 -4.543066e+01 -1.986895e-01 9.800440e-01 6.015429e-03 -1.407575e+00 1.703411e-01 2.848846e-02 9.849733e-01 3.193434e+02
9.641260e-01 2.013861e-01 -1.729297e-01 -4.568603e+01 -2.031116e-01 9.791242e-01 7.845915e-03 -1.404986e+00 1.708997e-01 2.755958e-02 9.849029e-01 3.207365e+02
9.634747e-01 2.047197e-01 -1.726452e-01 -4.595636e+01 -2.061530e-01 9.784709e-01 9.783086e-03 -1.404532e+00 1.709311e-01 2.616558e-02 9.849355e-01 3.221515e+02
9.632637e-01 2.059887e-01 -1.723128e-01 -4.625697e+01 -2.075209e-01 9.781866e-01 9.273831e-03 -1.399309e+00 1.704644e-01 2.682537e-02 9.849986e-01 3.237153e+02
9.623782e-01 2.095981e-01 -1.729068e-01 -4.656060e+01 -2.115616e-01 9.773381e-01 7.206034e-03 -1.405827e+00 1.704988e-01 2.964551e-02 9.849118e-01 3.253078e+02
9.623460e-01 2.084044e-01 -1.745214e-01 -4.682873e+01 -2.106184e-01 9.775503e-01 5.947470e-03 -1.413679e+00 1.718429e-01 3.103390e-02 9.846354e-01 3.267761e+02
9.619974e-01 2.097360e-01 -1.748477e-01 -4.710189e+01 -2.118569e-01 9.772780e-01 6.660939e-03 -1.415159e+00 1.722718e-01 3.063487e-02 9.845730e-01 3.281897e+02
9.624444e-01 2.071686e-01 -1.754481e-01 -4.738539e+01 -2.092074e-01 9.778462e-01 7.002482e-03 -1.419987e+00 1.730119e-01 2.996553e-02 9.844638e-01 3.296894e+02
9.620238e-01 2.075947e-01 -1.772416e-01 -4.766596e+01 -2.096982e-01 9.777412e-01 6.991468e-03 -1.424925e+00 1.747478e-01 3.044129e-02 9.841425e-01 3.311932e+02
9.616228e-01 2.082893e-01 -1.785979e-01 -4.796314e+01 -2.107814e-01 9.775198e-01 5.121229e-03 -1.418445e+00 1.756497e-01 3.272043e-02 9.839088e-01 3.326776e+02
9.613067e-01 2.074008e-01 -1.813131e-01 -4.821823e+01 -2.097256e-01 9.777389e-01 6.470609e-03 -1.431048e+00 1.786188e-01 3.180575e-02 9.834041e-01 3.341434e+02
9.607313e-01 2.089987e-01 -1.825239e-01 -4.850505e+01 -2.112297e-01 9.774088e-01 7.353741e-03 -1.437606e+00 1.799373e-01 3.148949e-02 9.831739e-01 3.356037e+02
9.600619e-01 2.107616e-01 -1.840127e-01 -4.880432e+01 -2.131368e-01 9.769973e-01 7.005070e-03 -1.443410e+00 1.812563e-01 3.249457e-02 9.828989e-01 3.371566e+02
9.597134e-01 2.105255e-01 -1.860894e-01 -4.912236e+01 -2.130955e-01 9.770110e-01 6.314795e-03 -1.446037e+00 1.831408e-01 3.359442e-02 9.825125e-01 3.388001e+02
9.602318e-01 2.075342e-01 -1.867740e-01 -4.942354e+01 -2.098787e-01 9.776998e-01 7.356003e-03 -1.457843e+00 1.841356e-01 3.213643e-02 9.823754e-01 3.403148e+02
9.598179e-01 2.077551e-01 -1.886464e-01 -4.972849e+01 -2.100029e-01 9.776662e-01 8.219444e-03 -1.465443e+00 1.861408e-01 3.172712e-02 9.820107e-01 3.419076e+02
9.598738e-01 2.070360e-01 -1.891519e-01 -5.005105e+01 -2.089275e-01 9.778789e-01 1.010872e-02 -1.473804e+00 1.870605e-01 2.981593e-02 9.818958e-01 3.435428e+02
9.592596e-01 2.099401e-01 -1.890665e-01 -5.041943e+01 -2.117714e-01 9.772607e-01 1.069691e-02 -1.458700e+00 1.870130e-01 2.977778e-02 9.819060e-01 3.452665e+02
9.590573e-01 2.096034e-01 -1.904612e-01 -5.075696e+01 -2.117707e-01 9.772767e-01 9.137111e-03 -1.461809e+00 1.880485e-01 3.157109e-02 9.816522e-01 3.469311e+02
9.583023e-01 2.119869e-01 -1.916202e-01 -5.109538e+01 -2.147253e-01 9.766522e-01 6.605816e-03 -1.457021e+00 1.885467e-01 3.481534e-02 9.814469e-01 3.485643e+02
9.581543e-01 2.121104e-01 -1.922228e-01 -5.141474e+01 -2.147797e-01 9.766368e-01 7.089574e-03 -1.466014e+00 1.892356e-01 3.449264e-02 9.813257e-01 3.501304e+02
9.581018e-01 2.116614e-01 -1.929779e-01 -5.171664e+01 -2.143622e-01 9.767290e-01 7.021859e-03 -1.466275e+00 1.899734e-01 3.463950e-02 9.811780e-01 3.515789e+02
9.575915e-01 2.128032e-01 -1.942506e-01 -5.203653e+01 -2.154781e-01 9.764798e-01 7.506074e-03 -1.465993e+00 1.912791e-01 3.466900e-02 9.809232e-01 3.531114e+02
9.578078e-01 2.113371e-01 -1.947840e-01 -5.233881e+01 -2.133020e-01 9.769235e-01 1.107834e-02 -1.471601e+00 1.926304e-01 3.093690e-02 9.807836e-01 3.545905e+02
9.573576e-01 2.123364e-01 -1.959073e-01 -5.266912e+01 -2.141846e-01 9.767200e-01 1.195458e-02 -1.471602e+00 1.938850e-01 3.051552e-02 9.805495e-01 3.561883e+02
9.572217e-01 2.113060e-01 -1.976777e-01 -5.298402e+01 -2.132699e-01 9.769250e-01 1.155225e-02 -1.477423e+00 1.955573e-01 3.110062e-02 9.801990e-01 3.577380e+02
9.569832e-01 2.117717e-01 -1.983329e-01 -5.332565e+01 -2.136557e-01 9.768340e-01 1.210579e-02 -1.472634e+00 1.963020e-01 3.078992e-02 9.800599e-01 3.593288e+02
9.565661e-01 2.144324e-01 -1.974844e-01 -5.367054e+01 -2.159891e-01 9.762971e-01 1.388402e-02 -1.468511e+00 1.957806e-01 2.937350e-02 9.802077e-01 3.608816e+02
9.564583e-01 2.142323e-01 -1.982223e-01 -5.402079e+01 -2.160032e-01 9.763073e-01 1.290727e-02 -1.465595e+00 1.962911e-01 3.047139e-02 9.800721e-01 3.625332e+02
9.559399e-01 2.157642e-01 -1.990594e-01 -5.436017e+01 -2.182896e-01 9.758384e-01 9.440333e-03 -1.463413e+00 1.962867e-01 3.442821e-02 9.799420e-01 3.641065e+02
9.558173e-01 2.156675e-01 -1.997518e-01 -5.466369e+01 -2.184425e-01 9.758144e-01 8.311984e-03 -1.476978e+00 1.967133e-01 3.568954e-02 9.798113e-01 3.656559e+02
9.560292e-01 2.159276e-01 -1.984528e-01 -5.497014e+01 -2.182459e-01 9.758385e-01 1.038549e-02 -1.486824e+00 1.959004e-01 3.338267e-02 9.800554e-01 3.671080e+02
9.561220e-01 2.152029e-01 -1.987927e-01 -5.530037e+01 -2.172596e-01 9.760440e-01 1.167441e-02 -1.488333e+00 1.965428e-01 3.202746e-02 9.799720e-01 3.687246e+02
9.567232e-01 2.122340e-01 -1.990914e-01 -5.561478e+01 -2.141882e-01 9.767196e-01 1.192560e-02 -1.494587e+00 1.969875e-01 3.123352e-02 9.799084e-01 3.702959e+02
9.568988e-01 2.126168e-01 -1.978350e-01 -5.595134e+01 -2.146371e-01 9.766270e-01 1.143020e-02 -1.490224e+00 1.956413e-01 3.152519e-02 9.801687e-01 3.718472e+02
9.568005e-01 2.136294e-01 -1.972186e-01 -5.629181e+01 -2.159347e-01 9.763566e-01 9.999334e-03 -1.486512e+00 1.946919e-01 3.301898e-02 9.803085e-01 3.733977e+02
9.572394e-01 2.118580e-01 -1.969999e-01 -5.661717e+01 -2.140842e-01 9.767622e-01 1.017794e-02 -1.482571e+00 1.945783e-01 3.243183e-02 9.803507e-01 3.749048e+02
9.558575e-01 2.169932e-01 -1.981172e-01 -5.692648e+01 -2.192996e-01 9.756011e-01 1.049680e-02 -1.474176e+00 1.955611e-01 3.341359e-02 9.801221e-01 3.763669e+02
9.556559e-01 2.166984e-01 -1.994082e-01 -5.722667e+01 -2.188379e-01 9.756932e-01 1.152128e-02 -1.479225e+00 1.970579e-01 3.262770e-02 9.798488e-01 3.778239e+02
9.545802e-01 2.205896e-01 -2.002919e-01 -5.754443e+01 -2.225439e-01 9.748361e-01 1.299450e-02 -1.474498e+00 1.981183e-01 3.216945e-02 9.796501e-01 3.792827e+02
9.533551e-01 2.254029e-01 -2.007673e-01 -5.788851e+01 -2.273783e-01 9.737133e-01 1.347627e-02 -1.470251e+00 1.985273e-01 3.280244e-02 9.795463e-01 3.808195e+02
9.529968e-01 2.247973e-01 -2.031337e-01 -5.822005e+01 -2.271510e-01 9.737861e-01 1.196391e-02 -1.470829e+00 2.004982e-01 3.474045e-02 9.790779e-01 3.823831e+02
9.526207e-01 2.242850e-01 -2.054508e-01 -5.854567e+01 -2.270652e-01 9.738255e-01 1.025777e-02 -1.467485e+00 2.023739e-01 3.687896e-02 9.786137e-01 3.839026e+02
9.524533e-01 2.222837e-01 -2.083809e-01 -5.885043e+01 -2.247943e-01 9.743340e-01 1.186549e-02 -1.478105e+00 2.056701e-01 3.554150e-02 9.779758e-01 3.853953e+02
9.524300e-01 2.217987e-01 -2.090033e-01 -5.917649e+01 -2.239566e-01 9.745043e-01 1.359200e-02 -1.476072e+00 2.066893e-01 3.386224e-02 9.778205e-01 3.868572e+02
9.520031e-01 2.215200e-01 -2.112320e-01 -5.950577e+01 -2.234281e-01 9.746034e-01 1.510184e-02 -1.477275e+00 2.092128e-01 3.281817e-02 9.773193e-01 3.883635e+02
9.522126e-01 2.184429e-01 -2.134804e-01 -5.982361e+01 -2.205134e-01 9.752781e-01 1.436645e-02 -1.472582e+00 2.113410e-01 3.339537e-02 9.768417e-01 3.898616e+02
9.521961e-01 2.168757e-01 -2.151452e-01 -6.017000e+01 -2.189311e-01 9.756322e-01 1.452788e-02 -1.469855e+00 2.130534e-01 3.326859e-02 9.764740e-01 3.914117e+02
9.522280e-01 2.150116e-01 -2.168684e-01 -6.049644e+01 -2.167104e-01 9.761013e-01 1.620982e-02 -1.472573e+00 2.151708e-01 3.156219e-02 9.760663e-01 3.928797e+02
9.513947e-01 2.183040e-01 -2.172360e-01 -6.084688e+01 -2.199588e-01 9.753638e-01 1.683971e-02 -1.459798e+00 2.155603e-01 3.176176e-02 9.759738e-01 3.943341e+02
9.516620e-01 2.163499e-01 -2.180188e-01 -6.118152e+01 -2.181746e-01 9.757791e-01 1.596744e-02 -1.452588e+00 2.161927e-01 3.237056e-02 9.758139e-01 3.957436e+02
9.509488e-01 2.182251e-01 -2.192581e-01 -6.154251e+01 -2.202690e-01 9.753178e-01 1.538974e-02 -1.436340e+00 2.172047e-01 3.366089e-02 9.755455e-01 3.972709e+02
9.506782e-01 2.190881e-01 -2.195710e-01 -6.188795e+01 -2.210204e-01 9.751373e-01 1.603904e-02 -1.423639e+00 2.176259e-01 3.328171e-02 9.754647e-01 3.986814e+02
9.500899e-01 2.202951e-01 -2.209053e-01 -6.224288e+01 -2.223939e-01 9.748313e-01 1.564653e-02 -1.415558e+00 2.187923e-01 3.426237e-02 9.751697e-01 4.001833e+02
9.497858e-01 2.201419e-01 -2.223612e-01 -6.262715e+01 -2.222660e-01 9.748588e-01 1.575000e-02 -1.400982e+00 2.202381e-01 3.446422e-02 9.748371e-01 4.017781e+02
