1.000000e+00 0.000000e+00 0.000000e+00 0.000000e+00 0.000000e+00 1.000000e+00 0.000000e+00 0.000000e+00 0.000000e+00 0.000000e+00 1.000000e+00 0.000000e+00
9.999956e-01 -1.908803e-03 2.284842e-03 2.394460e-02 1.909005e-03 9.999982e-01 -8.620206e-05 -1.035623e-02 -2.284673e-03 9.056345e-05 9.999974e-01 8.569502e-01
9.999762e-01 -1.324417e-03 6.767229e-03 2.723916e-02 1.314927e-03 9.999981e-01 1.406645e-03 -2.721853e-02 -6.769080e-03 -1.397713e-03 9.999761e-01 1.709909e+00
9.999353e-01 -4.025814e-03 1.064019e-02 4.740532e-02 4.024896e-03 9.999919e-01 1.076891e-04 -3.348608e-02 -1.064053e-02 -6.485647e-05 9.999434e-01 2.585872e+00
9.998635e-01 -5.418608e-03 1.560923e-02 6.164441e-02 5.436347e-03 9.999846e-01 -1.094291e-03 -5.060421e-02 -1.560306e-02 1.178999e-03 9.998776e-01 3.452183e+00
9.997533e-01 -1.122644e-02 1.916362e-02 1.122972e-01 1.130616e-02 9.999279e-01 -4.056818e-03 -6.139351e-02 -1.911670e-02 4.272484e-03 9.998081e-01 4.322760e+00
9.996169e-01 -1.459423e-02 2.351607e-02 1.505775e-01 1.473767e-02 9.998738e-01 -5.937943e-03 -6.931577e-02 -2.342644e-02 6.282241e-03 9.997058e-01 5.215202e+00
9.994124e-01 -1.890586e-02 2.858928e-02 1.878742e-01 1.909809e-02 9.997967e-01 -6.465840e-03 -8.428647e-02 -2.846123e-02 7.008041e-03 9.995703e-01 6.088258e+00
9.992302e-01 -2.309338e-02 3.171323e-02 2.430452e-01 2.331084e-02 9.997071e-01 -6.504480e-03 -1.009942e-01 -3.155373e-02 7.238735e-03 9.994758e-01 6.974401e+00
9.989847e-01 -2.783031e-02 3.542679e-02 2.965649e-01 2.811435e-02 9.995762e-01 -7.544741e-03 -1.160636e-01 -3.520180e-02 8.533081e-03 9.993438e-01 7.829005e+00
9.987608e-01 -3.012532e-02 3.961401e-02 3.410642e-01 3.050365e-02 9.994943e-01 -8.980727e-03 -1.332459e-01 -3.932343e-02 1.017797e-02 9.991747e-01 8.715989e+00
9.985093e-01 -3.131773e-02 4.470224e-02 3.851493e-01 3.183258e-02 9.994343e-01 -1.085218e-02 -1.539806e-01 -4.433709e-02 1.225900e-02 9.989414e-01 9.583068e+00
9.983373e-01 -2.912923e-02 4.974085e-02 4.272075e-01 2.982307e-02 9.994672e-01 -1.326423e-02 -1.694445e-01 -4.932797e-02 1.472560e-02 9.986741e-01 1.044050e+01
9.980529e-01 -2.994268e-02 5.471642e-02 4.716833e-01 3.072112e-02 9.994376e-01 -1.344148e-02 -1.857028e-01 -5.428317e-02 1.509626e-02 9.984115e-01 1.128823e+01
9.977345e-01 -3.262146e-02 5.883691e-02 5.299561e-01 3.342876e-02 9.993593e-01 -1.278905e-02 -2.044918e-01 -5.838201e-02 1.472692e-02 9.981857e-01 1.213183e+01
9.975522e-01 -3.160292e-02 6.237744e-02 5.883779e-01 3.244446e-02 9.993951e-01 -1.252434e-02 -2.338344e-01 -6.194390e-02 1.451748e-02 9.979740e-01 1.299336e+01
9.973736e-01 -2.870796e-02 6.649621e-02 6.387057e-01 2.971332e-02 9.994579e-01 -1.417944e-02 -2.539099e-01 -6.605310e-02 1.611802e-02 9.976859e-01 1.385690e+01
9.972029e-01 -2.885274e-02 6.894832e-02 6.974907e-01 3.013845e-02 9.993894e-01 -1.768022e-02 -2.784962e-01 -6.839609e-02 1.970876e-02 9.974636e-01 1.471134e+01
9.968398e-01 -3.444848e-02 7.157951e-02 7.688025e-01 3.601865e-02 9.991354e-01 -2.076187e-02 -3.054072e-01 -7.080241e-02 2.327446e-02 9.972188e-01 1.555446e+01
9.966208e-01 -3.566915e-02 7.399167e-02 8.358611e-01 3.757136e-02 9.989941e-01 -2.447741e-02 -3.288580e-01 -7.304416e-02 2.717467e-02 9.969584e-01 1.638227e+01
9.964264e-01 -3.767191e-02 7.559923e-02 9.070678e-01 3.942738e-02 9.989832e-01 -2.186367e-02 -3.592552e-01 -7.469872e-02 2.476622e-02 9.968986e-01 1.721612e+01
9.962127e-01 -4.202980e-02 7.611675e-02 9.811104e-01 4.376460e-02 9.988155e-01 -2.126784e-02 -3.882773e-01 -7.513270e-02 2.451851e-02 9.968721e-01 1.803523e+01
9.960950e-01 -4.408724e-02 7.649232e-02 1.052552e+00 4.576307e-02 9.987461e-01 -2.029489e-02 -4.170238e-01 -7.550167e-02 2.371616e-02 9.968636e-01 1.886382e+01
9.958187e-01 -4.841121e-02 7.746953e-02 1.123086e+00 5.012952e-02 9.985346e-01 -2.039058e-02 -4.459641e-01 -7.636887e-02 2.418883e-02 9.967862e-01 1.968329e+01
9.957563e-01 -5.067050e-02 7.682402e-02 1.192558e+00 5.231208e-02 9.984402e-01 -1.950715e-02 -4.747104e-01 -7.571576e-02 2.344319e-02 9.968538e-01 2.051211e+01
9.959358e-01 -4.868462e-02 7.577379e-02 1.254119e+00 5.019045e-02 9.985757e-01 -1.809585e-02 -5.012600e-01 -7.478487e-02 2.182543e-02 9.969608e-01 2.134189e+01
9.959541e-01 -4.955207e-02 7.496666e-02 1.315874e+00 5.108850e-02 9.985187e-01 -1.871665e-02 -5.290968e-01 -7.392817e-02 2.247086e-02 9.970104e-01 2.216568e+01
9.959558e-01 -5.192420e-02 7.332037e-02 1.383214e+00 5.344775e-02 9.983904e-01 -1.897125e-02 -5.534341e-01 -7.221729e-02 2.281333e-02 9.971280e-01 2.299852e+01
9.959289e-01 -5.385994e-02 7.228206e-02 1.451688e+00 5.549709e-02 9.982415e-01 -2.083414e-02 -5.760820e-01 -7.103282e-02 2.476077e-02 9.971666e-01 2.383213e+01
9.957839e-01 -5.773951e-02 7.127847e-02 1.518161e+00 5.930347e-02 9.980392e-01 -2.002200e-02 -6.036336e-01 -6.998265e-02 2.416465e-02 9.972555e-01 2.465040e+01
9.957867e-01 -5.672829e-02 7.204745e-02 1.563296e+00 5.817451e-02 9.981417e-01 -1.813427e-02 -6.310846e-01 -7.088484e-02 2.224919e-02 9.972363e-01 2.548114e+01
9.957819e-01 -5.714963e-02 7.177917e-02 1.627532e+00 5.844786e-02 9.981604e-01 -1.611642e-02 -6.569575e-01 -7.072607e-02 2.024378e-02 9.972903e-01 2.632158e+01
9.959604e-01 -5.357688e-02 7.205813e-02 1.674408e+00 5.486162e-02 9.983663e-01 -1.596830e-02 -6.824539e-01 -7.108488e-02 1.985702e-02 9.972726e-01 2.716536e+01
9.959180e-01 -5.455406e-02 7.191135e-02 1.741590e+00 5.591530e-02 9.982899e-01 -1.705275e-02 -7.095491e-01 -7.085808e-02 2.100409e-02 9.972652e-01 2.800890e+01
9.959302e-01 -5.418510e-02 7.202107e-02 1.805540e+00 5.574641e-02 9.982477e-01 -1.984671e-02 -7.372022e-01 -7.081947e-02 2.378085e-02 9.972056e-01 2.885799e+01
9.959336e-01 -5.407380e-02 7.205807e-02 1.872953e+00 5.593804e-02 9.981431e-01 -2.410806e-02 -7.605145e-01 -7.062065e-02 2.804081e-02 9.971090e-01 2.968720e+01
9.960467e-01 -5.244047e-02 7.170100e-02 1.934995e+00 5.424866e-02 9.982507e-01 -2.350679e-02 -7.894556e-01 -7.034287e-02 2.730354e-02 9.971491e-01 3.051520e+01
9.959909e-01 -5.366271e-02 7.157162e-02 1.993114e+00 5.545241e-02 9.981905e-01 -2.325629e-02 -8.252037e-01 -7.019411e-02 2.713187e-02 9.971643e-01 3.132595e+01
9.956801e-01 -6.014303e-02 7.073885e-02 2.065157e+00 6.162285e-02 9.979201e-01 -1.892460e-02 -8.572812e-01 -6.945354e-02 2.320198e-02 9.973153e-01 3.214776e+01
9.954569e-01 -6.497155e-02 6.960027e-02 2.140246e+00 6.634440e-02 9.976416e-01 -1.759583e-02 -8.833367e-01 -6.829290e-02 2.213347e-02 9.974198e-01 3.298891e+01
9.950962e-01 -6.995385e-02 6.992908e-02 2.205474e+00 7.127359e-02 9.973194e-01 -1.655593e-02 -9.096056e-01 -6.858348e-02 2.145884e-02 9.974146e-01 3.383437e+01
9.948357e-01 -7.445411e-02 6.898149e-02 2.281194e+00 7.581738e-02 9.969706e-01 -1.735661e-02 -9.367301e-01 -6.748025e-02 2.249697e-02 9.974669e-01 3.467682e+01
9.945953e-01 -7.798707e-02 6.854348e-02 2.355733e+00 7.965373e-02 9.965815e-01 -2.192410e-02 -9.648754e-01 -6.659936e-02 2.726535e-02 9.974072e-01 3.551880e+01
9.945312e-01 -7.758500e-02 6.991640e-02 2.402709e+00 7.948301e-02 9.965281e-01 -2.478241e-02 -9.885009e-01 -6.775091e-02 3.020405e-02 9.972450e-01 3.634723e+01
9.943742e-01 -7.926774e-02 7.026118e-02 2.470968e+00 8.120672e-02 9.963792e-01 -2.517954e-02 -1.015340e+00 -6.801085e-02 3.074356e-02 9.972108e-01 3.715554e+01
9.941716e-01 -8.129116e-02 7.081355e-02 2.541351e+00 8.310851e-02 9.962727e-01 -2.310234e-02 -1.048952e+00 -6.867159e-02 2.885290e-02 9.972220e-01 3.796659e+01
9.941683e-01 -8.110514e-02 7.107327e-02 2.612334e+00 8.278392e-02 9.963463e-01 -2.099719e-02 -1.083558e+00 -6.911061e-02 2.675847e-02 9.972501e-01 3.879377e+01
9.942289e-01 -7.917886e-02 7.238530e-02 2.671190e+00 8.103070e-02 9.964460e-01 -2.301034e-02 -1.111560e+00 -7.030611e-02 2.874297e-02 9.971113e-01 3.963012e+01
9.941669e-01 -7.881771e-02 7.362058e-02 2.725779e+00 8.074657e-02 9.964553e-01 -2.359726e-02 -1.135014e+00 -7.149974e-02 2.940422e-02 9.970071e-01 4.045233e+01
9.941002e-01 -7.826229e-02 7.509869e-02 2.788163e+00 8.012523e-02 9.965394e-01 -2.211818e-02 -1.165885e+00 -7.310778e-02 2.800498e-02 9.969308e-01 4.128152e+01
9.939054e-01 -7.936574e-02 7.650576e-02 2.855303e+00 8.097161e-02 9.965517e-01 -1.811703e-02 -1.194714e+00 -7.480408e-02 2.420141e-02 9.969045e-01 4.212754e+01
9.937406e-01 -8.051153e-02 7.744393e-02 2.928523e+00 8.214269e-02 9.964561e-01 -1.810763e-02 -1.221776e+00 -7.571160e-02 2.435574e-02 9.968323e-01 4.298429e+01
9.936952e-01 -8.022015e-02 7.832325e-02 2.998920e+00 8.200543e-02 9.964343e-01 -1.984459e-02 -1.250026e+00 -7.645204e-02 2.614240e-02 9.967305e-01 4.385100e+01
9.934887e-01 -8.097965e-02 8.014101e-02 3.063573e+00 8.301255e-02 9.962976e-01 -2.236302e-02 -1.274371e+00 -7.803335e-02 2.887012e-02 9.965326e-01 4.471134e+01
9.931423e-01 -8.369580e-02 8.162934e-02 3.140865e+00 8.587770e-02 9.960264e-01 -2.358900e-02 -1.302842e+00 -7.933068e-02 3.043737e-02 9.963836e-01 4.556987e+01
9.929594e-01 -8.479191e-02 8.271639e-02 3.218614e+00 8.698122e-02 9.959391e-01 -2.322678e-02 -1.328673e+00 -8.041105e-02 3.025802e-02 9.963024e-01 4.641141e+01
9.927399e-01 -8.614741e-02 8.394135e-02 3.307832e+00 8.842907e-02 9.957970e-01 -2.384682e-02 -1.359189e+00 -8.153420e-02 3.109655e-02 9.961853e-01 4.729676e+01
9.927232e-01 -8.489848e-02 8.539881e-02 3.383089e+00 8.722549e-02 9.959021e-01 -2.389012e-02 -1.389627e+00 -8.302061e-02 3.116523e-02 9.960604e-01 4.817036e+01
9.923376e-01 -8.724670e-02 8.748735e-02 3.473296e+00 8.974360e-02 9.956506e-01 -2.501760e-02 -1.419124e+00 -8.492413e-02 3.267734e-02 9.958514e-01 4.904340e+01
9.921154e-01 -8.818650e-02 8.905169e-02 3.560091e+00 9.087210e-02 9.955083e-01 -2.656002e-02 -1.449730e+00 -8.630946e-02 3.444292e-02 9.956728e-01 4.990521e+01
9.917393e-01 -8.919718e-02 9.217970e-02 3.640148e+00 9.211111e-02 9.953593e-01 -2.784743e-02 -1.480934e+00 -8.926801e-02 3.610816e-02 9.953529e-01 5.075997e+01
9.917492e-01 -8.801035e-02 9.320802e-02 3.728801e+00 9.088612e-02 9.954935e-01 -2.706318e-02 -1.513652e+00 -9.040613e-02 3.531120e-02 9.952788e-01 5.161813e+01
9.911988e-01 -9.158954e-02 9.558432e-02 3.819109e+00 9.444988e-02 9.951944e-01 -2.583278e-02 -1.546402e+00 -9.275897e-02 3.463334e-02 9.950861e-01 5.247898e+01
9.909689e-01 -9.182499e-02 9.771845e-02 3.908585e+00 9.475519e-02 9.951670e-01 -2.577044e-02 -1.576337e+00 -9.487981e-02 3.479704e-02 9.948804e-01 5.334703e+01
9.906268e-01 -9.285985e-02 1.001782e-01 4.011616e+00 9.607599e-02 9.949868e-01 -2.776173e-02 -1.611834e+00 -9.709804e-02 3.712623e-02 9.945821e-01 5.423572e+01
9.903472e-01 -9.281223e-02 1.029481e-01 4.107387e+00 9.639664e-02 9.948788e-01 -3.039619e-02 -1.645645e+00 -9.959971e-02 4.002663e-02 9.942222e-01 5.510805e+01
9.896142e-01 -9.720955e-02 1.058963e-01 4.209015e+00 1.009524e-01 9.944217e-01 -3.056433e-02 -1.674713e+00 -1.023345e-01 4.093738e-02 9.939073e-01 5.596592e+01
9.888866e-01 -1.015179e-01 1.086162e-01 4.314156e+00 1.052505e-01 9.940173e-01 -2.918807e-02 -1.711035e+00 -1.050033e-01 4.029560e-02 9.936552e-01 5.681780e+01
9.883632e-01 -1.039136e-01 1.110859e-01 4.417927e+00 1.075097e-01 9.938408e-01 -2.687164e-02 -1.744103e+00 -1.076094e-01 3.850174e-02 9.934475e-01 5.766786e+01
9.877301e-01 -1.069058e-01 1.138441e-01 4.528814e+00 1.107010e-01 9.934722e-01 -2.753522e-02 -1.780268e+00 -1.101572e-01 3.980001e-02 9.931170e-01 5.853942e+01
9.872975e-01 -1.087340e-01 1.158473e-01 4.646143e+00 1.125726e-01 9.932737e-01 -2.710504e-02 -1.814503e+00 -1.121208e-01 3.980196e-02 9.928971e-01 5.940720e+01
9.867910e-01 -1.093426e-01 1.195308e-01 4.745246e+00 1.133033e-01 9.931979e-01 -2.683691e-02 -1.848699e+00 -1.157833e-01 4.002566e-02 9.924677e-01 6.026171e+01
9.865878e-01 -1.081893e-01 1.222280e-01 4.853212e+00 1.122131e-01 9.933304e-01 -2.651124e-02 -1.879549e+00 -1.185445e-01 3.987125e-02 9.921479e-01 6.111566e+01
9.860846e-01 -1.102627e-01 1.244156e-01 4.977435e+00 1.144187e-01 9.930725e-01 -2.674695e-02 -1.908857e+00 -1.206045e-01 4.061023e-02 9.918696e-01 6.197897e+01
9.855025e-01 -1.128970e-01 1.266459e-01 5.105168e+00 1.172597e-01 9.927200e-01 -2.751490e-02 -1.942256e+00 -1.226175e-01 4.196645e-02 9.915663e-01 6.285334e+01
9.850559e-01 -1.127928e-01 1.301638e-01 5.210437e+00 1.173638e-01 9.926950e-01 -2.797227e-02 -1.974375e+00 -1.260579e-01 4.283077e-02 9.910978e-01 6.370146e+01
9.848281e-01 -1.129944e-01 1.317037e-01 5.333041e+00 1.174811e-01 9.927139e-01 -2.678429e-02 -2.003652e+00 -1.277176e-01 4.185061e-02 9.909272e-01 6.456002e+01
9.844658e-01 -1.142760e-01 1.332973e-01 5.452813e+00 1.183258e-01 9.927121e-01 -2.283999e-02 -2.034955e+00 -1.297158e-01 3.825769e-02 9.908129e-01 6.542261e+01
9.837397e-01 -1.185633e-01 1.349032e-01 5.585223e+00 1.224264e-01 9.922621e-01 -2.067977e-02 -2.071944e+00 -1.314075e-01 3.685923e-02 9.906430e-01 6.629927e+01
9.833127e-01 -1.180625e-01 1.384099e-01 5.701281e+00 1.222891e-01 9.922415e-01 -2.241141e-02 -2.104103e+00 -1.346901e-01 3.896345e-02 9.901214e-01 6.716932e+01
9.826678e-01 -1.206544e-01 1.407355e-01 5.841719e+00 1.255188e-01 9.917457e-01 -2.618227e-02 -2.134722e+00 -1.364148e-01 4.339343e-02 9.897010e-01 6.803680e+01
9.823972e-01 -1.196575e-01 1.434498e-01 5.961434e+00 1.250983e-01 9.917058e-01 -2.949619e-02 -2.165769e+00 -1.387306e-01 4.692230e-02 9.892179e-01 6.886818e+01
9.818627e-01 -1.216131e-01 1.454509e-01 6.092416e+00 1.271040e-01 9.914642e-01 -2.903833e-02 -2.199768e+00 -1.406779e-01 4.699905e-02 9.889392e-01 6.970694e+01
9.811295e-01 -1.257591e-01 1.468659e-01 6.232085e+00 1.312263e-01 9.909538e-01 -2.811098e-02 -2.228451e+00 -1.420021e-01 4.685318e-02 9.887569e-01 7.054005e+01
9.802231e-01 -1.296619e-01 1.495009e-01 6.361246e+00 1.349904e-01 9.905052e-01 -2.601906e-02 -2.264447e+00 -1.447078e-01 4.568567e-02 9.884192e-01 7.136127e+01
9.801828e-01 -1.279064e-01 1.512666e-01 6.493231e+00 1.332928e-01 9.907361e-01 -2.597951e-02 -2.296956e+00 -1.465424e-01 4.562742e-02 9.881515e-01 7.217973e+01
9.800660e-01 -1.251808e-01 1.542739e-01 6.615205e+00 1.305863e-01 9.911121e-01 -2.537707e-02 -2.331208e+00 -1.497260e-01 4.501726e-02 9.877022e-01 7.301143e+01
9.794577e-01 -1.277758e-01 1.559997e-01 6.756547e+00 1.336616e-01 9.906371e-01 -2.779753e-02 -2.361706e+00 -1.509873e-01 4.807767e-02 9.873659e-01 7.383284e+01
9.789137e-01 -1.301350e-01 1.574573e-01 6.902641e+00 1.363786e-01 9.902182e-01 -2.947366e-02 -2.395476e+00 -1.520815e-01 5.032598e-02 9.870859e-01 7.464824e+01
9.782428e-01 -1.315535e-01 1.604203e-01 7.036605e+00 1.382131e-01 9.899160e-01 -3.103800e-02 -2.424900e+00 -1.547195e-01 5.253490e-02 9.865607e-01 7.544948e+01
9.779717e-01 -1.315046e-01 1.621047e-01 7.168130e+00 1.380678e-01 9.899725e-01 -2.986024e-02 -2.457897e+00 -1.565525e-01 5.158392e-02 9.863217e-01 7.624105e+01
9.776051e-01 -1.324112e-01 1.635713e-01 7.310051e+00 1.386910e-01 9.899528e-01 -2.753657e-02 -2.490888e+00 -1.582817e-01 4.960576e-02 9.861471e-01 7.705981e+01
9.768569e-01 -1.360794e-01 1.650243e-01 7.455656e+00 1.423721e-01 9.894485e-01 -2.686620e-02 -2.524550e+00 -1.596271e-01 4.973928e-02 9.859235e-01 7.786914e+01
9.762150e-01 -1.390700e-01 1.663242e-01 7.606254e+00 1.455763e-01 9.889640e-01 -2.752823e-02 -2.556946e+00 -1.606603e-01 5.108633e-02 9.856868e-01 7.868438e+01
9.759578e-01 -1.378541e-01 1.688272e-01 7.743987e+00 1.445751e-01 9.890940e-01 -2.812645e-02 -2.587637e+00 -1.631087e-01 5.185844e-02 9.852443e-01 7.949676e+01
9.753845e-01 -1.384414e-01 1.716364e-01 7.883706e+00 1.451577e-01 9.890358e-01 -2.715636e-02 -2.621303e+00 -1.659950e-01 5.140223e-02 9.847860e-01 8.031381e+01
9.752490e-01 -1.368620e-01 1.736611e-01 8.023765e+00 1.434633e-01 9.893144e-01 -2.598679e-02 -2.654375e+00 -1.682488e-01 5.025758e-02 9.844626e-01 8.113356e+01
9.751109e-01 -1.334517e-01 1.770578e-01 8.159711e+00 1.402548e-01 9.897628e-01 -2.642289e-02 -2.690585e+00 -1.717191e-01 5.059845e-02 9.838457e-01 8.195524e+01
9.740664e-01 -1.385968e-01 1.788452e-01 8.328206e+00 1.456788e-01 9.889627e-01 -2.702727e-02 -2.718923e+00 -1.731253e-01 5.238030e-02 9.835059e-01 8.276549e+01
9.729105e-01 -1.423342e-01 1.821706e-01 8.482324e+00 1.500100e-01 9.882590e-01 -2.900196e-02 -2.749451e+00 -1.759037e-01 5.554372e-02 9.828391e-01 8.355967e+01
9.723289e-01 -1.426869e-01 1.849782e-01 8.638072e+00 1.507262e-01 9.881178e-01 -3.007894e-02 -2.778870e+00 -1.784884e-01 5.712768e-02 9.822822e-01 8.434297e+01
9.713488e-01 -1.459452e-01 1.875675e-01 8.792785e+00 1.540995e-01 9.876127e-01 -2.957350e-02 -2.810518e+00 -1.809280e-01 5.763024e-02 9.818064e-01 8.512278e+01
9.710361e-01 -1.448709e-01 1.900033e-01 8.943898e+00 1.530416e-01 9.877947e-01 -2.897983e-02 -2.842460e+00 -1.834859e-01 5.721888e-02 9.813557e-01 8.589341e+01
9.703252e-01 -1.465529e-01 1.923312e-01 9.113006e+00 1.547212e-01 9.875591e-01 -2.807760e-02 -2.872892e+00 -1.858236e-01 5.700211e-02 9.809283e-01 8.667599e+01
9.691745e-01 -1.500330e-01 1.954250e-01 9.281478e+00 1.581654e-01 9.870542e-01 -2.660450e-02 -2.906589e+00 -1.889035e-01 5.669387e-02 9.803577e-01 8.745936e+01
9.687255e-01 -1.482331e-01 1.989923e-01 9.437935e+00 1.564646e-01 9.873358e-01 -2.620868e-02 -2.934618e+00 -1.925872e-01 5.652426e-02 9.796505e-01 8.823513e+01
9.681506e-01 -1.456663e-01 2.036314e-01 9.594642e+00 1.534413e-01 9.878937e-01 -2.284247e-02 -2.963725e+00 -1.978388e-01 5.336042e-02 9.787811e-01 8.901803e+01
9.674672e-01 -1.453236e-01 2.070950e-01 9.762490e+00 1.528511e-01 9.880317e-01 -2.073508e-02 -2.990010e+00 -2.016031e-01 5.171520e-02 9.781011e-01 8.980972e+01
9.659886e-01 -1.496771e-01 2.108621e-01 9.942151e+00 1.570322e-01 9.874205e-01 -1.848154e-02 -3.019612e+00 -2.054433e-01 5.096510e-02 9.773411e-01 9.060175e+01
9.648915e-01 -1.498491e-01 2.157074e-01 1.011624e+01 1.578289e-01 9.872608e-01 -2.015518e-02 -3.050890e+00 -2.099392e-01 5.349243e-02 9.762500e-01 9.139242e+01
9.641102e-01 -1.482199e-01 2.202781e-01 1.029708e+01 1.567748e-01 9.873943e-01 -2.177599e-02 -3.074971e+00 -2.142737e-01 5.552851e-02 9.751940e-01 9.217996e+01
9.633827e-01 -1.466529e-01 2.244698e-01 1.047074e+01 1.553558e-01 9.876243e-01 -2.151356e-02 -3.098503e+00 -2.185368e-01 5.559849e-02 9.742435e-01 9.295925e+01
9.622835e-01 -1.489040e-01 2.276799e-01 1.065877e+01 1.571533e-01 9.874021e-01 -1.843781e-02 -3.124647e+00 -2.220662e-01 5.352305e-02 9.735614e-01 9.373689e+01
9.612767e-01 -1.490018e-01 2.318309e-01 1.084023e+01 1.568830e-01 9.874903e-01 -1.583116e-02 -3.149074e+00 -2.265719e-01 5.158845e-02 9.726273e-01 9.451062e+01
9.599981e-01 -1.500989e-01 2.363767e-01 1.103606e+01 1.582577e-01 9.872712e-01 -1.581683e-02 -3.172705e+00 -2.309938e-01 5.259257e-02 9.715327e-01 9.529773e+01
9.586416e-01 -1.504418e-01 2.416061e-01 1.123109e+01 1.593604e-01 9.870620e-01 -1.769059e-02 -3.199830e+00 -2.358188e-01 5.546137e-02 9.702131e-01 9.610033e+01
9.572119e-01 -1.508376e-01 2.469683e-01 1.142897e+01 1.602695e-01 9.869013e-01 -1.842386e-02 -3.229749e+00 -2.409543e-01 5.721703e-02 9.688484e-01 9.689781e+01
9.557817e-01 -1.521222e-01 2.516747e-01 1.162314e+01 1.614838e-01 9.867316e-01 -1.684513e-02 -3.250164e+00 -2.457729e-01 5.674166e-02 9.676653e-01 9.765414e+01
9.546531e-01 -1.503919e-01 2.569432e-01 1.181585e+01 1.590714e-01 9.871787e-01 -1.321053e-02 -3.272592e+00 -2.516621e-01 5.348379e-02 9.663362e-01 9.846188e+01
9.536954e-01 -1.478024e-01 2.619532e-01 1.201505e+01 1.556259e-01 9.877727e-01 -9.255684e-03 -3.296857e+00 -2.573822e-01 4.959380e-02 9.650362e-01 9.924474e+01
9.527632e-01 -1.437414e-01 2.675458e-01 1.222002e+01 1.519248e-01 9.883412e-01 -1.002771e-02 -3.315998e+00 -2.629852e-01 5.020089e-02 9.634930e-01 1.000223e+02
9.505784e-01 -1.461000e-01 2.739626e-01 1.244655e+01 1.555897e-01 9.877347e-01 -1.311205e-02 -3.333223e+00 -2.686867e-01 5.508980e-02 9.616510e-01 1.008096e+02
9.494471e-01 -1.433005e-01 2.793120e-01 1.266529e+01 1.539068e-01 9.879509e-01 -1.629879e-02 -3.353940e+00 -2.736110e-01 5.846285e-02 9.600620e-01 1.015718e+02
9.482610e-01 -1.405979e-01 2.846635e-01 1.288721e+01 1.513614e-01 9.883481e-01 -1.605565e-02 -3.373279e+00 -2.790892e-01 5.831200e-02 9.584930e-01 1.023356e+02
9.472503e-01 -1.382548e-01 2.891411e-01 1.310688e+01 1.486466e-01 9.887887e-01 -1.418257e-02 -3.392519e+00 -2.839386e-01 5.641428e-02 9.571814e-01 1.030946e+02
9.454205e-01 -1.419864e-01 2.932916e-01 1.334152e+01 1.516109e-01 9.883874e-01 -1.022372e-02 -3.411522e+00 -2.884340e-01 5.413191e-02 9.559684e-01 1.038589e+02
9.436918e-01 -1.446844e-01 2.975099e-01 1.358472e+01 1.539697e-01 9.880441e-01 -7.883241e-03 -3.428678e+00 -2.928124e-01 5.324685e-02 9.546862e-01 1.046253e+02
9.425310e-01 -1.404987e-01 3.031425e-01 1.381708e+01 1.496378e-01 9.887160e-01 -7.009686e-03 -3.447892e+00 -2.987370e-01 5.196843e-02 9.529195e-01 1.054138e+02
9.410692e-01 -1.369924e-01 3.092277e-01 1.404410e+01 1.463117e-01 9.892135e-01 -7.032791e-03 -3.470066e+00 -3.049288e-01 5.186199e-02 9.509620e-01 1.061966e+02
9.397608e-01 -1.379960e-01 3.127407e-01 1.430175e+01 1.476939e-01 9.890053e-01 -7.412494e-03 -3.485398e+00 -3.082793e-01 5.315587e-02 9.498096e-01 1.069775e+02
9.388471e-01 -1.358914e-01 3.163854e-01 1.455277e+01 1.452070e-01 9.893835e-01 -5.937265e-03 -3.504836e+00 -3.122197e-01 5.151558e-02 9.486122e-01 1.077518e+02
9.374281e-01 -1.361369e-01 3.204612e-01 1.480173e+01 1.448835e-01 9.894426e-01 -3.489514e-03 -3.523361e+00 -3.166029e-01 4.970072e-02 9.472552e-01 1.085171e+02
9.363730e-01 -1.359876e-01 3.235940e-01 1.506752e+01 1.450318e-01 9.894194e-01 -3.878685e-03 -3.541978e+00 -3.196427e-01 5.056332e-02 9.461881e-01 1.093012e+02
9.349660e-01 -1.353206e-01 3.279128e-01 1.533148e+01 1.441457e-01 9.895530e-01 -2.635981e-03 -3.555213e+00 -3.241304e-01 4.973177e-02 9.447043e-01 1.100741e+02
9.337300e-01 -1.327497e-01 3.324542e-01 1.559036e+01 1.424037e-01 9.897974e-01 -4.726619e-03 -3.572880e+00 -3.284348e-01 5.175610e-02 9.431076e-01 1.108594e+02
9.330009e-01 -1.295614e-01 3.357428e-01 1.584837e+01 1.395144e-01 9.902043e-01 -5.583983e-03 -3.589184e+00 -3.317305e-01 5.205082e-02 9.419371e-01 1.116178e+02
9.316547e-01 -1.292766e-01 3.395690e-01 1.611084e+01 1.396493e-01 9.901818e-01 -6.177084e-03 -3.606692e+00 -3.354365e-01 5.317547e-02 9.405609e-01 1.123674e+02
9.303773e-01 -1.323741e-01 3.418700e-01 1.638905e+01 1.425646e-01 9.897742e-01 -4.733972e-03 -3.620143e+00 -3.377475e-01 5.314294e-02 9.397353e-01 1.131310e+02
9.296145e-01 -1.313112e-01 3.443462e-01 1.666661e+01 1.412633e-01 9.899646e-01 -3.853551e-03 -3.636723e+00 -3.403845e-01 5.222578e-02 9.388348e-01 1.138948e+02
9.293030e-01 -1.318579e-01 3.449775e-01 1.695287e+01 1.413140e-01 9.899622e-01 -2.287647e-03 -3.645652e+00 -3.412130e-01 5.087607e-02 9.386082e-01 1.146526e+02
9.292769e-01 -1.304074e-01 3.455985e-01 1.723236e+01 1.401710e-01 9.901218e-01 -3.294229e-03 -3.657082e+00 -3.417550e-01 5.150413e-02 9.383767e-01 1.154263e+02
9.286648e-01 -1.319692e-01 3.466493e-01 1.750891e+01 1.419726e-01 9.898644e-01 -3.500153e-03 -3.666702e+00 -3.426739e-01 5.246517e-02 9.379883e-01 1.161589e+02
9.280947e-01 -1.306537e-01 3.486687e-01 1.776246e+01 1.403789e-01 9.900943e-01 -2.654130e-03 -3.688533e+00 -3.448681e-01 5.140901e-02 9.372423e-01 1.169004e+02
9.283233e-01 -1.331024e-01 3.471305e-01 1.806117e+01 1.427331e-01 9.897588e-01 -2.198741e-03 -3.697069e+00 -3.432828e-01 5.158816e-02 9.378143e-01 1.176827e+02
9.291602e-01 -1.319222e-01 3.453373e-01 1.833184e+01 1.419595e-01 9.898651e-01 -3.816490e-03 -3.710840e+00 -3.413338e-01 5.257005e-02 9.384709e-01 1.184265e+02
9.296071e-01 -1.318849e-01 3.441467e-01 1.858356e+01 1.421747e-01 9.898304e-01 -4.715807e-03 -3.729814e+00 -3.400249e-01 5.331279e-02 9.389040e-01 1.191419e+02
9.292723e-01 -1.397383e-01 3.419447e-01 1.885874e+01 1.509745e-01 9.885174e-01 -6.324622e-03 -3.737321e+00 -3.371345e-01 5.750221e-02 9.396988e-01 1.198573e+02
9.291651e-01 -1.433974e-01 3.407190e-01 1.912578e+01 1.546148e-01 9.879575e-01 -5.846926e-03 -3.745806e+00 -3.357775e-01 5.811295e-02 9.401470e-01 1.205792e+02
9.296711e-01 -1.390687e-01 3.411328e-01 1.936696e+01 1.499461e-01 9.886784e-01 -5.588292e-03 -3.765662e+00 -3.364935e-01 5.634680e-02 9.399985e-01 1.212867e+02
9.300225e-01 -1.374362e-01 3.408363e-01 1.961632e+01 1.483445e-01 9.889174e-01 -6.016776e-03 -3.782622e+00 -3.362321e-01 5.615694e-02 9.401034e-01 1.220036e+02
9.301711e-01 -1.382919e-01 3.400839e-01 1.987445e+01 1.499451e-01 9.886612e-01 -8.088342e-03 -3.795124e+00 -3.351092e-01 5.851745e-02 9.403603e-01 1.227058e+02
9.302652e-01 -1.391279e-01 3.394850e-01 2.013471e+01 1.516441e-01 9.883796e-01 -1.048079e-02 -3.800466e+00 -3.340819e-01 6.123083e-02 9.405531e-01 1.234124e+02
9.300721e-01 -1.375623e-01 3.406500e-01 2.037884e+01 1.498338e-01 9.886622e-01 -9.844782e-03 -3.819632e+00 -3.354335e-01 6.019725e-02 9.401386e-01 1.241254e+02
9.302553e-01 -1.369574e-01 3.403935e-01 2.061744e+01 1.485389e-01 9.888737e-01 -8.065825e-03 -3.834896e+00 -3.355015e-01 5.806496e-02 9.402485e-01 1.248179e+02
9.303303e-01 -1.370148e-01 3.401654e-01 2.087075e+01 1.478812e-01 9.889864e-01 -6.092834e-03 -3.845901e+00 -3.355842e-01 5.597242e-02 9.403459e-01 1.255159e+02
9.296273e-01 -1.399956e-01 3.408728e-01 2.111716e+01 1.505707e-01 9.885884e-01 -4.625205e-03 -3.858591e+00 -3.363354e-01 5.562518e-02 9.400980e-01 1.262125e+02
9.292493e-01 -1.430589e-01 3.406317e-01 2.137806e+01 1.528057e-01 9.882546e-01 -1.808510e-03 -3.871687e+00 -3.363721e-01 5.373103e-02 9.401951e-01 1.269324e+02
9.284787e-01 -1.446131e-01 3.420736e-01 2.163374e+01 1.544456e-01 9.880001e-01 -1.525282e-03 -3.882978e+00 -3.377482e-01 5.424797e-02 9.396719e-01 1.276545e+02
9.281950e-01 -1.459723e-01 3.422660e-01 2.191138e+01 1.564456e-01 9.876819e-01 -3.032212e-03 -3.898799e+00 -3.376073e-01 5.636051e-02 9.395982e-01 1.283786e+02
9.279266e-01 -1.443722e-01 3.436697e-01 2.217411e+01 1.566173e-01 9.876271e-01 -7.982782e-03 -3.911313e+00 -3.382650e-01 6.123205e-02 9.390567e-01 1.290962e+02
9.271067e-01 -1.466114e-01 3.449322e-01 2.243607e+01 1.596782e-01 9.871223e-01 -9.611479e-03 -3.921169e+00 -3.390812e-01 6.398901e-02 9.385784e-01 1.297864e+02
9.266016e-01 -1.453554e-01 3.468158e-01 2.268207e+01 1.584785e-01 9.873156e-01 -9.615344e-03 -3.933060e+00 -3.410190e-01 6.387244e-02 9.378840e-01 1.304785e+02
9.262797e-01 -1.435072e-01 3.484417e-01 2.294039e+01 1.553809e-01 9.878351e-01 -6.212745e-03 -3.944745e+00 -3.433114e-01 5.989594e-02 9.373098e-01 1.311773e+02
9.258929e-01 -1.384795e-01 3.514907e-01 2.318557e+01 1.494910e-01 9.887540e-01 -4.240656e-03 -3.967514e+00 -3.469506e-01 5.647109e-02 9.361818e-01 1.318823e+02
9.245973e-01 -1.399882e-01 3.542925e-01 2.344876e+01 1.510881e-01 9.885133e-01 -3.712796e-03 -3.982724e+00 -3.497031e-01 5.696221e-02 9.351273e-01 1.325814e+02
9.233586e-01 -1.404081e-01 3.573436e-01 2.372086e+01 1.533704e-01 9.881361e-01 -8.041399e-03 -4.001175e+00 -3.519750e-01 6.223101e-02 9.339384e-01 1.332735e+02
9.221457e-01 -1.380175e-01 3.613841e-01 2.398261e+01 1.524527e-01 9.882428e-01 -1.159095e-02 -4.018481e+00 -3.555354e-01 6.578251e-02 9.323450e-01 1.339590e+02
9.216172e-01 -1.336074e-01 3.643773e-01 2.424076e+01 1.483660e-01 9.888513e-01 -1.267600e-02 -4.040452e+00 -3.586213e-01 6.574363e-02 9.311651e-01 1.346405e+02
9.206226e-01 -1.349249e-01 3.664005e-01 2.450972e+01 1.493944e-01 9.887133e-01 -1.128224e-02 -4.056286e+00 -3.607428e-01 6.512488e-02 9.303888e-01 1.353314e+02
9.199874e-01 -1.375107e-01 3.670339e-01 2.479979e+01 1.512168e-01 9.884623e-01 -8.700753e-03 -4.071812e+00 -3.616028e-01 6.350630e-02 9.301669e-01 1.360267e+02
9.184641e-01 -1.417502e-01 3.692297e-01 2.508595e+01 1.551358e-01 9.878708e-01 -6.650939e-03 -4.086371e+00 -3.638084e-01 6.338938e-02 9.293144e-01 1.367287e+02
9.176251e-01 -1.437377e-01 3.705452e-01 2.539344e+01 1.579778e-01 9.874087e-01 -8.194922e-03 -4.099031e+00 -3.647016e-01 6.605779e-02 9.287783e-01 1.374749e+02
9.162254e-01 -1.466424e-01 3.728633e-01 2.567457e+01 1.610061e-01 9.869250e-01 -7.490423e-03 -4.110800e+00 -3.668897e-01 6.689619e-02 9.278561e-01 1.381722e+02
9.157722e-01 -1.441417e-01 3.749460e-01 2.594958e+01 1.583646e-01 9.873543e-01 -7.219595e-03 -4.128836e+00 -3.691639e-01 6.598969e-02 9.270185e-01 1.388854e+02
9.147747e-01 -1.486658e-01 3.756139e-01 2.626686e+01 1.636423e-01 9.864866e-01 -8.090914e-03 -4.145304e+00 -3.693352e-01 6.886770e-02 9.267409e-01 1.396349e+02
9.141952e-01 -1.498936e-01 3.765356e-01 2.656043e+01 1.663227e-01 9.860066e-01 -1.130121e-02 -4.163865e+00 -3.695726e-01 7.295792e-02 9.263332e-01 1.403448e+02
9.133525e-01 -1.514561e-01 3.779526e-01 2.686311e+01 1.695892e-01 9.854015e-01 -1.494830e-02 -4.177290e+00 -3.701711e-01 7.774977e-02 9.257042e-01 1.410682e+02
9.129175e-01 -1.499005e-01 3.796203e-01 2.714548e+01 1.685094e-01 9.855692e-01 -1.606298e-02 -4.192005e+00 -3.717342e-01 7.863375e-02 9.250029e-01 1.417640e+02
9.128004e-01 -1.489488e-01 3.802759e-01 2.743740e+01 1.667914e-01 9.858899e-01 -1.420039e-02 -4.212130e+00 -3.727950e-01 7.638885e-02 9.247641e-01 1.424749e+02
9.127916e-01 -1.469804e-01 3.810620e-01 2.772959e+01 1.646184e-01 9.862592e-01 -1.391260e-02 -4.228133e+00 -3.737811e-01 7.542913e-02 9.244448e-01 1.431910e+02
9.124738e-01 -1.464650e-01 3.820205e-01 2.803340e+01 1.651290e-01 9.861366e-01 -1.633791e-02 -4.246165e+00 -3.743315e-01 7.799059e-02 9.240094e-01 1.439207e+02
9.121606e-01 -1.445964e-01 3.834773e-01 2.831484e+01 1.641211e-01 9.862667e-01 -1.849957e-02 -4.265621e+00 -3.755359e-01 7.981129e-02 9.233650e-01 1.446156e+02
9.120139e-01 -1.443591e-01 3.839156e-01 2.859996e+01 1.646016e-01 9.861531e-01 -2.020968e-02 -4.281380e+00 -3.756821e-01 8.162464e-02 9.231470e-01 1.452921e+02
9.116027e-01 -1.453500e-01 3.845178e-01 2.889182e+01 1.653272e-01 9.860515e-01 -1.921913e-02 -4.301500e+00 -3.763608e-01 8.109146e-02 9.229175e-01 1.459920e+02
9.114767e-01 -1.454446e-01 3.847807e-01 2.917853e+01 1.651680e-01 9.860916e-01 -1.851727e-02 -4.323757e+00 -3.767357e-01 8.043151e-02 9.228223e-01 1.466856e+02
9.113484e-01 -1.460725e-01 3.848466e-01 2.947086e+01 1.657520e-01 9.859982e-01 -1.826847e-02 -4.344108e+00 -3.767895e-01 8.043803e-02 9.227997e-01 1.473852e+02
9.112640e-01 -1.449575e-01 3.854675e-01 2.976381e+01 1.642875e-01 9.862573e-01 -1.749539e-02 -4.364391e+00 -3.776341e-01 7.927043e-02 9.225555e-01 1.481008e+02
9.109653e-01 -1.453390e-01 3.860296e-01 3.006075e+01 1.636547e-01 9.864064e-01 -1.481855e-02 -4.383863e+00 -3.786283e-01 7.667472e-02 9.223674e-01 1.488208e+02
9.105275e-01 -1.458138e-01 3.868824e-01 3.037222e+01 1.635128e-01 9.864551e-01 -1.303778e-02 -4.403075e+00 -3.797410e-01 7.513147e-02 9.220369e-01 1.495598e+02
9.099651e-01 -1.449022e-01 3.885446e-01 3.069287e+01 1.628438e-01 9.865601e-01 -1.345371e-02 -4.419957e+00 -3.813732e-01 7.551448e-02 9.213317e-01 1.503153e+02
9.095188e-01 -1.432077e-01 3.902142e-01 3.101134e+01 1.616569e-01 9.867381e-01 -1.466247e-02 -4.438405e+00 -3.829395e-01 7.641662e-02 9.206073e-01 1.510702e+02
9.093434e-01 -1.399419e-01 3.918046e-01 3.132924e+01 1.595808e-01 9.870237e-01 -1.783477e-02 -4.454803e+00 -3.842246e-01 7.874244e-02 9.198756e-01 1.518311e+02
9.085023e-01 -1.388399e-01 3.941408e-01 3.163303e+01 1.591926e-01 9.870600e-01 -1.924067e-02 -4.478100e+00 -3.863693e-01 8.022448e-02 9.188486e-01 1.525658e+02
9.077046e-01 -1.376767e-01 3.963805e-01 3.194171e+01 1.579639e-01 9.872655e-01 -1.882301e-02 -4.503602e+00 -3.887413e-01 7.969953e-02 9.178933e-01 1.533174e+02
9.069426e-01 -1.380878e-01 3.979784e-01 3.226096e+01 1.576786e-01 9.873485e-01 -1.674616e-02 -4.525972e+00 -3.906309e-01 7.794047e-02 9.172419e-01 1.540771e+02
9.065036e-01 -1.359316e-01 3.997173e-01 3.257583e+01 1.549556e-01 9.877999e-01 -1.549744e-02 -4.547426e+00 -3.927341e-01 7.598690e-02 9.165075e-01 1.548417e+02
9.057522e-01 -1.334882e-01 4.022361e-01 3.290010e+01 1.529554e-01 9.880952e-01 -1.650928e-02 -4.568522e+00 -3.952438e-01 7.647752e-02 9.153871e-01 1.556311e+02
9.055508e-01 -1.299471e-01 4.038458e-01 3.321475e+01 1.502032e-01 9.884776e-01 -1.873677e-02 -4.598073e+00 -3.967578e-01 7.762602e-02 9.146352e-01 1.563923e+02
9.056744e-01 -1.275183e-01 4.043426e-01 3.353000e+01 1.484567e-01 9.887019e-01 -2.071488e-02 -4.624102e+00 -3.971327e-01 7.878831e-02 9.143730e-01 1.571378e+02
9.060341e-01 -1.243560e-01 4.045217e-01 3.383721e+01 1.452047e-01 9.891758e-01 -2.113724e-02 -4.652309e+00 -3.975145e-01 7.788952e-02 9.142841e-01 1.578805e+02
9.062267e-01 -1.232127e-01 4.044401e-01 3.414460e+01 1.437351e-01 9.894008e-01 -2.064541e-02 -4.679248e+00 -3.976096e-01 7.684168e-02 9.143314e-01 1.586242e+02
9.070801e-01 -1.207321e-01 4.032734e-01 3.444926e+01 1.408683e-01 9.898156e-01 -2.052278e-02 -4.702638e+00 -3.966885e-01 7.542423e-02 9.148494e-01 1.593587e+02
9.075725e-01 -1.202701e-01 4.023023e-01 3.475784e+01 1.394974e-01 9.900455e-01 -1.872010e-02 -4.729198e+00 -3.960461e-01 7.311000e-02 9.153155e-01 1.601131e+02
9.084973e-01 -1.172873e-01 4.010939e-01 3.506185e+01 1.356378e-01 9.906029e-01 -1.755546e-02 -4.755353e+00 -3.952657e-01 7.035258e-02 9.158687e-01 1.608771e+02
9.100077e-01 -1.159453e-01 3.980485e-01 3.538039e+01 1.337577e-01 9.908653e-01 -1.716958e-02 -4.778676e+00 -3.924217e-01 6.886650e-02 9.172037e-01 1.616309e+02
9.112179e-01 -1.166534e-01 3.950620e-01 3.569512e+01 1.344474e-01 9.907652e-01 -1.755358e-02 -4.799389e+00 -3.893660e-01 6.911020e-02 9.184868e-01 1.623761e+02
9.128923e-01 -1.146156e-01 3.917791e-01 3.600595e+01 1.321685e-01 9.910632e-01 -1.803153e-02 -4.823807e+00 -3.862111e-01 6.824172e-02 9.198826e-01 1.631374e+02
9.142734e-01 -1.131314e-01 3.889800e-01 3.631536e+01 1.303518e-01 9.913031e-01 -1.807206e-02 -4.854330e+00 -3.835526e-01 6.722706e-02 9.210689e-01 1.639175e+02
9.158948e-01 -1.150186e-01 3.845873e-01 3.662939e+01 1.321264e-01 9.910647e-01 -1.826115e-02 -4.881847e+00 -3.790505e-01 6.753943e-02 9.229080e-01 1.646882e+02
9.175795e-01 -1.140499e-01 3.808417e-01 3.692854e+01 1.312968e-01 9.911509e-01 -1.952152e-02 -4.901166e+00 -3.752452e-01 6.791584e-02 9.244342e-01 1.654554e+02
9.190349e-01 -1.122242e-01 3.778632e-01 3.722879e+01 1.295462e-01 9.913583e-01 -2.065051e-02 -4.930187e+00 -3.722803e-01 6.792929e-02 9.256311e-01 1.662370e+02
9.205453e-01 -1.099222e-01 3.748511e-01 3.752207e+01 1.272972e-01 9.916245e-01 -2.182536e-02 -4.964648e+00 -3.693125e-01 6.780873e-02 9.268281e-01 1.670194e+02
9.220360e-01 -1.101552e-01 3.711004e-01 3.782201e+01 1.286079e-01 9.913736e-01 -2.526579e-02 -4.988817e+00 -3.651159e-01 7.102240e-02 9.282490e-01 1.677783e+02
9.235285e-01 -1.087768e-01 3.677809e-01 3.811246e+01 1.277195e-01 9.914295e-01 -2.748374e-02 -5.013599e+00 -3.616392e-01 7.235479e-02 9.295062e-01 1.685316e+02
9.248309e-01 -1.047664e-01 3.656663e-01 3.839075e+01 1.237442e-01 9.918966e-01 -2.878322e-02 -5.045062e+00 -3.596877e-01 7.186871e-02 9.303008e-01 1.693085e+02
9.261057e-01 -1.029774e-01 3.629380e-01 3.867661e+01 1.215348e-01 9.921749e-01 -2.860657e-02 -5.076326e+00 -3.571521e-01 7.060229e-02 9.313741e-01 1.700797e+02
9.271474e-01 -1.040738e-01 3.599533e-01 3.895782e+01 1.217564e-01 9.921998e-01 -2.673712e-02 -5.105725e+00 -3.543629e-01 6.861588e-02 9.325871e-01 1.708375e+02
9.281959e-01 -1.044272e-01 3.571376e-01 3.924561e+01 1.214999e-01 9.922602e-01 -2.563935e-02 -5.137219e+00 -3.516960e-01 6.719053e-02 9.336998e-01 1.716238e+02
9.295896e-01 -9.999730e-02 3.547727e-01 3.952007e+01 1.168960e-01 9.927915e-01 -2.646428e-02 -5.168595e+00 -3.495690e-01 6.607241e-02 9.345780e-01 1.724200e+02
9.307914e-01 -1.009330e-01 3.513401e-01 3.980429e+01 1.182495e-01 9.925856e-01 -2.812374e-02 -5.200324e+00 -3.458965e-01 6.772312e-02 9.358254e-01 1.731962e+02
9.320260e-01 -1.009756e-01 3.480395e-01 4.008566e+01 1.188470e-01 9.924493e-01 -3.032797e-02 -5.233149e+00 -3.423492e-01 6.962992e-02 9.369892e-01 1.739817e+02
9.330385e-01 -9.888690e-02 3.459199e-01 4.034485e+01 1.162889e-01 9.927664e-01 -2.986356e-02 -5.273885e+00 -3.404645e-01 6.809048e-02 9.377887e-01 1.747636e+02
9.344905e-01 -9.713232e-02 3.424803e-01 4.061301e+01 1.146242e-01 9.929202e-01 -3.115675e-02 -5.310150e+00 -3.370293e-01 6.837222e-02 9.390083e-01 1.755482e+02
9.361769e-01 -9.267841e-02 3.390923e-01 4.086578e+01 1.098943e-01 9.934318e-01 -3.188167e-02 -5.346426e+00 -3.339103e-01 6.711120e-02 9.402127e-01 1.763243e+02
9.373840e-01 -9.337227e-02 3.355485e-01 4.113018e+01 1.109242e-01 9.932647e-01 -3.348314e-02 -5.379676e+00 -3.301621e-01 6.860702e-02 9.414277e-01 1.770976e+02
9.386725e-01 -9.286676e-02 3.320689e-01 4.138597e+01 1.099373e-01 9.933922e-01 -3.295098e-02 -5.418942e+00 -3.268146e-01 6.743694e-02 9.426794e-01 1.778793e+02
9.400082e-01 -9.025231e-02 3.289971e-01 4.164395e+01 1.065439e-01 9.937996e-01 -3.179180e-02 -5.459078e+00 -3.240879e-01 6.493718e-02 9.437956e-01 1.786844e+02
9.412554e-01 -9.045440e-02 3.253555e-01 4.190533e+01 1.060998e-01 9.938836e-01 -3.063065e-02 -5.493668e+00 -3.205949e-01 6.335141e-02 9.450955e-01 1.794813e+02
9.427875e-01 -8.973429e-02 3.210910e-01 4.216392e+01 1.050623e-01 9.939918e-01 -3.069616e-02 -5.531761e+00 -3.164074e-01 6.267451e-02 9.465507e-01 1.802874e+02
9.437151e-01 -8.953805e-02 3.184096e-01 4.241896e+01 1.045369e-01 9.940594e-01 -3.029723e-02 -5.568349e+00 -3.138053e-01 6.187752e-02 9.474689e-01 1.811009e+02
9.448751e-01 -8.861689e-02 3.152112e-01 4.268452e+01 1.036308e-01 9.941276e-01 -3.115900e-02 -5.603639e+00 -3.105989e-01 6.210695e-02 9.485099e-01 1.819324e+02
9.461082e-01 -8.753755e-02 3.117955e-01 4.295048e+01 1.023740e-01 9.942470e-01 -3.150433e-02 -5.642213e+00 -3.072439e-01 6.172625e-02 9.496268e-01 1.827624e+02
9.470854e-01 -8.649045e-02 3.091094e-01 4.320438e+01 1.014055e-01 9.943147e-01 -3.248343e-02 -5.683565e+00 -3.045425e-01 6.210997e-02 9.504716e-01 1.836040e+02
9.483148e-01 -8.695283e-02 3.051855e-01 4.345856e+01 1.017880e-01 9.942584e-01 -3.300759e-02 -5.720687e+00 -3.005632e-01 6.236580e-02 9.517207e-01 1.844388e+02
9.496322e-01 -8.785917e-02 3.007980e-01 4.371603e+01 1.026273e-01 9.941516e-01 -3.362020e-02 -5.760905e+00 -2.960849e-01 6.279692e-02 9.530951e-01 1.852746e+02
9.510871e-01 -8.635593e-02 2.966074e-01 4.396670e+01 1.012514e-01 9.942380e-01 -3.520002e-02 -5.800538e+00 -2.918586e-01 6.351021e-02 9.543506e-01 1.861045e+02
9.522453e-01 -8.458333e-02 2.933845e-01 4.420560e+01 9.959377e-02 9.943556e-01 -3.657928e-02 -5.841534e+00 -2.886345e-01 6.405172e-02 9.552944e-01 1.869364e+02
9.535557e-01 -8.157355e-02 2.899608e-01 4.444351e+01 9.638077e-02 9.946516e-01 -3.713319e-02 -5.882360e+00 -2.853809e-01 6.335520e-02 9.563179e-01 1.877667e+02
9.546132e-01 -8.095088e-02 2.866368e-01 4.468209e+01 9.565778e-02 9.947017e-01 -3.765810e-02 -5.923138e+00 -2.820697e-01 6.336796e-02 9.572989e-01 1.885985e+02
9.556726e-01 -8.016357e-02 2.833085e-01 4.491653e+01 9.443736e-02 9.948405e-01 -3.706639e-02 -5.968735e+00 -2.788754e-01 6.217824e-02 9.583123e-01 1.894332e+02
9.566224e-01 -8.116514e-02 2.797959e-01 4.515710e+01 9.504336e-02 9.948084e-01 -3.637239e-02 -6.012246e+00 -2.753912e-01 6.138739e-02 9.593703e-01 1.902645e+02
9.572411e-01 -8.122973e-02 2.776529e-01 4.538848e+01 9.503029e-02 9.948017e-01 -3.659039e-02 -6.055665e+00 -2.732374e-01 6.141126e-02 9.599844e-01 1.911148e+02
9.578173e-01 -8.249622e-02 2.752823e-01 4.563528e+01 9.642045e-02 9.946373e-01 -3.741380e-02 -6.099099e+00 -2.707196e-01 6.237843e-02 9.606351e-01 1.919778e+02
9.580996e-01 -8.126781e-02 2.746648e-01 4.586538e+01 9.558308e-02 9.946525e-01 -3.911997e-02 -6.142560e+00 -2.700168e-01 6.373414e-02 9.607439e-01 1.928303e+02
9.582721e-01 -8.068093e-02 2.742355e-01 4.609553e+01 9.504677e-02 9.946894e-01 -3.948504e-02 -6.186167e+00 -2.695935e-01 6.390262e-02 9.608516e-01 1.936733e+02
9.580897e-01 -8.225712e-02 2.744047e-01 4.632498e+01 9.684299e-02 9.944950e-01 -4.001378e-02 -6.229644e+00 -2.696027e-01 6.491097e-02 9.607814e-01 1.944982e+02
9.578179e-01 -8.138710e-02 2.756103e-01 4.655063e+01 9.573815e-02 9.946423e-01 -3.899948e-02 -6.270501e+00 -2.709596e-01 6.374082e-02 9.604780e-01 1.953220e+02
9.574343e-01 -8.145147e-02 2.769210e-01 4.678084e+01 9.538322e-02 9.947455e-01 -3.719358e-02 -6.320950e+00 -2.724365e-01 6.202403e-02 9.601726e-01 1.961503e+02
9.570496e-01 -8.341348e-02 2.776659e-01 4.701282e+01 9.704435e-02 9.946399e-01 -3.568993e-02 -6.366265e+00 -2.732006e-01 6.110294e-02 9.600145e-01 1.969777e+02
9.566978e-01 -8.693404e-02 2.777982e-01 4.725029e+01 1.006651e-01 9.942859e-01 -3.552492e-02 -6.410696e+00 -2.731225e-01 6.195119e-02 9.599824e-01 1.978031e+02
