1.000000e+00 0.000000e+00 0.000000e+00 0.000000e+00 0.000000e+00 1.000000e+00 0.000000e+00 0.000000e+00 0.000000e+00 0.000000e+00 1.000000e+00 0.000000e+00
9.999953e-01 2.875198e-03 1.018492e-03 -1.803337e-02 -2.875486e-03 9.999958e-01 2.809959e-04 -2.213504e-03 -1.017680e-03 -2.839233e-04 9.999994e-01 5.610310e-01
9.999986e-01 1.649299e-03 -4.219497e-05 -7.309237e-03 -1.649264e-03 9.999983e-01 8.217610e-04 -9.389858e-05 4.355022e-05 -8.216903e-04 9.999997e-01 1.122749e+00
9.999993e-01 7.449667e-04 -8.758427e-04 3.353101e-04 -7.429857e-04 9.999972e-01 2.259954e-03 1.730689e-03 8.775238e-04 -2.259301e-03 9.999971e-01 1.704620e+00
9.999937e-01 3.542959e-03 -3.041097e-04 -1.394319e-02 -3.541586e-03 9.999840e-01 4.404653e-03 -8.754603e-05 3.197103e-04 -4.403548e-03 9.999903e-01 2.308169e+00
9.999968e-01 2.473097e-03 -5.456671e-04 -1.166265e-02 -2.470089e-03 9.999821e-01 5.444565e-03 1.639643e-03 5.591223e-04 -5.443199e-03 9.999850e-01 2.922282e+00
9.999954e-01 3.026357e-03 3.042405e-04 -2.294114e-02 -3.028351e-03 9.999724e-01 6.782934e-03 1.807549e-03 -2.837045e-04 -6.783824e-03 9.999769e-01 3.566499e+00
9.999955e-01 2.915207e-03 6.920265e-04 -3.100945e-02 -2.920015e-03 9.999709e-01 7.052015e-03 4.717425e-03 -6.714483e-04 -7.054004e-03 9.999749e-01 4.223677e+00
9.999981e-01 1.165531e-03 1.570684e-03 -3.497055e-02 -1.177787e-03 9.999687e-01 7.824217e-03 1.282923e-02 -1.561516e-03 -7.826052e-03 9.999682e-01 4.901762e+00
9.999926e-01 2.842700e-03 2.584623e-03 -4.939272e-02 -2.865769e-03 9.999557e-01 8.966040e-03 1.137702e-02 -2.559021e-03 -8.973380e-03 9.999565e-01 5.585700e+00
9.999966e-01 1.392864e-03 2.226338e-03 -4.882985e-02 -1.410591e-03 9.999672e-01 7.980844e-03 1.611225e-02 -2.215149e-03 -7.983957e-03 9.999657e-01 6.296197e+00
9.999985e-01 8.836424e-04 1.518539e-03 -4.365332e-02 -8.904852e-04 9.999894e-01 4.511413e-03 2.005741e-02 -1.514537e-03 -4.512758e-03 9.999887e-01 7.024375e+00
9.999955e-01 2.501298e-03 1.682165e-03 -5.069395e-02 -2.500824e-03 9.999968e-01 -2.839123e-04 1.963559e-02 -1.682870e-03 2.797042e-04 9.999985e-01 7.738281e+00
9.999671e-01 7.955653e-03 1.594894e-03 -6.004077e-02 -7.953110e-03 9.999671e-01 -1.594450e-03 2.063948e-02 -1.607526e-03 1.581713e-03 9.999975e-01 8.447602e+00
9.999193e-01 1.226011e-02 3.328376e-03 -7.757390e-02 -1.226062e-02 9.999248e-01 1.298962e-04 1.913480e-02 -3.326533e-03 -1.706937e-04 9.999945e-01 9.175989e+00
9.998574e-01 1.639250e-02 4.048910e-03 -8.537525e-02 -1.640925e-02 9.998568e-01 4.137746e-03 1.677732e-02 -3.980502e-03 -4.203596e-03 9.999832e-01 9.937535e+00
9.997877e-01 2.017038e-02 4.202590e-03 -9.222022e-02 -2.018998e-02 9.997852e-01 4.674607e-03 1.719790e-02 -4.107399e-03 -4.758465e-03 9.999802e-01 1.071220e+01
9.997720e-01 2.085744e-02 4.579792e-03 -9.622125e-02 -2.088294e-02 9.997663e-01 5.591394e-03 1.267912e-02 -4.462100e-03 -5.685758e-03 9.999739e-01 1.149154e+01
9.997115e-01 2.354896e-02 4.724068e-03 -1.020541e-01 -2.357002e-02 9.997123e-01 4.452669e-03 8.881804e-03 -4.617853e-03 -4.562731e-03 9.999789e-01 1.227700e+01
9.996974e-01 2.416262e-02 4.608465e-03 -1.025683e-01 -2.417943e-02 9.997010e-01 3.629410e-03 7.730823e-03 -4.519391e-03 -3.739742e-03 9.999828e-01 1.308506e+01
9.996896e-01 2.424556e-02 5.739048e-03 -1.141401e-01 -2.426688e-02 9.996988e-01 3.676163e-03 1.830740e-03 -5.648189e-03 -3.814291e-03 9.999768e-01 1.389420e+01
9.996038e-01 2.746237e-02 6.167417e-03 -1.205336e-01 -2.749355e-02 9.996093e-01 5.028642e-03 -3.578913e-03 -6.026909e-03 -5.196214e-03 9.999683e-01 1.471621e+01
9.995092e-01 3.050042e-02 7.141296e-03 -1.320778e-01 -3.053539e-02 9.995220e-01 4.840878e-03 -9.734907e-03 -6.990233e-03 -5.056565e-03 9.999628e-01 1.555703e+01
9.995360e-01 2.951007e-02 7.549266e-03 -1.356004e-01 -2.953136e-02 9.995601e-01 2.723894e-03 -1.558008e-02 -7.465563e-03 -2.945571e-03 9.999678e-01 1.640025e+01
9.995055e-01 3.040981e-02 8.005440e-03 -1.388683e-01 -3.041605e-02 9.995371e-01 6.588552e-04 -1.975718e-02 -7.981699e-03 -9.020232e-04 9.999677e-01 1.723187e+01
9.992890e-01 3.668752e-02 8.687532e-03 -1.527399e-01 -3.670064e-02 9.993254e-01 1.354719e-03 -2.636552e-02 -8.631970e-03 -1.672594e-03 9.999613e-01 1.805577e+01
9.992890e-01 3.662871e-02 8.940333e-03 -1.497440e-01 -3.666053e-02 9.993219e-01 3.421665e-03 -3.485693e-02 -8.808939e-03 -3.746989e-03 9.999542e-01 1.887596e+01
9.991027e-01 4.111098e-02 1.018684e-02 -1.651469e-01 -4.115968e-02 9.991419e-01 4.617839e-03 -3.717213e-02 -9.988251e-03 -5.032982e-03 9.999375e-01 1.972093e+01
9.991256e-01 4.062467e-02 9.880085e-03 -1.539361e-01 -4.069267e-02 9.991487e-01 6.781696e-03 -4.122668e-02 -9.596170e-03 -7.177813e-03 9.999282e-01 2.056021e+01
9.991625e-01 3.964816e-02 1.011588e-02 -1.516418e-01 -3.972785e-02 9.991801e-01 7.802171e-03 -4.627633e-02 -9.798239e-03 -8.197519e-03 9.999184e-01 2.142359e+01
9.992387e-01 3.768243e-02 1.010321e-02 -1.448771e-01 -3.777757e-02 9.992420e-01 9.397489e-03 -4.841218e-02 -9.741435e-03 -9.772010e-03 9.999048e-01 2.228585e+01
9.993393e-01 3.508451e-02 9.493003e-03 -1.328184e-01 -3.517586e-02 9.993347e-01 9.633777e-03 -4.669478e-02 -9.148691e-03 -9.961337e-03 9.999085e-01 2.313214e+01
9.994133e-01 3.307160e-02 8.907476e-03 -1.210246e-01 -3.314521e-02 9.994165e-01 8.246783e-03 -4.951576e-02 -8.629544e-03 -8.537185e-03 9.999263e-01 2.399192e+01
9.994203e-01 3.294724e-02 8.571987e-03 -1.163137e-01 -3.298270e-02 9.994478e-01 4.028641e-03 -5.302900e-02 -8.434521e-03 -4.309033e-03 9.999551e-01 2.485543e+01
9.995669e-01 2.831740e-02 8.003401e-03 -1.038217e-01 -2.832915e-02 9.995977e-01 1.358289e-03 -5.459615e-02 -7.961719e-03 -1.584431e-03 9.999670e-01 2.568644e+01
9.996369e-01 2.581204e-02 7.738389e-03 -9.818493e-02 -2.583568e-02 9.996618e-01 2.970693e-03 -5.992003e-02 -7.659092e-03 -3.169541e-03 9.999656e-01 2.646919e+01
9.997016e-01 2.304547e-02 8.102386e-03 -9.813112e-02 -2.312656e-02 9.996819e-01 1.006036e-02 -6.904813e-02 -7.867963e-03 -1.024474e-02 9.999166e-01 2.725228e+01
9.997278e-01 2.189946e-02 8.046636e-03 -1.112569e-01 -2.202146e-02 9.996389e-01 1.539989e-02 -7.248641e-02 -7.706481e-03 -1.557290e-02 9.998490e-01 2.807950e+01
9.998502e-01 1.606636e-02 6.438566e-03 -1.114322e-01 -1.616834e-02 9.997395e-01 1.611223e-02 -7.217577e-02 -6.178024e-03 -1.621392e-02 9.998495e-01 2.891664e+01
9.998965e-01 1.400161e-02 3.310513e-03 -1.118739e-01 -1.404782e-02 9.997980e-01 1.437469e-02 -7.204235e-02 -3.108575e-03 -1.441970e-02 9.998912e-01 2.974556e+01
9.999307e-01 1.173659e-02 -8.856892e-04 -1.175049e-01 -1.172288e-02 9.998312e-01 1.414965e-02 -7.130048e-02 1.051608e-03 -1.413828e-02 9.998995e-01 3.055625e+01
9.999025e-01 1.210561e-02 -6.962207e-03 -1.320660e-01 -1.200072e-02 9.998168e-01 1.491469e-02 -6.604804e-02 7.141482e-03 -1.482968e-02 9.998645e-01 3.136444e+01
9.997737e-01 1.751095e-02 -1.207597e-02 -1.787326e-01 -1.729501e-02 9.996927e-01 1.776039e-02 -5.996664e-02 1.238326e-02 -1.754751e-02 9.997693e-01 3.219432e+01
9.996009e-01 2.019129e-02 -1.975537e-02 -2.169155e-01 -1.976704e-02 9.995747e-01 2.144004e-02 -5.476074e-02 2.017987e-02 -2.104098e-02 9.995749e-01 3.300944e+01
9.992998e-01 2.285437e-02 -2.962484e-02 -2.573192e-01 -2.213872e-02 9.994604e-01 2.426406e-02 -4.760336e-02 3.016339e-02 -2.359121e-02 9.992665e-01 3.385107e+01
9.988360e-01 2.658422e-02 -4.024791e-02 -3.196243e-01 -2.554316e-02 9.993313e-01 2.616320e-02 -3.511601e-02 4.091653e-02 -2.510469e-02 9.988471e-01 3.469152e+01
9.981784e-01 2.845191e-02 -5.320122e-02 -3.869093e-01 -2.697686e-02 9.992370e-01 2.824156e-02 -2.342896e-02 5.396415e-02 -2.675492e-02 9.981844e-01 3.553886e+01
9.972515e-01 2.824914e-02 -6.849392e-02 -4.487628e-01 -2.623387e-02 9.992012e-01 3.014575e-02 -8.415643e-03 6.929080e-02 -2.826603e-02 9.971960e-01 3.638384e+01
9.960501e-01 3.313610e-02 -8.237801e-02 -5.552491e-01 -3.076489e-02 9.990796e-01 2.988944e-02 1.361793e-03 8.329261e-02 -2.723703e-02 9.961528e-01 3.724485e+01
9.945023e-01 3.636661e-02 -9.819717e-02 -6.618813e-01 -3.363054e-02 9.990025e-01 2.937643e-02 1.765298e-02 9.916754e-02 -2.591250e-02 9.947333e-01 3.810340e+01
9.926768e-01 3.717836e-02 -1.149369e-01 -7.659975e-01 -3.388477e-02 9.989609e-01 3.047844e-02 3.581962e-02 1.159506e-01 -2.636063e-02 9.929051e-01 3.894979e+01
9.906221e-01 3.803712e-02 -1.312288e-01 -8.940867e-01 -3.395303e-02 9.988711e-01 3.322104e-02 5.521300e-02 1.323443e-01 -2.845388e-02 9.907953e-01 3.980832e+01
9.884412e-01 3.815971e-02 -1.467235e-01 -1.040896e+00 -3.336015e-02 9.988291e-01 3.503516e-02 7.288660e-02 1.478887e-01 -2.973548e-02 9.885569e-01 4.067133e+01
9.858485e-01 3.760719e-02 -1.633662e-01 -1.186882e+00 -3.209447e-02 9.988271e-01 3.625474e-02 9.410350e-02 1.645380e-01 -3.049853e-02 9.858991e-01 4.152773e+01
9.829688e-01 3.729079e-02 -1.799493e-01 -1.354292e+00 -3.098144e-02 9.988070e-01 3.774681e-02 1.161852e-01 1.811423e-01 -3.152885e-02 9.829514e-01 4.240700e+01
9.799425e-01 3.932883e-02 -1.953609e-01 -1.546995e+00 -3.204568e-02 9.986735e-01 4.030355e-02 1.392506e-01 1.966868e-01 -3.323469e-02 9.799029e-01 4.327018e+01
9.765080e-01 4.085418e-02 -2.115728e-01 -1.753489e+00 -3.280601e-02 9.986034e-01 4.141267e-02 1.633119e-01 2.129692e-01 -3.349894e-02 9.764845e-01 4.414591e+01
9.727672e-01 4.272445e-02 -2.278124e-01 -1.972481e+00 -3.401239e-02 9.985371e-01 4.203374e-02 1.912363e-01 2.292750e-01 -3.314060e-02 9.727973e-01 4.500859e+01
9.687251e-01 4.459306e-02 -2.440968e-01 -2.209590e+00 -3.504664e-02 9.984465e-01 4.331573e-02 2.175711e-01 2.456491e-01 -3.340626e-02 9.687830e-01 4.585430e+01
9.641332e-01 4.694685e-02 -2.612341e-01 -2.451700e+00 -3.605515e-02 9.982751e-01 4.633355e-02 2.423603e-01 2.629587e-01 -3.525288e-02 9.641628e-01 4.671526e+01
9.591224e-01 4.680460e-02 -2.790941e-01 -2.701687e+00 -3.511759e-02 9.982900e-01 4.673155e-02 2.690706e-01 2.808041e-01 -3.502017e-02 9.591260e-01 4.757458e+01
9.541110e-01 4.868531e-02 -2.954691e-01 -2.983195e+00 -3.690908e-02 9.982910e-01 4.530677e-02 2.931597e-01 2.971700e-01 -3.232219e-02 9.542774e-01 4.841632e+01
9.488384e-01 4.864366e-02 -3.119929e-01 -3.270793e+00 -3.695067e-02 9.983792e-01 4.328496e-02 3.267251e-01 3.135928e-01 -2.954209e-02 9.490979e-01 4.925135e+01
9.433194e-01 5.221775e-02 -3.277527e-01 -3.570980e+00 -3.955047e-02 9.981947e-01 4.520101e-02 3.594370e-01 3.295213e-01 -2.967622e-02 9.436816e-01 5.006765e+01
9.377940e-01 5.677855e-02 -3.425179e-01 -3.882172e+00 -4.284506e-02 9.979224e-01 4.811644e-02 3.861971e-01 3.445383e-01 -3.044811e-02 9.382784e-01 5.086416e+01
9.322288e-01 5.915590e-02 -3.570015e-01 -4.205091e+00 -4.414260e-02 9.977700e-01 5.006418e-02 4.196318e-01 3.591669e-01 -3.091229e-02 9.327612e-01 5.166329e+01
9.265711e-01 6.010991e-02 -3.712852e-01 -4.545033e+00 -4.423178e-02 9.977114e-01 5.114250e-02 4.527346e-01 3.735097e-01 -3.096456e-02 9.271093e-01 5.248636e+01
9.204658e-01 6.240836e-02 -3.858082e-01 -4.892994e+00 -4.617123e-02 9.976196e-01 5.121915e-02 4.874222e-01 3.880863e-01 -2.933224e-02 9.211561e-01 5.329944e+01
9.151170e-01 6.566325e-02 -3.978056e-01 -5.255442e+00 -4.851687e-02 9.974137e-01 5.302795e-02 5.231042e-01 4.002587e-01 -2.922649e-02 9.159360e-01 5.408409e+01
9.097582e-01 6.874865e-02 -4.094065e-01 -5.629697e+00 -5.008878e-02 9.971656e-01 5.614249e-02 5.590620e-01 4.121058e-01 -3.056942e-02 9.106231e-01 5.488630e+01
9.047717e-01 7.334281e-02 -4.195342e-01 -6.019108e+00 -5.342749e-02 9.968247e-01 5.904227e-02 5.965557e-01 4.225324e-01 -3.100512e-02 9.058174e-01 5.569423e+01
9.001365e-01 7.678750e-02 -4.287867e-01 -6.413729e+00 -5.672960e-02 9.966219e-01 5.938551e-02 6.387395e-01 4.318983e-01 -2.913016e-02 9.014518e-01 5.649572e+01
8.964680e-01 7.871222e-02 -4.360614e-01 -6.817456e+00 -5.969444e-02 9.965783e-01 5.716796e-02 6.786041e-01 4.390692e-01 -2.521881e-02 8.980993e-01 5.728225e+01
8.934277e-01 8.296999e-02 -4.414782e-01 -7.226875e+00 -6.449517e-02 9.963047e-01 5.672221e-02 7.162606e-01 4.445530e-01 -2.220398e-02 8.954773e-01 5.805277e+01
8.902325e-01 8.665638e-02 -4.471876e-01 -7.629631e+00 -6.765946e-02 9.960028e-01 5.831412e-02 7.550775e-01 4.504534e-01 -2.165665e-02 8.925372e-01 5.883125e+01
8.881852e-01 9.144539e-02 -4.502941e-01 -8.056626e+00 -7.116329e-02 9.955478e-01 6.180866e-02 7.935793e-01 4.539414e-01 -2.285313e-02 8.907384e-01 5.960644e+01
8.854155e-01 9.283517e-02 -4.554350e-01 -8.454929e+00 -7.129140e-02 9.953809e-01 6.429864e-02 8.263982e-01 4.593005e-01 -2.446241e-02 8.879441e-01 6.038489e+01
8.829120e-01 9.342851e-02 -4.601495e-01 -8.865755e+00 -7.197502e-02 9.953514e-01 6.399353e-02 8.638938e-01 4.639893e-01 -2.338138e-02 8.855322e-01 6.115966e+01
8.807268e-01 9.422038e-02 -4.641583e-01 -9.286055e+00 -7.411551e-02 9.953566e-01 6.141735e-02 9.049927e-01 4.677898e-01 -1.969058e-02 8.836204e-01 6.191627e+01
8.784905e-01 9.162834e-02 -4.688910e-01 -9.688697e+00 -7.247218e-02 9.956367e-01 5.878213e-02 9.475740e-01 4.722312e-01 -1.765799e-02 8.812979e-01 6.266479e+01
8.765983e-01 9.527810e-02 -4.716963e-01 -1.010243e+01 -7.721764e-02 9.953519e-01 5.755054e-02 9.838082e-01 4.749872e-01 -1.402543e-02 8.798810e-01 6.337073e+01
8.736142e-01 9.314093e-02 -4.776223e-01 -1.046322e+01 -7.398918e-02 9.955238e-01 5.880384e-02 1.010398e+00 4.809614e-01 -1.603299e-02 8.765952e-01 6.408633e+01
8.715629e-01 9.221769e-02 -4.815330e-01 -1.087313e+01 -7.254406e-02 9.955970e-01 5.936239e-02 1.050334e+00 4.848871e-01 -1.680570e-02 8.744153e-01 6.482065e+01
8.693615e-01 9.307635e-02 -4.853322e-01 -1.128777e+01 -7.381733e-02 9.955429e-01 5.869702e-02 1.090634e+00 4.886323e-01 -1.520300e-02 8.723573e-01 6.554894e+01
8.672374e-01 9.135967e-02 -4.894413e-01 -1.168454e+01 -7.210478e-02 9.957036e-01 5.809725e-02 1.129771e+00 4.926462e-01 -1.509305e-02 8.700988e-01 6.625875e+01
8.658333e-01 9.172969e-02 -4.918520e-01 -1.211751e+01 -7.204027e-02 9.956627e-01 5.887333e-02 1.167430e+00 4.951191e-01 -1.554134e-02 8.686861e-01 6.698123e+01
8.640454e-01 9.192513e-02 -4.949498e-01 -1.254575e+01 -7.231421e-02 9.956543e-01 5.867845e-02 1.203053e+00 4.981929e-01 -1.490894e-02 8.669380e-01 6.772341e+01
8.627902e-01 9.602020e-02 -4.963599e-01 -1.297353e+01 -7.562594e-02 9.952639e-01 6.107690e-02 1.243618e+00 4.998737e-01 -1.515887e-02 8.659656e-01 6.843921e+01
8.616890e-01 9.609014e-02 -4.982557e-01 -1.338151e+01 -7.206362e-02 9.951279e-01 6.728581e-02 1.293852e+00 5.022937e-01 -2.207333e-02 8.644153e-01 6.915682e+01
8.609238e-01 9.546565e-02 -4.996965e-01 -1.380233e+01 -6.736957e-02 9.949788e-01 7.401739e-02 1.337008e+00 5.042535e-01 -3.005899e-02 8.630324e-01 6.989412e+01
8.599616e-01 9.534826e-02 -5.013729e-01 -1.421801e+01 -6.659762e-02 9.949582e-01 7.498637e-02 1.373364e+00 5.059949e-01 -3.109516e-02 8.619758e-01 7.061163e+01
8.589028e-01 9.349874e-02 -5.035314e-01 -1.466798e+01 -6.892552e-02 9.953524e-01 6.725273e-02 1.418445e+00 5.074792e-01 -2.305739e-02 8.613554e-01 7.135715e+01
8.583576e-01 8.945333e-02 -5.051933e-01 -1.509505e+01 -7.017817e-02 9.958987e-01 5.710385e-02 1.464204e+00 5.082295e-01 -1.356198e-02 8.611149e-01 7.204986e+01
8.580536e-01 8.473469e-02 -5.065215e-01 -1.550415e+01 -6.763114e-02 9.963487e-01 5.210866e-02 1.504553e+00 5.090875e-01 -1.045540e-02 8.606513e-01 7.275399e+01
8.580858e-01 8.386732e-02 -5.066113e-01 -1.589209e+01 -6.689527e-02 9.964224e-01 5.164786e-02 1.531812e+00 5.091304e-01 -1.042840e-02 8.606262e-01 7.341467e+01
8.584459e-01 8.668806e-02 -5.055253e-01 -1.629690e+01 -7.050937e-02 9.962016e-01 5.109597e-02 1.562789e+00 5.080345e-01 -8.218858e-03 8.612975e-01 7.406361e+01
8.593810e-01 8.772341e-02 -5.037548e-01 -1.669187e+01 -7.236601e-02 9.961235e-01 5.001118e-02 1.593332e+00 5.061891e-01 -6.523934e-03 8.623978e-01 7.469500e+01
8.600801e-01 8.788512e-02 -5.025321e-01 -1.706527e+01 -7.131098e-02 9.960898e-01 5.215253e-02 1.625803e+00 5.051505e-01 -9.019297e-03 8.629841e-01 7.532895e+01
8.608546e-01 8.947958e-02 -5.009219e-01 -1.745319e+01 -7.028864e-02 9.958910e-01 5.710192e-02 1.659301e+00 5.039731e-01 -1.394733e-02 8.636068e-01 7.598792e+01
8.614198e-01 9.268780e-02 -4.993644e-01 -1.784908e+01 -7.153604e-02 9.955474e-01 6.138311e-02 1.696292e+00 5.028304e-01 -1.715408e-02 8.642148e-01 7.664640e+01
8.613494e-01 9.517326e-02 -4.990183e-01 -1.825137e+01 -7.385382e-02 9.953181e-01 6.234985e-02 1.730840e+00 5.026160e-01 -1.685060e-02 8.643455e-01 7.731990e+01
8.610831e-01 9.573386e-02 -4.993706e-01 -1.866867e+01 -7.653222e-02 9.953291e-01 5.884627e-02 1.769247e+00 5.026716e-01 -1.245359e-02 8.643877e-01 7.800734e+01
8.603917e-01 9.269963e-02 -5.011316e-01 -1.906473e+01 -7.591146e-02 9.956596e-01 5.384552e-02 1.804967e+00 5.039480e-01 -8.286603e-03 8.636942e-01 7.868585e+01
8.594151e-01 8.857933e-02 -5.035468e-01 -1.944634e+01 -7.451812e-02 9.960620e-01 4.803628e-02 1.843496e+00 5.058189e-01 -3.759746e-03 8.626315e-01 7.935059e+01
8.586923e-01 9.055934e-02 -5.044269e-01 -1.983945e+01 -7.802512e-02 9.958911e-01 4.596833e-02 1.875112e+00 5.065171e-01 -1.146821e-04 8.622299e-01 7.997810e+01
8.570459e-01 9.653259e-02 -5.061163e-01 -2.023444e+01 -8.353525e-02 9.953295e-01 4.838450e-02 1.911157e+00 5.084232e-01 8.108101e-04 8.611070e-01 8.062789e+01
8.553530e-01 1.020758e-01 -5.078895e-01 -2.063821e+01 -8.686682e-02 9.947751e-01 5.363500e-02 1.950171e+00 5.107106e-01 -1.758120e-03 8.597509e-01 8.129442e+01
8.542183e-01 1.060753e-01 -5.089785e-01 -2.106985e+01 -8.884139e-02 9.943482e-01 5.812778e-02 1.990122e+00 5.122678e-01 -4.435459e-03 8.588143e-01 8.198687e+01
8.531797e-01 1.077152e-01 -5.103742e-01 -2.151634e+01 -9.067832e-02 9.941759e-01 5.823767e-02 2.030314e+00 5.136748e-01 -3.407327e-03 8.579782e-01 8.270857e+01
8.518218e-01 1.065041e-01 -5.128904e-01 -2.195975e+01 -9.108643e-02 9.943122e-01 5.519481e-02 2.077963e+00 5.158517e-01 -2.987807e-04 8.566779e-01 8.343883e+01
8.507896e-01 1.065043e-01 -5.146007e-01 -2.243084e+01 -9.316781e-02 9.943045e-01 5.175169e-02 2.127027e+00 5.171816e-01 3.914425e-03 8.558667e-01 8.417928e+01
8.488414e-01 1.058362e-01 -5.179449e-01 -2.288716e+01 -9.328385e-02 9.943677e-01 5.030830e-02 2.167973e+00 5.203522e-01 5.612128e-03 8.539333e-01 8.493469e+01
8.477669e-01 1.029554e-01 -5.202802e-01 -2.336016e+01 -9.028294e-02 9.946743e-01 4.971978e-02 2.208195e+00 5.226282e-01 4.821641e-03 8.525471e-01 8.569705e+01
8.466354e-01 9.978019e-02 -5.227354e-01 -2.387490e+01 -8.720685e-02 9.949999e-01 4.868404e-02 2.249421e+00 5.249794e-01 4.368474e-03 8.511037e-01 8.652063e+01
8.454751e-01 9.806595e-02 -5.249332e-01 -2.438011e+01 -8.649152e-02 9.951618e-01 4.660605e-02 2.287728e+00 5.269640e-01 5.998016e-03 8.498665e-01 8.730612e+01
8.438706e-01 9.450939e-02 -5.281575e-01 -2.492625e+01 -8.420701e-02 9.954943e-01 4.359255e-02 2.329395e+00 5.298977e-01 7.688089e-03 8.480267e-01 8.817409e+01
8.412114e-01 9.300829e-02 -5.326471e-01 -2.563659e+01 -8.336435e-02 9.956255e-01 4.219375e-02 2.382259e+00 5.342414e-01 8.909918e-03 8.452850e-01 8.931731e+01
8.391307e-01 9.132306e-02 -5.362088e-01 -2.615176e+01 -8.195248e-02 9.957783e-01 4.134338e-02 2.419732e+00 5.377207e-01 9.251139e-03 8.430723e-01 9.011605e+01
8.366558e-01 8.946256e-02 -5.403736e-01 -2.664567e+01 -7.992839e-02 9.959515e-01 4.113418e-02 2.458637e+00 5.418658e-01 8.776042e-03 8.404192e-01 9.088818e+01
8.346067e-01 9.237486e-02 -5.430456e-01 -2.716806e+01 -8.297749e-02 9.956727e-01 4.184096e-02 2.492502e+00 5.445607e-01 1.013982e-02 8.386601e-01 9.166656e+01
8.333962e-01 9.480544e-02 -5.444839e-01 -2.769543e+01 -8.608708e-02 9.954206e-01 4.155611e-02 2.529062e+00 5.459302e-01 1.224032e-02 8.377412e-01 9.244463e+01
8.318365e-01 9.362972e-02 -5.470663e-01 -2.821334e+01 -8.625472e-02 9.955006e-01 3.922491e-02 2.563308e+00 5.482775e-01 1.455834e-02 8.361698e-01 9.326071e+01
8.318030e-01 9.370326e-02 -5.471047e-01 -2.877039e+01 -8.873757e-02 9.954196e-01 3.557251e-02 2.599487e+00 5.479320e-01 1.895942e-02 8.363080e-01 9.409489e+01
8.314556e-01 9.481121e-02 -5.474417e-01 -2.927959e+01 -9.018342e-02 9.952957e-01 3.540409e-02 2.620083e+00 5.482231e-01 1.993323e-02 8.360946e-01 9.487571e+01
8.318421e-01 9.490164e-02 -5.468386e-01 -2.982717e+01 -8.888693e-02 9.953347e-01 3.752297e-02 2.648085e+00 5.478484e-01 1.739362e-02 8.363968e-01 9.571680e+01
8.330658e-01 9.484229e-02 -5.449828e-01 -3.038987e+01 -8.850127e-02 9.953534e-01 3.793553e-02 2.680058e+00 5.460484e-01 1.662888e-02 8.375886e-01 9.655892e+01
8.338947e-01 9.323025e-02 -5.439924e-01 -3.093217e+01 -8.786257e-02 9.954847e-01 3.592174e-02 2.706224e+00 5.448851e-01 1.784162e-02 8.383209e-01 9.739158e+01
8.345989e-01 8.960426e-02 -5.435216e-01 -3.146313e+01 -8.544826e-02 9.957974e-01 3.295667e-02 2.730383e+00 5.441904e-01 1.893737e-02 8.387480e-01 9.821439e+01
8.350437e-01 8.686742e-02 -5.432827e-01 -3.199725e+01 -8.336103e-02 9.960330e-01 3.113060e-02 2.755807e+00 5.438318e-01 1.929320e-02 8.389725e-01 9.904078e+01
8.362135e-01 8.369826e-02 -5.419793e-01 -3.256898e+01 -8.173804e-02 9.962677e-01 2.774169e-02 2.776708e+00 5.422784e-01 2.110235e-02 8.399338e-01 9.990559e+01
8.373928e-01 7.794356e-02 -5.410158e-01 -3.314347e+01 -7.778726e-02 9.967002e-01 2.319316e-02 2.793254e+00 5.410383e-01 2.266235e-02 8.406926e-01 1.007937e+02
8.376403e-01 8.049577e-02 -5.402584e-01 -3.365093e+01 -8.163891e-02 9.964217e-01 2.188524e-02 2.809183e+00 5.400868e-01 2.577415e-02 8.412145e-01 1.015669e+02
8.383273e-01 8.479674e-02 -5.385322e-01 -3.415391e+01 -8.323683e-02 9.961563e-01 2.727990e-02 2.827217e+00 5.387755e-01 2.195623e-02 8.421632e-01 1.023367e+02
8.387412e-01 9.540689e-02 -5.361069e-01 -3.468165e+01 -8.756000e-02 9.953499e-01 4.014695e-02 2.852604e+00 5.374443e-01 1.326863e-02 8.431949e-01 1.031346e+02
8.394417e-01 1.026703e-01 -5.336632e-01 -3.524404e+01 -9.058489e-02 9.946886e-01 4.887766e-02 2.884416e+00 5.358469e-01 7.311875e-03 8.442835e-01 1.040035e+02
8.398428e-01 1.089244e-01 -5.317890e-01 -3.582392e+01 -9.593174e-02 9.940235e-01 5.209934e-02 2.927906e+00 5.342856e-01 7.260184e-03 8.452728e-01 1.048941e+02
8.407102e-01 1.097730e-01 -5.302416e-01 -3.641658e+01 -9.798937e-02 9.939104e-01 5.039949e-02 2.969467e+00 5.325452e-01 9.586679e-03 8.463473e-01 1.058026e+02
8.420661e-01 1.021575e-01 -5.296117e-01 -3.701908e+01 -9.038585e-02 9.947414e-01 4.816631e-02 3.013936e+00 5.317472e-01 7.310184e-03 8.468716e-01 1.067725e+02
8.422941e-01 1.005722e-01 -5.295525e-01 -3.760244e+01 -9.133067e-02 9.948624e-01 4.367503e-02 3.051595e+00 5.312243e-01 1.157716e-02 8.471521e-01 1.076903e+02
8.427478e-01 9.766529e-02 -5.293748e-01 -3.816003e+01 -9.209512e-02 9.950637e-01 3.696857e-02 3.085338e+00 5.303722e-01 1.759765e-02 8.475822e-01 1.085705e+02
8.434847e-01 9.530433e-02 -5.286308e-01 -3.870188e+01 -9.334104e-02 9.951676e-01 3.047880e-02 3.111519e+00 5.289810e-01 2.363455e-02 8.483045e-01 1.094225e+02
8.438210e-01 1.006539e-01 -5.271004e-01 -3.922365e+01 -9.947870e-02 9.945670e-01 3.066747e-02 3.138192e+00 5.273235e-01 2.655741e-02 8.492495e-01 1.102295e+02
8.441441e-01 1.065707e-01 -5.254173e-01 -3.975417e+01 -1.035524e-01 9.939994e-01 3.524447e-02 3.164210e+00 5.260205e-01 2.465680e-02 8.501144e-01 1.110537e+02
8.452918e-01 1.075383e-01 -5.233711e-01 -4.027218e+01 -9.857472e-02 9.941092e-01 4.505477e-02 3.193976e+00 5.251331e-01 1.350674e-02 8.509129e-01 1.118888e+02
8.456971e-01 1.100650e-01 -5.221897e-01 -4.080157e+01 -9.551906e-02 9.939181e-01 5.479881e-02 3.230036e+00 5.250452e-01 3.535866e-03 8.510670e-01 1.127525e+02
8.460297e-01 1.070419e-01 -5.222794e-01 -4.134936e+01 -9.021886e-02 9.942532e-01 5.762982e-02 3.271045e+00 5.254467e-01 -1.637093e-03 8.508249e-01 1.136608e+02
8.461258e-01 1.020201e-01 -5.231282e-01 -4.191249e+01 -8.665349e-02 9.947823e-01 5.384539e-02 3.313535e+00 5.258920e-01 -2.290870e-04 8.505513e-01 1.145792e+02
8.470482e-01 9.705611e-02 -5.225797e-01 -4.247286e+01 -8.519685e-02 9.952667e-01 4.675056e-02 3.349473e+00 5.246436e-01 4.922170e-03 8.513077e-01 1.154576e+02
8.466673e-01 9.927456e-02 -5.227802e-01 -4.300977e+01 -9.109427e-02 9.949808e-01 4.141270e-02 3.378253e+00 5.242675e-01 1.255950e-02 8.514610e-01 1.162814e+02
8.466775e-01 9.985186e-02 -5.226536e-01 -4.353387e+01 -9.425829e-02 9.948462e-01 3.736867e-02 3.406058e+00 5.236912e-01 1.762522e-02 8.517258e-01 1.171074e+02
8.464320e-01 1.012476e-01 -5.227828e-01 -4.404722e+01 -9.796304e-02 9.946086e-01 3.401545e-02 3.439198e+00 5.234082e-01 2.242162e-02 8.517870e-01 1.179084e+02
8.461928e-01 1.032834e-01 -5.227718e-01 -4.454318e+01 -9.900919e-02 9.944277e-01 3.620510e-02 3.465892e+00 5.235981e-01 2.112271e-02 8.517035e-01 1.186987e+02
8.464942e-01 1.058777e-01 -5.217638e-01 -4.503993e+01 -9.676356e-02 9.942996e-01 4.477953e-02 3.490987e+00 5.235307e-01 1.258211e-02 8.519139e-01 1.194970e+02
8.460868e-01 1.076576e-01 -5.220604e-01 -4.554988e+01 -9.550769e-02 9.941608e-01 5.022625e-02 3.521891e+00 5.244192e-01 7.365012e-03 8.514284e-01 1.203371e+02
8.463533e-01 1.060182e-01 -5.219638e-01 -4.608847e+01 -9.216114e-02 9.943575e-01 5.253056e-02 3.563426e+00 5.245878e-01 3.645358e-03 8.513486e-01 1.212076e+02
8.460336e-01 1.045827e-01 -5.227712e-01 -4.664358e+01 -9.208209e-02 9.944987e-01 4.993168e-02 3.603346e+00 5.251172e-01 5.893987e-03 8.510095e-01 1.220925e+02
8.460099e-01 1.006200e-01 -5.235865e-01 -4.719930e+01 -8.950103e-02 9.948970e-01 4.657831e-02 3.644892e+00 5.256014e-01 7.455824e-03 8.506983e-01 1.229913e+02
8.451458e-01 9.819864e-02 -5.254385e-01 -4.773707e+01 -8.750095e-02 9.951367e-01 4.523842e-02 3.679870e+00 5.273255e-01 7.743306e-03 8.496281e-01 1.238700e+02
8.444954e-01 1.007705e-01 -5.259970e-01 -4.829824e+01 -8.827200e-02 9.948964e-01 4.888041e-02 3.718650e+00 5.282382e-01 5.151525e-03 8.490806e-01 1.247587e+02
8.445263e-01 1.020859e-01 -5.256937e-01 -4.884754e+01 -8.732737e-02 9.947748e-01 5.288676e-02 3.758075e+00 5.283458e-01 1.243183e-03 8.490284e-01 1.256265e+02
8.439969e-01 1.061986e-01 -5.257291e-01 -4.940975e+01 -9.262242e-02 9.943340e-01 5.216351e-02 3.805347e+00 5.282900e-01 4.668464e-03 8.490512e-01 1.264899e+02
8.432824e-01 1.078875e-01 -5.265313e-01 -4.996074e+01 -9.767648e-02 9.940957e-01 4.725579e-02 3.845901e+00 5.285207e-01 1.157974e-02 8.488414e-01 1.273494e+02
8.430649e-01 1.073965e-01 -5.269797e-01 -5.048967e+01 -9.921060e-02 9.940987e-01 4.387600e-02 3.882722e+00 5.285820e-01 1.529166e-02 8.487445e-01 1.281755e+02
8.425774e-01 1.085824e-01 -5.275161e-01 -5.099346e+01 -9.973063e-02 9.939826e-01 4.530342e-02 3.914820e+00 5.292609e-01 1.443787e-02 8.483363e-01 1.289793e+02
8.417893e-01 1.093349e-01 -5.286176e-01 -5.150903e+01 -9.830102e-02 9.939476e-01 4.904197e-02 3.945101e+00 5.307802e-01 1.068064e-02 8.474422e-01 1.298123e+02
8.409776e-01 1.075339e-01 -5.302765e-01 -5.204808e+01 -9.650885e-02 9.941475e-01 4.854605e-02 3.980516e+00 5.323934e-01 1.035024e-02 8.464338e-01 1.306846e+02
8.413091e-01 1.031936e-01 -5.306129e-01 -5.259217e+01 -9.226563e-02 9.946178e-01 4.714230e-02 4.021190e+00 5.326218e-01 9.296084e-03 8.463023e-01 1.315525e+02
8.410298e-01 1.051274e-01 -5.306761e-01 -5.314312e+01 -9.413652e-02 9.944109e-01 4.780360e-02 4.058925e+00 5.327356e-01 9.751753e-03 8.462256e-01 1.324089e+02
8.402725e-01 1.066323e-01 -5.315747e-01 -5.370147e+01 -9.536553e-02 9.942505e-01 4.869719e-02 4.091670e+00 5.337111e-01 9.774996e-03 8.456104e-01 1.332985e+02
8.392966e-01 1.075668e-01 -5.329264e-01 -5.429054e+01 -9.708928e-02 9.941294e-01 4.775259e-02 4.129586e+00 5.349345e-01 1.166286e-02 8.448131e-01 1.342194e+02
8.394287e-01 1.103581e-01 -5.321472e-01 -5.532869e+01 -1.002976e-01 9.938045e-01 4.788457e-02 4.194836e+00 5.341347e-01 1.317742e-02 8.452967e-01 1.357812e+02
8.390918e-01 1.147118e-01 -5.317576e-01 -5.588061e+01 -1.025402e-01 9.933434e-01 5.248181e-02 4.229047e+00 5.342382e-01 1.048947e-02 8.452689e-01 1.366315e+02
8.392012e-01 1.166586e-01 -5.311610e-01 -5.645645e+01 -1.040238e-01 9.931204e-01 5.376733e-02 4.267536e+00 5.337793e-01 1.013178e-02 8.455631e-01 1.375005e+02
8.392317e-01 1.160612e-01 -5.312438e-01 -5.700646e+01 -1.048218e-01 9.931626e-01 5.138482e-02 4.303159e+00 5.335752e-01 1.256218e-02 8.456593e-01 1.383381e+02
8.390720e-01 1.137369e-01 -5.319982e-01 -5.756675e+01 -1.043073e-01 9.933926e-01 4.786500e-02 4.339536e+00 5.339271e-01 1.532910e-02 8.453915e-01 1.392044e+02
8.390963e-01 1.152243e-01 -5.316397e-01 -5.810353e+01 -1.057287e-01 9.932169e-01 4.839026e-02 4.375920e+00 5.336093e-01 1.560547e-02 8.455872e-01 1.400291e+02
8.385182e-01 1.204355e-01 -5.313967e-01 -5.866047e+01 -1.098165e-01 9.926075e-01 5.167900e-02 4.411640e+00 5.336923e-01 1.502234e-02 8.455453e-01 1.408912e+02
8.392227e-01 1.233065e-01 -5.296232e-01 -5.925272e+01 -1.129042e-01 9.922386e-01 5.210826e-02 4.452935e+00 5.319378e-01 1.606622e-02 8.466310e-01 1.417648e+02
8.391748e-01 1.205130e-01 -5.303417e-01 -5.981901e+01 -1.114964e-01 9.925502e-01 4.911977e-02 4.489525e+00 5.323103e-01 1.791109e-02 8.463598e-01 1.426530e+02
8.395836e-01 1.172848e-01 -5.304184e-01 -6.037364e+01 -1.098753e-01 9.928975e-01 4.562871e-02 4.529884e+00 5.320027e-01 1.997077e-02 8.465071e-01 1.435066e+02
8.397053e-01 1.158064e-01 -5.305505e-01 -6.087844e+01 -1.090477e-01 9.930547e-01 4.416943e-02 4.563992e+00 5.319808e-01 2.076602e-02 8.465018e-01 1.442947e+02
8.398852e-01 1.141912e-01 -5.306159e-01 -6.137195e+01 -1.059592e-01 9.933038e-01 4.604653e-02 4.588339e+00 5.323208e-01 1.754983e-02 8.463608e-01 1.450778e+02
8.402481e-01 1.131996e-01 -5.302537e-01 -6.187944e+01 -1.039701e-01 9.934535e-01 4.733175e-02 4.618327e+00 5.321404e-01 1.536014e-02 8.465168e-01 1.458734e+02
8.407169e-01 1.121836e-01 -5.297263e-01 -6.235894e+01 -1.018577e-01 9.936030e-01 4.876563e-02 4.645390e+00 5.318083e-01 1.295863e-02 8.467656e-01 1.466257e+02
8.415480e-01 1.110075e-01 -5.286533e-01 -6.284273e+01 -9.898779e-02 9.937758e-01 5.109892e-02 4.678242e+00 5.310352e-01 9.328027e-03 8.472984e-01 1.473921e+02
8.418669e-01 1.129322e-01 -5.277370e-01 -6.334066e+01 -1.003327e-01 9.935646e-01 5.256162e-02 4.709372e+00 5.302767e-01 8.699374e-03 8.477800e-01 1.481613e+02
8.419309e-01 1.100857e-01 -5.282362e-01 -6.381873e+01 -9.869731e-02 9.938698e-01 4.981587e-02 4.737767e+00 5.304820e-01 1.019397e-02 8.476349e-01 1.489373e+02
8.419410e-01 1.054389e-01 -5.291672e-01 -6.428397e+01 -9.601556e-02 9.943457e-01 4.536049e-02 4.769504e+00 5.309579e-01 1.261743e-02 8.473043e-01 1.497086e+02
8.430026e-01 1.069140e-01 -5.271773e-01 -6.476134e+01 -9.806056e-02 9.941709e-01 4.481498e-02 4.803134e+00 5.288957e-01 1.391616e-02 8.485727e-01 1.504594e+02
8.437490e-01 1.126487e-01 -5.247837e-01 -6.524396e+01 -1.022190e-01 9.935580e-01 4.892661e-02 4.832035e+00 5.269145e-01 1.236106e-02 8.498284e-01 1.512298e+02
8.454217e-01 1.141763e-01 -5.217528e-01 -6.576699e+01 -1.029418e-01 9.934002e-01 5.058625e-02 4.860262e+00 5.240851e-01 1.094348e-02 8.515956e-01 1.520679e+02
8.483240e-01 1.164351e-01 -5.165164e-01 -6.633544e+01 -1.072636e-01 9.930859e-01 4.769598e-02 4.900081e+00 5.184986e-01 1.494176e-02 8.549479e-01 1.529360e+02
8.519826e-01 1.179256e-01 -5.101168e-01 -6.684883e+01 -1.099017e-01 9.928787e-01 4.597274e-02 4.949429e+00 5.119055e-01 1.689472e-02 8.588756e-01 1.537455e+02
8.553317e-01 1.209514e-01 -5.037642e-01 -6.731986e+01 -1.108783e-01 9.925727e-01 5.005391e-02 4.978401e+00 5.060767e-01 1.304379e-02 8.623898e-01 1.545328e+02
8.593179e-01 1.229273e-01 -4.964490e-01 -6.776985e+01 -1.117583e-01 9.923595e-01 5.227549e-02 4.994387e+00 4.990820e-01 1.056105e-02 8.664904e-01 1.552743e+02
8.634695e-01 1.196432e-01 -4.900061e-01 -6.816767e+01 -1.097739e-01 9.927502e-01 4.895736e-02 5.016665e+00 4.923111e-01 1.151668e-02 8.703431e-01 1.559794e+02
8.674960e-01 1.151319e-01 -4.839373e-01 -6.853145e+01 -1.075805e-01 9.932463e-01 4.345328e-02 5.041785e+00 4.856718e-01 1.436668e-02 8.740232e-01 1.566558e+02
8.724847e-01 1.104363e-01 -4.759982e-01 -6.887004e+01 -1.035765e-01 9.937877e-01 4.071730e-02 5.059451e+00 4.775378e-01 1.377700e-02 8.785032e-01 1.572879e+02
8.773384e-01 1.073360e-01 -4.677139e-01 -6.919428e+01 -1.003555e-01 9.941512e-01 3.990135e-02 5.075377e+00 4.692612e-01 1.193069e-02 8.829788e-01 1.579055e+02
8.826294e-01 1.031065e-01 -4.586223e-01 -6.949714e+01 -9.557471e-02 9.946313e-01 3.967510e-02 5.090190e+00 4.602508e-01 8.814282e-03 8.877452e-01 1.585048e+02
8.881168e-01 1.018200e-01 -4.481977e-01 -6.980370e+01 -9.380799e-02 9.947821e-01 4.010790e-02 5.099858e+00 4.499429e-01 6.424032e-03 8.930342e-01 1.591028e+02
8.928907e-01 9.723220e-02 -4.396499e-01 -7.008036e+01 -8.933442e-02 9.952504e-01 3.867740e-02 5.112651e+00 4.413225e-01 4.741179e-03 8.973360e-01 1.597015e+02
8.976660e-01 9.361188e-02 -4.306188e-01 -7.036210e+01 -8.741701e-02 9.955846e-01 3.420023e-02 5.122448e+00 4.319190e-01 6.943024e-03 9.018857e-01 1.603024e+02
9.024458e-01 9.378272e-02 -4.204717e-01 -7.063060e+01 -8.918571e-02 9.955439e-01 3.063119e-02 5.129010e+00 4.214707e-01 9.857078e-03 9.067884e-01 1.608656e+02
9.067629e-01 9.158361e-02 -4.115745e-01 -7.087610e+01 -8.883031e-02 9.957111e-01 2.585871e-02 5.138721e+00 4.121775e-01 1.311257e-02 9.110092e-01 1.614090e+02
9.105740e-01 8.757966e-02 -4.039613e-01 -7.110047e+01 -8.592853e-02 9.960527e-01 2.225382e-02 5.142297e+00 4.043158e-01 1.444805e-02 9.145053e-01 1.619363e+02
9.142022e-01 8.893480e-02 -3.953796e-01 -7.131587e+01 -8.803575e-02 9.959072e-01 2.045714e-02 5.144642e+00 3.955807e-01 1.610558e-02 9.182900e-01 1.624321e+02
9.167456e-01 9.499469e-02 -3.880121e-01 -7.152105e+01 -9.533902e-02 9.952746e-01 1.841223e-02 5.142905e+00 3.879277e-01 2.011336e-02 9.214703e-01 1.629035e+02
9.193374e-01 9.620759e-02 -3.815271e-01 -7.172826e+01 -9.794973e-02 9.950798e-01 1.490164e-02 5.145061e+00 3.810835e-01 2.367083e-02 9.242375e-01 1.633722e+02
9.208791e-01 9.580950e-02 -3.778917e-01 -7.191614e+01 -9.715488e-02 9.951478e-01 1.555129e-02 5.148345e+00 3.775481e-01 2.239317e-02 9.257192e-01 1.638330e+02
9.217235e-01 9.457620e-02 -3.761397e-01 -7.210553e+01 -9.420853e-02 9.953631e-01 1.941684e-02 5.151600e+00 3.762320e-01 1.753861e-02 9.263595e-01 1.642992e+02
9.207652e-01 9.790167e-02 -3.776330e-01 -7.230819e+01 -9.666013e-02 9.950678e-01 2.229019e-02 5.152494e+00 3.779527e-01 1.597802e-02 9.256870e-01 1.647730e+02
9.186423e-01 1.017206e-01 -3.817711e-01 -7.252213e+01 -1.003549e-01 9.946731e-01 2.354438e-02 5.155213e+00 3.821324e-01 1.668373e-02 9.239570e-01 1.652532e+02
9.149024e-01 9.840221e-02 -3.914980e-01 -7.272191e+01 -9.721356e-02 9.949998e-01 2.291011e-02 5.147287e+00 3.917948e-01 1.709841e-02 9.198937e-01 1.657263e+02
9.092996e-01 9.606622e-02 -4.049020e-01 -7.294569e+01 -9.612953e-02 9.951632e-01 2.022968e-02 5.153596e+00 4.048869e-01 2.052820e-02 9.141363e-01 1.661711e+02
9.010542e-01 8.597828e-02 -4.250990e-01 -7.314846e+01 -8.626564e-02 9.960983e-01 1.861400e-02 5.166601e+00 4.250408e-01 1.989921e-02 9.049555e-01 1.666115e+02
8.896920e-01 8.168283e-02 -4.491948e-01 -7.336265e+01 -8.127727e-02 9.964863e-01 2.022302e-02 5.172605e+00 4.492684e-01 1.851707e-02 8.932049e-01 1.670294e+02
8.751926e-01 8.608665e-02 -4.760535e-01 -7.360570e+01 -8.450145e-02 9.961152e-01 2.478118e-02 5.182167e+00 4.763375e-01 1.853890e-02 8.790671e-01 1.674230e+02
8.583736e-01 9.230256e-02 -5.046533e-01 -7.387762e+01 -8.931253e-02 9.955465e-01 3.017510e-02 5.196099e+00 5.051910e-01 1.917035e-02 8.627946e-01 1.678230e+02
8.402761e-01 9.832629e-02 -5.331679e-01 -7.416401e+01 -9.249276e-02 9.949984e-01 3.772741e-02 5.211229e+00 5.342108e-01 1.761273e-02 8.451678e-01 1.682225e+02
8.199882e-01 1.028294e-01 -5.630679e-01 -7.446792e+01 -9.170147e-02 9.946243e-01 4.809810e-02 5.232285e+00 5.649869e-01 1.219428e-02 8.250098e-01 1.686347e+02
7.974674e-01 1.076822e-01 -5.936753e-01 -7.479603e+01 -8.876119e-02 9.941774e-01 6.109580e-02 5.253982e+00 5.967975e-01 3.973423e-03 8.023820e-01 1.690615e+02
7.733845e-01 1.136974e-01 -6.236580e-01 -7.517593e+01 -9.209118e-02 9.934992e-01 6.692187e-02 5.283147e+00 6.272126e-01 5.677066e-03 7.788274e-01 1.694774e+02
7.478729e-01 1.150680e-01 -6.537932e-01 -7.557464e+01 -9.371983e-02 9.932999e-01 6.761545e-02 5.309422e+00 6.571931e-01 1.070562e-02 7.536462e-01 1.698829e+02
7.203163e-01 1.121810e-01 -6.845144e-01 -7.599241e+01 -9.431186e-02 9.935106e-01 6.357596e-02 5.348922e+00 6.872043e-01 1.876303e-02 7.262219e-01 1.702735e+02
6.899460e-01 1.049218e-01 -7.162164e-01 -7.639535e+01 -8.805595e-02 9.942566e-01 6.082709e-02 5.389873e+00 7.184850e-01 2.109971e-02 6.952223e-01 1.706626e+02
6.598269e-01 1.117649e-01 -7.430593e-01 -7.683480e+01 -9.422210e-02 9.933778e-01 6.574782e-02 5.434120e+00 7.454869e-01 2.663043e-02 6.659881e-01 1.709952e+02
6.277274e-01 1.200781e-01 -7.691161e-01 -7.729004e+01 -9.560620e-02 9.924433e-01 7.691435e-02 5.475246e+00 7.725398e-01 2.525102e-02 6.344640e-01 1.713354e+02
5.952348e-01 1.253925e-01 -7.937079e-01 -7.778119e+01 -9.485327e-02 9.918081e-01 8.555455e-02 5.515238e+00 7.979338e-01 2.436075e-02 6.022525e-01 1.716735e+02
5.615434e-01 1.255281e-01 -8.178702e-01 -7.830747e+01 -9.429238e-02 9.916948e-01 8.746652e-02 5.562472e+00 8.220571e-01 2.800268e-02 5.687160e-01 1.720015e+02
5.260742e-01 1.213993e-01 -8.417293e-01 -7.884509e+01 -9.031407e-02 9.921370e-01 8.664646e-02 5.622414e+00 8.456295e-01 3.043753e-02 5.329017e-01 1.723077e+02
4.886194e-01 1.185529e-01 -8.644051e-01 -7.938196e+01 -8.601353e-02 9.924448e-01 8.749288e-02 5.681788e+00 8.682469e-01 3.159981e-02 4.951250e-01 1.725954e+02
4.514272e-01 1.202433e-01 -8.841691e-01 -7.994931e+01 -8.514038e-02 9.921624e-01 9.146012e-02 5.736088e+00 8.882368e-01 3.399091e-02 4.581266e-01 1.728432e+02
4.119766e-01 1.238075e-01 -9.027442e-01 -8.053070e+01 -8.291807e-02 9.917094e-01 9.816822e-02 5.790537e+00 9.074139e-01 3.441080e-02 4.188269e-01 1.730829e+02
3.720925e-01 1.260014e-01 -9.196036e-01 -8.115567e+01 -8.158871e-02 9.913483e-01 1.028190e-01 5.860346e+00 9.246029e-01 3.677111e-02 3.791536e-01 1.732965e+02
3.313529e-01 1.275163e-01 -9.348502e-01 -8.180230e+01 -7.945959e-02 9.910764e-01 1.070217e-01 5.929561e+00 9.401550e-01 3.882086e-02 3.385284e-01 1.735021e+02
2.912785e-01 1.311611e-01 -9.476042e-01 -8.246270e+01 -7.870865e-02 9.904837e-01 1.129024e-01 6.001306e+00 9.533949e-01 4.169860e-02 2.988301e-01 1.736853e+02
2.541838e-01 1.310036e-01 -9.582425e-01 -8.315779e+01 -7.868206e-02 9.903007e-01 1.145151e-01 6.078479e+00 9.639501e-01 4.628859e-02 2.620261e-01 1.738346e+02
2.187197e-01 1.291838e-01 -9.671987e-01 -8.387868e+01 -7.639593e-02 9.904224e-01 1.150097e-01 6.164850e+00 9.727926e-01 4.873515e-02 2.264940e-01 1.739633e+02
1.840368e-01 1.278142e-01 -9.745737e-01 -8.461148e+01 -7.184366e-02 9.906065e-01 1.163500e-01 6.248207e+00 9.802902e-01 4.860426e-02 1.914907e-01 1.740896e+02
1.513899e-01 1.248713e-01 -9.805551e-01 -8.537502e+01 -6.099782e-02 9.912782e-01 1.168193e-01 6.339980e+00 9.865903e-01 4.212646e-02 1.576864e-01 1.742140e+02
1.208300e-01 1.232074e-01 -9.849975e-01 -8.614681e+01 -5.807534e-02 9.914454e-01 1.168898e-01 6.422962e+00 9.909729e-01 4.308028e-02 1.269516e-01 1.742891e+02
9.239293e-02 1.180511e-01 -9.886999e-01 -8.695123e+01 -4.900637e-02 9.922829e-01 1.138993e-01 6.505238e+00 9.945159e-01 3.792910e-02 9.746518e-02 1.743570e+02
6.431274e-02 1.122789e-01 -9.915933e-01 -8.771184e+01 -4.153031e-02 9.930907e-01 1.097549e-01 6.591722e+00 9.970652e-01 3.412254e-02 6.853136e-02 1.743986e+02
3.703120e-02 1.101973e-01 -9.932196e-01 -8.847026e+01 -2.947597e-02 9.935893e-01 1.091394e-01 6.680016e+00 9.988793e-01 2.523455e-02 4.004198e-02 1.744293e+02
1.164970e-02 1.106794e-01 -9.937879e-01 -8.922362e+01 -2.420527e-02 9.935953e-01 1.103742e-01 6.761239e+00 9.996391e-01 2.276907e-02 1.425411e-02 1.744354e+02
-1.182654e-02 1.131381e-01 -9.935089e-01 -8.998957e+01 -1.774627e-02 9.933981e-01 1.133367e-01 6.837112e+00 9.997726e-01 1.897146e-02 -9.740684e-03 1.744300e+02
-3.087306e-02 1.142508e-01 -9.929721e-01 -9.077141e+01 -1.175930e-02 9.933354e-01 1.146582e-01 6.920452e+00 9.994541e-01 1.521650e-02 -2.932379e-02 1.744026e+02
-4.530342e-02 1.186578e-01 -9.919012e-01 -9.160605e+01 -9.424876e-03 9.928257e-01 1.191989e-01 7.015577e+00 9.989288e-01 1.474866e-02 -4.386006e-02 1.743524e+02
-5.936138e-02 1.219007e-01 -9.907656e-01 -9.254349e+01 -8.325757e-03 9.924208e-01 1.226032e-01 7.117519e+00 9.982018e-01 1.552677e-02 -5.789655e-02 1.743019e+02
