1.000000e+00 0.000000e+00 0.000000e+00 0.000000e+00 0.000000e+00 1.000000e+00 0.000000e+00 0.000000e+00 0.000000e+00 0.000000e+00 1.000000e+00 0.000000e+00
9.999956e-01 -2.439828e-03 -1.659078e-03 1.736576e-02 2.440564e-03 9.999969e-01 4.416760e-04 -1.033263e-02 1.657995e-03 -4.457232e-04 9.999985e-01 3.422132e-01
9.999877e-01 -4.399315e-03 -2.288776e-03 2.516614e-02 4.401505e-03 9.999899e-01 9.526677e-04 -1.888375e-02 2.284562e-03 -9.627300e-04 9.999969e-01 6.929209e-01
9.999795e-01 -5.870934e-03 -2.557500e-03 2.825116e-02 5.872570e-03 9.999826e-01 6.325490e-04 -2.456577e-02 2.553741e-03 -6.475551e-04 9.999965e-01 1.041843e+00
9.999869e-01 -4.673648e-03 -2.090427e-03 2.031506e-02 4.674565e-03 9.999890e-01 4.335604e-04 -2.644564e-02 2.088377e-03 -4.433265e-04 9.999977e-01 1.386798e+00
9.999754e-01 -6.370766e-03 -2.943744e-03 2.924209e-02 6.373294e-03 9.999793e-01 8.503078e-04 -3.094948e-02 2.938266e-03 -8.690482e-04 9.999953e-01 1.724519e+00
9.999614e-01 -7.980342e-03 -3.684334e-03 3.773230e-02 7.982597e-03 9.999680e-01 5.977533e-04 -3.906835e-02 3.679446e-03 -6.271407e-04 9.999930e-01 2.053843e+00
9.999601e-01 -7.763170e-03 -4.421402e-03 3.761355e-02 7.764823e-03 9.999698e-01 3.568710e-04 -4.241750e-02 4.418498e-03 -3.911882e-04 9.999902e-01 2.389922e+00
9.999338e-01 -9.759890e-03 -6.092625e-03 4.930484e-02 9.764124e-03 9.999521e-01 6.655320e-04 -5.081734e-02 6.085837e-03 -7.249771e-04 9.999812e-01 2.719677e+00
9.999132e-01 -1.076865e-02 -7.587929e-03 5.723430e-02 1.077285e-02 9.999418e-01 5.127930e-04 -5.383841e-02 7.581965e-03 -5.944921e-04 9.999711e-01 3.048804e+00
9.998919e-01 -1.192306e-02 -8.608760e-03 6.226445e-02 1.192638e-02 9.999288e-01 3.341880e-04 -5.856753e-02 8.604162e-03 -4.368232e-04 9.999629e-01 3.365823e+00
9.998549e-01 -1.337118e-02 -1.055741e-02 7.302798e-02 1.337445e-02 9.999105e-01 2.388439e-04 -6.093010e-02 1.055327e-02 -3.800087e-04 9.999442e-01 3.695361e+00
9.998549e-01 -1.337118e-02 -1.055741e-02 7.302798e-02 1.337445e-02 9.999105e-01 2.388439e-04 -6.093010e-02 1.055327e-02 -3.800087e-04 9.999442e-01 3.695361e+00
9.998590e-01 -1.259419e-02 -1.110713e-02 5.668655e-02 1.259757e-02 9.999206e-01 2.345096e-04 -6.975024e-02 1.110329e-02 -3.743993e-04 9.999383e-01 4.332667e+00
9.998113e-01 -1.472987e-02 -1.266834e-02 6.428726e-02 1.473195e-02 9.998915e-01 7.071556e-05 -8.216322e-02 1.266593e-02 -2.573316e-04 9.999198e-01 4.634526e+00
9.998113e-01 -1.472987e-02 -1.266834e-02 6.428726e-02 1.473195e-02 9.998915e-01 7.071556e-05 -8.216322e-02 1.266593e-02 -2.573316e-04 9.999198e-01 4.634526e+00
9.998129e-01 -1.385728e-02 -1.349918e-02 5.274829e-02 1.386437e-02 9.999038e-01 4.317666e-04 -9.247328e-02 1.349190e-02 -6.188434e-04 9.999088e-01 5.235352e+00
9.997666e-01 -1.577688e-02 -1.475647e-02 5.903772e-02 1.578189e-02 9.998754e-01 2.232926e-04 -9.490584e-02 1.475111e-02 -4.561255e-04 9.998911e-01 5.528435e+00
9.997666e-01 -1.577688e-02 -1.475647e-02 5.903772e-02 1.578189e-02 9.998754e-01 2.232926e-04 -9.490584e-02 1.475111e-02 -4.561255e-04 9.998911e-01 5.528435e+00
9.997831e-01 -1.478400e-02 -1.466962e-02 4.116698e-02 1.478381e-02 9.998907e-01 -1.213748e-04 -1.035237e-01 1.466981e-02 -9.552426e-05 9.998924e-01 6.140755e+00
9.996915e-01 -1.860873e-02 -1.645131e-02 5.741964e-02 1.860354e-02 9.998268e-01 -4.688555e-04 -1.064402e-01 1.645718e-02 1.626583e-04 9.998646e-01 6.429332e+00
9.996996e-01 -1.792400e-02 -1.671786e-02 5.063009e-02 1.791628e-02 9.998393e-01 -6.117847e-04 -1.086140e-01 1.672614e-02 3.120790e-04 9.998601e-01 6.721323e+00
9.995559e-01 -2.356540e-02 -1.823879e-02 7.084881e-02 2.355339e-02 9.997222e-01 -8.727259e-04 -1.170047e-01 1.825429e-02 4.427529e-04 9.998333e-01 7.005516e+00
9.994934e-01 -2.554438e-02 -1.898419e-02 7.652225e-02 2.552770e-02 9.996735e-01 -1.120288e-03 -1.215209e-01 1.900660e-02 6.350977e-04 9.998192e-01 7.287811e+00
9.994934e-01 -2.554438e-02 -1.898419e-02 7.652225e-02 2.552770e-02 9.996735e-01 -1.120288e-03 -1.215209e-01 1.900660e-02 6.350977e-04 9.998192e-01 7.287811e+00
9.994633e-01 -2.624044e-02 -1.961038e-02 7.034166e-02 2.624360e-02 9.996556e-01 -9.634189e-05 -1.336587e-01 1.960615e-02 -4.183567e-04 9.998077e-01 7.845661e+00
9.994036e-01 -2.778625e-02 -2.050312e-02 7.205679e-02 2.779024e-02 9.996138e-01 -9.062036e-05 -1.378352e-01 2.049772e-02 -4.792202e-04 9.997898e-01 8.115945e+00
9.994625e-01 -2.580464e-02 -2.021816e-02 5.625524e-02 2.580098e-02 9.996670e-01 -4.415721e-04 -1.417138e-01 2.022282e-02 -8.031356e-05 9.997955e-01 8.386822e+00
9.994254e-01 -2.643804e-02 -2.121198e-02 5.915203e-02 2.644352e-02 9.996503e-01 -2.185305e-05 -1.476046e-01 2.120514e-02 -5.390791e-04 9.997750e-01 8.655945e+00
9.993223e-01 -2.900527e-02 -2.266175e-02 7.066148e-02 2.901394e-02 9.995790e-01 5.360364e-05 -1.517382e-01 2.265065e-02 -7.110738e-04 9.997432e-01 8.914970e+00
9.991195e-01 -3.429932e-02 -2.416354e-02 8.867708e-02 3.429108e-02 9.994116e-01 -7.553848e-04 -1.539418e-01 2.417523e-02 -7.387448e-05 9.997077e-01 9.176950e+00
9.991195e-01 -3.429932e-02 -2.416354e-02 8.867708e-02 3.429108e-02 9.994116e-01 -7.553848e-04 -1.539418e-01 2.417523e-02 -7.387448e-05 9.997077e-01 9.176950e+00
9.991065e-01 -3.475718e-02 -2.404609e-02 7.570024e-02 3.475672e-02 9.993957e-01 -4.372415e-04 -1.608932e-01 2.404676e-02 -3.989124e-04 9.997108e-01 9.695776e+00
9.991065e-01 -3.475718e-02 -2.404609e-02 7.570024e-02 3.475672e-02 9.993957e-01 -4.372415e-04 -1.608932e-01 2.404676e-02 -3.989124e-04 9.997108e-01 9.695776e+00
9.990527e-01 -3.620256e-02 -2.414892e-02 6.851233e-02 3.617643e-02 9.993443e-01 -1.518098e-03 -1.695607e-01 2.418804e-02 6.430379e-04 9.997072e-01 1.020805e+01
9.989501e-01 -3.800201e-02 -2.558405e-02 7.864464e-02 3.793834e-02 9.992757e-01 -2.969608e-03 -1.698969e-01 2.567837e-02 1.995874e-03 9.996683e-01 1.046511e+01
9.987736e-01 -4.156073e-02 -2.690877e-02 8.769727e-02 4.148186e-02 9.991332e-01 -3.482930e-03 -1.746021e-01 2.703020e-02 2.362433e-03 9.996318e-01 1.073136e+01
9.985862e-01 -4.493056e-02 -2.840355e-02 9.544347e-02 4.483287e-02 9.989862e-01 -4.066975e-03 -1.768493e-01 2.855749e-02 2.787813e-03 9.995883e-01 1.100278e+01
9.983568e-01 -4.884209e-02 -2.997036e-02 1.050494e-01 4.873180e-02 9.988022e-01 -4.400093e-03 -1.804545e-01 3.014937e-02 2.932353e-03 9.995411e-01 1.127857e+01
9.981945e-01 -5.111812e-02 -3.153897e-02 1.077724e-01 5.098376e-02 9.986867e-01 -5.050289e-03 -1.822812e-01 3.175571e-02 3.433196e-03 9.994898e-01 1.156545e+01
9.978965e-01 -5.559836e-02 -3.333677e-02 1.158493e-01 5.544474e-02 9.984465e-01 -5.515804e-03 -1.871986e-01 3.359166e-02 3.655853e-03 9.994290e-01 1.185009e+01
9.974597e-01 -6.150002e-02 -3.594341e-02 1.327884e-01 6.130879e-02 9.980983e-01 -6.399423e-03 -1.901886e-01 3.626862e-02 4.179519e-03 9.993333e-01 1.214224e+01
9.972779e-01 -6.354392e-02 -3.740137e-02 1.282332e-01 6.332529e-02 9.979684e-01 -7.002376e-03 -1.918251e-01 3.777034e-02 4.614863e-03 9.992758e-01 1.244739e+01
9.972324e-01 -6.380252e-02 -3.816848e-02 1.157413e-01 6.356228e-02 9.979499e-01 -7.476161e-03 -1.955359e-01 3.856723e-02 5.029394e-03 9.992434e-01 1.276579e+01
9.969050e-01 -6.754344e-02 -4.022760e-02 1.181574e-01 6.725857e-02 9.977003e-01 -8.394789e-03 -1.967740e-01 4.070210e-02 5.663157e-03 9.991553e-01 1.309241e+01
9.967949e-01 -6.828368e-02 -4.168135e-02 1.077337e-01 6.796919e-02 9.976476e-01 -8.917760e-03 -2.037899e-01 4.219224e-02 6.056129e-03 9.990912e-01 1.342798e+01
9.966386e-01 -6.959931e-02 -4.321465e-02 9.782396e-02 6.925107e-02 9.975540e-01 -9.505545e-03 -2.084219e-01 4.377052e-02 6.480932e-03 9.990206e-01 1.380627e+01
9.964779e-01 -7.095335e-02 -4.469138e-02 8.627197e-02 7.057842e-02 9.974570e-01 -9.914044e-03 -2.118276e-01 4.528116e-02 6.724879e-03 9.989516e-01 1.418506e+01
9.961980e-01 -7.351780e-02 -4.674073e-02 8.527346e-02 7.311397e-02 9.972705e-01 -1.029390e-02 -2.154938e-01 4.736993e-02 6.837366e-03 9.988540e-01 1.455743e+01
9.959856e-01 -7.575752e-02 -4.768151e-02 7.637784e-02 7.532314e-02 9.971002e-01 -1.084435e-02 -2.194001e-01 4.836478e-02 7.209298e-03 9.988037e-01 1.494617e+01
9.956292e-01 -7.946259e-02 -4.907303e-02 7.506610e-02 7.899002e-02 9.968091e-01 -1.149851e-02 -2.217167e-01 4.983015e-02 7.571972e-03 9.987290e-01 1.535389e+01
9.952067e-01 -8.351745e-02 -5.087747e-02 7.928930e-02 8.300491e-02 9.964756e-01 -1.210856e-02 -2.273818e-01 5.170943e-02 7.827439e-03 9.986315e-01 1.574625e+01
9.949553e-01 -8.563947e-02 -5.224806e-02 6.983357e-02 8.508688e-02 9.962924e-01 -1.271453e-02 -2.315707e-01 5.314321e-02 8.204766e-03 9.985532e-01 1.617421e+01
9.946951e-01 -8.820948e-02 -5.292132e-02 5.927675e-02 8.762193e-02 9.960647e-01 -1.332614e-02 -2.386857e-01 5.388855e-02 8.618381e-03 9.985098e-01 1.660335e+01
9.947507e-01 -8.778331e-02 -5.258430e-02 3.019895e-02 8.716165e-02 9.960957e-01 -1.400534e-02 -2.463270e-01 5.360843e-02 9.348493e-03 9.985183e-01 1.705894e+01
9.949307e-01 -8.592734e-02 -5.224375e-02 -4.902016e-03 8.529964e-02 9.962551e-01 -1.413232e-02 -2.533149e-01 5.326246e-02 9.604309e-03 9.985344e-01 1.753343e+01
9.947460e-01 -8.750309e-02 -5.313774e-02 -2.322397e-02 8.683882e-02 9.961141e-01 -1.468813e-02 -2.608033e-01 5.421650e-02 9.996535e-03 9.984792e-01 1.801311e+01
9.942639e-01 -9.191693e-02 -5.468550e-02 -2.866737e-02 9.121577e-02 9.957153e-01 -1.518769e-02 -2.705452e-01 5.584719e-02 1.011239e-02 9.983881e-01 1.850308e+01
9.940812e-01 -9.372049e-02 -5.494538e-02 -5.005052e-02 9.301181e-02 9.955471e-01 -1.532198e-02 -2.873897e-01 5.613669e-02 1.012073e-02 9.983718e-01 1.901313e+01
9.938051e-01 -9.594111e-02 -5.609555e-02 -6.747225e-02 9.521653e-02 9.953366e-01 -1.545610e-02 -2.965302e-01 5.731683e-02 1.001913e-02 9.983058e-01 1.954336e+01
9.934536e-01 -9.850336e-02 -5.785353e-02 -8.101175e-02 9.779304e-02 9.950939e-01 -1.499026e-02 -3.075457e-01 5.904628e-02 9.234459e-03 9.982125e-01 2.008395e+01
9.933974e-01 -9.912556e-02 -5.775512e-02 -1.129813e-01 9.843727e-02 9.950354e-01 -1.465002e-02 -3.233009e-01 5.892058e-02 8.868037e-03 9.982233e-01 2.064031e+01
9.932813e-01 -1.001659e-01 -5.795701e-02 -1.454794e-01 9.947654e-02 9.949318e-01 -1.466650e-02 -3.372338e-01 5.913235e-02 8.802594e-03 9.982113e-01 2.121339e+01
9.931423e-01 -1.009411e-01 -5.898463e-02 -1.755621e-01 1.003438e-01 9.948678e-01 -1.300924e-02 -3.535676e-01 5.999507e-02 7.001288e-03 9.981741e-01 2.181467e+01
9.930663e-01 -1.013946e-01 -5.948428e-02 -2.111978e-01 1.009502e-01 9.948367e-01 -1.043582e-02 -3.725765e-01 6.023529e-02 4.358508e-03 9.981747e-01 2.241998e+01
9.928655e-01 -1.026697e-01 -6.063833e-02 -2.404164e-01 1.023621e-01 9.947137e-01 -8.166853e-03 -3.878310e-01 6.115626e-02 1.901522e-03 9.981264e-01 2.301571e+01
9.927079e-01 -1.032994e-01 -6.213027e-02 -2.714659e-01 1.031095e-01 9.946503e-01 -6.263863e-03 -4.000214e-01 6.244495e-02 -1.880344e-04 9.980484e-01 2.361356e+01
9.926640e-01 -1.032533e-01 -6.290493e-02 -3.105841e-01 1.031386e-01 9.946540e-01 -5.077156e-03 -4.137028e-01 6.309287e-02 -1.448015e-03 9.980066e-01 2.422268e+01
9.924992e-01 -1.044429e-01 -6.353792e-02 -3.457789e-01 1.043396e-01 9.945294e-01 -4.950750e-03 -4.222296e-01 6.370740e-02 -1.715908e-03 9.979671e-01 2.483816e+01
9.924276e-01 -1.046970e-01 -6.423454e-02 -3.808949e-01 1.045974e-01 9.945025e-01 -4.920261e-03 -4.329281e-01 6.439655e-02 -1.835765e-03 9.979227e-01 2.541029e+01
9.921511e-01 -1.063861e-01 -6.571280e-02 -4.110912e-01 1.062994e-01 9.943225e-01 -4.824811e-03 -4.438042e-01 6.585300e-02 -2.198289e-03 9.978269e-01 2.599971e+01
9.918797e-01 -1.081856e-01 -6.686192e-02 -4.403063e-01 1.080963e-01 9.941280e-01 -4.963331e-03 -4.528517e-01 6.700627e-02 -2.304497e-03 9.977499e-01 2.657794e+01
9.918865e-01 -1.077171e-01 -6.751433e-02 -4.816428e-01 1.076419e-01 9.941783e-01 -4.761402e-03 -4.604741e-01 6.763417e-02 -2.544602e-03 9.977069e-01 2.715637e+01
9.917042e-01 -1.086681e-01 -6.865802e-02 -5.173064e-01 1.086374e-01 9.940726e-01 -4.192192e-03 -4.736941e-01 6.870662e-02 -3.301415e-03 9.976314e-01 2.773791e+01
9.912927e-01 -1.116054e-01 -6.987901e-02 -5.459685e-01 1.115674e-01 9.937469e-01 -4.458194e-03 -4.857951e-01 6.993961e-02 -3.376845e-03 9.975455e-01 2.831784e+01
9.911841e-01 -1.122072e-01 -7.045310e-02 -5.838896e-01 1.121729e-01 9.936787e-01 -4.455944e-03 -4.951632e-01 7.050773e-02 -3.486266e-03 9.975051e-01 2.889453e+01
9.907403e-01 -1.150977e-01 -7.201451e-02 -6.118525e-01 1.150836e-01 9.933462e-01 -4.358691e-03 -5.031629e-01 7.203701e-02 -3.969359e-03 9.973941e-01 2.946088e+01
9.903965e-01 -1.173940e-01 -7.303075e-02 -6.433959e-01 1.173780e-01 9.930770e-01 -4.525294e-03 -5.147960e-01 7.305640e-02 -4.090368e-03 9.973194e-01 3.002559e+01
9.901109e-01 -1.191467e-01 -7.405730e-02 -6.740911e-01 1.190961e-01 9.928696e-01 -5.114123e-03 -5.229069e-01 7.413857e-02 -3.756389e-03 9.972409e-01 3.058618e+01
9.897587e-01 -1.213923e-01 -7.511129e-02 -7.074787e-01 1.213418e-01 9.925969e-01 -5.253039e-03 -5.299733e-01 7.519291e-02 -3.914894e-03 9.971613e-01 3.115740e+01
9.896813e-01 -1.217276e-01 -7.558688e-02 -7.518755e-01 1.216847e-01 9.925552e-01 -5.189281e-03 -5.403883e-01 7.565583e-02 -4.062034e-03 9.971257e-01 3.171033e+01
9.895198e-01 -1.231147e-01 -7.545364e-02 -7.932574e-01 1.229479e-01 9.923894e-01 -6.869968e-03 -5.455045e-01 7.572518e-02 -2.478894e-03 9.971256e-01 3.227177e+01
9.895134e-01 -1.230654e-01 -7.561855e-02 -8.377558e-01 1.228475e-01 9.923969e-01 -7.544381e-03 -5.570996e-01 7.597207e-02 -1.824282e-03 9.971083e-01 3.281841e+01
9.899278e-01 -1.198535e-01 -7.535314e-02 -8.979351e-01 1.196140e-01 9.927906e-01 -7.700074e-03 -5.731352e-01 7.573277e-02 -1.390772e-03 9.971272e-01 3.336188e+01
9.899724e-01 -1.191260e-01 -7.591822e-02 -9.409783e-01 1.188678e-01 9.928784e-01 -7.926173e-03 -5.906145e-01 7.632178e-02 -1.177542e-03 9.970825e-01 3.390813e+01
9.897825e-01 -1.202063e-01 -7.668833e-02 -9.760738e-01 1.199153e-01 9.927485e-01 -8.405529e-03 -6.017128e-01 7.714262e-02 -8.764588e-04 9.970197e-01 3.444283e+01
9.895967e-01 -1.212680e-01 -7.741114e-02 -1.009835e+00 1.209728e-01 9.926194e-01 -8.508952e-03 -6.122821e-01 7.787166e-02 -9.442090e-04 9.969629e-01 3.497102e+01
9.896578e-01 -1.204923e-01 -7.783985e-02 -1.052701e+00 1.202063e-01 9.927137e-01 -8.366468e-03 -6.258372e-01 7.828078e-02 -1.076903e-03 9.969308e-01 3.551652e+01
9.894903e-01 -1.218435e-01 -7.786643e-02 -1.092588e+00 1.215309e-01 9.925490e-01 -8.757991e-03 -6.395436e-01 7.835335e-02 -7.972328e-04 9.969253e-01 3.606415e+01
9.896630e-01 -1.206574e-01 -7.751752e-02 -1.143325e+00 1.203220e-01 9.926941e-01 -8.999915e-03 -6.518529e-01 7.803709e-02 -4.201835e-04 9.969504e-01 3.662037e+01
9.895260e-01 -1.216273e-01 -7.774999e-02 -1.186477e+00 1.212845e-01 9.925758e-01 -9.133862e-03 -6.648778e-01 7.828368e-02 -3.916746e-04 9.969310e-01 3.717927e+01
9.894553e-01 -1.221121e-01 -7.788949e-02 -1.228620e+00 1.217787e-01 9.925162e-01 -9.034028e-03 -6.773755e-01 7.840974e-02 -5.465102e-04 9.969211e-01 3.772366e+01
9.896310e-01 -1.209498e-01 -7.746989e-02 -1.274624e+00 1.206136e-01 9.926585e-01 -9.021744e-03 -6.904948e-01 7.799232e-02 -4.157244e-04 9.969539e-01 3.825493e+01
9.895995e-01 -1.208415e-01 -7.803966e-02 -1.316431e+00 1.205789e-01 9.926708e-01 -8.084934e-03 -7.087410e-01 7.844469e-02 -1.409093e-03 9.969175e-01 3.880817e+01
9.893488e-01 -1.223156e-01 -7.891623e-02 -1.352145e+00 1.220678e-01 9.924897e-01 -7.974773e-03 -7.196743e-01 7.929898e-02 -1.743301e-03 9.968494e-01 3.937208e+01
9.889287e-01 -1.253941e-01 -7.934889e-02 -1.385369e+00 1.251578e-01 9.921049e-01 -7.964821e-03 -7.371994e-01 7.972116e-02 -2.054491e-03 9.968151e-01 3.991645e+01
9.889203e-01 -1.259657e-01 -7.854422e-02 -1.429794e+00 1.257403e-01 9.920323e-01 -7.829095e-03 -7.500771e-01 7.890460e-02 -2.133820e-03 9.968799e-01 4.043388e+01
9.885177e-01 -1.284791e-01 -7.953541e-02 -1.458233e+00 1.282277e-01 9.917102e-01 -8.282219e-03 -7.608541e-01 7.994017e-02 -2.011522e-03 9.967976e-01 4.094956e+01
9.880487e-01 -1.317037e-01 -8.008700e-02 -1.489447e+00 1.314038e-01 9.912878e-01 -9.027069e-03 -7.646088e-01 8.057817e-02 -1.604549e-03 9.967470e-01 4.147552e+01
9.875714e-01 -1.346966e-01 -8.099055e-02 -1.514668e+00 1.343813e-01 9.908855e-01 -9.356835e-03 -7.716500e-01 8.151270e-02 -1.643071e-03 9.966709e-01 4.199137e+01
9.873803e-01 -1.355647e-01 -8.186771e-02 -1.549872e+00 1.352910e-01 9.907659e-01 -8.907822e-03 -7.869648e-01 8.231932e-02 -2.280552e-03 9.966034e-01 4.249842e+01
9.869094e-01 -1.381175e-01 -8.326728e-02 -1.578390e+00 1.378594e-01 9.904121e-01 -8.869161e-03 -8.001305e-01 8.369391e-02 -2.726120e-03 9.964878e-01 4.300912e+01
9.866220e-01 -1.398108e-01 -8.384442e-02 -1.614209e+00 1.395419e-01 9.901745e-01 -9.088393e-03 -8.104291e-01 8.429125e-02 -2.732997e-03 9.964374e-01 4.352115e+01
9.872238e-01 -1.359462e-01 -8.311297e-02 -1.676140e+00 1.356889e-01 9.907127e-01 -8.762850e-03 -8.253449e-01 8.353235e-02 -2.626610e-03 9.965016e-01 4.401996e+01
9.875523e-01 -1.338193e-01 -8.266124e-02 -1.736047e+00 1.335438e-01 9.910031e-01 -8.877870e-03 -8.305835e-01 8.310558e-02 -2.271537e-03 9.965382e-01 4.454210e+01
9.874378e-01 -1.342287e-01 -8.336167e-02 -1.781744e+00 1.339057e-01 9.909487e-01 -9.479109e-03 -8.386582e-01 8.387951e-02 -1.802570e-03 9.964743e-01 4.506569e+01
9.872033e-01 -1.352643e-01 -8.445899e-02 -1.822797e+00 1.349014e-01 9.908084e-01 -1.001493e-02 -8.475063e-01 8.503734e-02 -1.506868e-03 9.963766e-01 4.558816e+01
9.870817e-01 -1.355904e-01 -8.535151e-02 -1.868072e+00 1.352814e-01 9.907624e-01 -9.421539e-03 -8.628819e-01 8.584054e-02 -2.246641e-03 9.963064e-01 4.609901e+01
9.871221e-01 -1.345939e-01 -8.645431e-02 -1.917458e+00 1.343334e-01 9.908967e-01 -8.850957e-03 -8.793616e-01 8.685857e-02 -2.876726e-03 9.962165e-01 4.661030e+01
9.869392e-01 -1.352394e-01 -8.752905e-02 -1.964744e+00 1.349608e-01 9.908090e-01 -9.120166e-03 -8.896646e-01 8.795798e-02 -2.811942e-03 9.961202e-01 4.713605e+01
9.870508e-01 -1.340620e-01 -8.807988e-02 -2.019840e+00 1.337543e-01 9.909698e-01 -9.413652e-03 -9.028215e-01 8.854652e-02 -2.489309e-03 9.960689e-01 4.764603e+01
9.865322e-01 -1.364757e-01 -9.015893e-02 -2.050994e+00 1.361192e-01 9.906408e-01 -1.012020e-02 -9.080064e-01 9.069627e-02 -2.288456e-03 9.958760e-01 4.814760e+01
9.861012e-01 -1.382501e-01 -9.214867e-02 -2.086659e+00 1.379255e-01 9.903930e-01 -9.911843e-03 -9.196072e-01 9.263371e-02 -2.935575e-03 9.956959e-01 4.864539e+01
9.856545e-01 -1.399687e-01 -9.430802e-02 -2.119733e+00 1.396771e-01 9.901494e-01 -9.719726e-03 -9.350687e-01 9.473949e-02 -3.592375e-03 9.954956e-01 4.913754e+01
9.853881e-01 -1.409658e-01 -9.559806e-02 -2.161700e+00 1.406304e-01 9.900089e-01 -1.027078e-02 -9.469411e-01 9.609075e-02 -3.323288e-03 9.953670e-01 4.963489e+01
9.849114e-01 -1.429896e-01 -9.748556e-02 -2.199245e+00 1.426128e-01 9.897190e-01 -1.085814e-02 -9.560263e-01 9.803591e-02 -3.208381e-03 9.951777e-01 5.013034e+01
9.841596e-01 -1.463980e-01 -9.998733e-02 -2.228042e+00 1.460471e-01 9.892180e-01 -1.085999e-02 -9.691477e-01 1.004992e-01 -3.914902e-03 9.949294e-01 5.061252e+01
9.839806e-01 -1.466547e-01 -1.013632e-01 -2.275661e+00 1.462910e-01 9.891799e-01 -1.105264e-02 -9.838571e-01 1.018874e-01 -3.952946e-03 9.947881e-01 5.109388e+01
9.837209e-01 -1.476688e-01 -1.024066e-01 -2.321321e+00 1.472912e-01 9.890288e-01 -1.128070e-02 -9.983498e-01 1.029489e-01 -3.986533e-03 9.946787e-01 5.157138e+01
9.825115e-01 -1.532818e-01 -1.057163e-01 -2.338065e+00 1.529096e-01 9.881713e-01 -1.166508e-02 -1.008227e+00 1.062539e-01 -4.703974e-03 9.943279e-01 5.203883e+01
9.825336e-01 -1.516303e-01 -1.078706e-01 -2.386958e+00 1.512389e-01 9.884262e-01 -1.184799e-02 -1.024131e+00 1.084186e-01 -4.673185e-03 9.940943e-01 5.250513e+01
9.822102e-01 -1.526011e-01 -1.094351e-01 -2.432385e+00 1.522082e-01 9.882758e-01 -1.198448e-02 -1.035373e+00 1.099809e-01 -4.885642e-03 9.939217e-01 5.296588e+01
9.814532e-01 -1.558788e-01 -1.115862e-01 -2.463227e+00 1.555360e-01 9.877595e-01 -1.182415e-02 -1.050082e+00 1.120635e-01 -5.750828e-03 9.936844e-01 5.341782e+01
9.809765e-01 -1.575410e-01 -1.134283e-01 -2.502619e+00 1.572453e-01 9.874914e-01 -1.160583e-02 -1.063843e+00 1.138378e-01 -6.451020e-03 9.934784e-01 5.386356e+01
9.804566e-01 -1.592868e-01 -1.154669e-01 -2.535921e+00 1.590893e-01 9.872031e-01 -1.098382e-02 -1.077351e+00 1.157388e-01 -7.600380e-03 9.932506e-01 5.429247e+01
9.797369e-01 -1.623475e-01 -1.172983e-01 -2.568640e+00 1.621874e-01 9.866990e-01 -1.097300e-02 -1.091970e+00 1.175195e-01 -8.273652e-03 9.930361e-01 5.472302e+01
9.796244e-01 -1.625344e-01 -1.179772e-01 -2.615894e+00 1.622934e-01 9.866730e-01 -1.171228e-02 -1.103619e+00 1.183086e-01 -7.673296e-03 9.929472e-01 5.515647e+01
9.797797e-01 -1.618828e-01 -1.175825e-01 -2.673071e+00 1.616353e-01 9.867812e-01 -1.170207e-02 -1.116130e+00 1.179226e-01 -7.540039e-03 9.929942e-01 5.558747e+01
9.793468e-01 -1.637750e-01 -1.185645e-01 -2.710357e+00 1.635993e-01 9.864624e-01 -1.127978e-02 -1.128335e+00 1.188067e-01 -8.350251e-03 9.928823e-01 5.600628e+01
9.790715e-01 -1.649556e-01 -1.191999e-01 -2.752988e+00 1.647750e-01 9.862649e-01 -1.143757e-02 -1.140883e+00 1.194494e-01 -8.442972e-03 9.928044e-01 5.642042e+01
9.785806e-01 -1.668337e-01 -1.206088e-01 -2.787625e+00 1.666044e-01 9.859501e-01 -1.205429e-02 -1.150402e+00 1.209254e-01 -8.297864e-03 9.926269e-01 5.683103e+01
9.780432e-01 -1.694011e-01 -1.213870e-01 -2.823737e+00 1.691642e-01 9.855108e-01 -1.232978e-02 -1.161892e+00 1.217169e-01 -8.475283e-03 9.925287e-01 5.722876e+01
9.773804e-01 -1.725533e-01 -1.222822e-01 -2.857948e+00 1.723466e-01 9.849590e-01 -1.234627e-02 -1.171991e+00 1.225734e-01 -9.007913e-03 9.924186e-01 5.761806e+01
9.768866e-01 -1.745552e-01 -1.233815e-01 -2.897391e+00 1.743583e-01 9.846032e-01 -1.247577e-02 -1.181048e+00 1.236595e-01 -9.325179e-03 9.922809e-01 5.802277e+01
9.765063e-01 -1.761011e-01 -1.241928e-01 -2.938592e+00 1.759268e-01 9.843244e-01 -1.245631e-02 -1.193239e+00 1.244396e-01 -9.685174e-03 9.921799e-01 5.842511e+01
9.759619e-01 -1.780548e-01 -1.256779e-01 -2.974578e+00 1.779380e-01 9.839655e-01 -1.224631e-02 -1.203060e+00 1.258432e-01 -1.041093e-02 9.919955e-01 5.882171e+01
9.752238e-01 -1.810462e-01 -1.271255e-01 -3.008130e+00 1.809680e-01 9.834125e-01 -1.226230e-02 -1.214232e+00 1.272368e-01 -1.104715e-02 9.918108e-01 5.921003e+01
9.746803e-01 -1.833102e-01 -1.280458e-01 -3.047695e+00 1.832041e-01 9.829928e-01 -1.270782e-02 -1.225470e+00 1.281975e-01 -1.107245e-02 9.916868e-01 5.958710e+01
9.748211e-01 -1.823446e-01 -1.283521e-01 -3.104595e+00 1.821957e-01 9.831763e-01 -1.300052e-02 -1.239839e+00 1.285633e-01 -1.071202e-02 9.916434e-01 5.997387e+01
9.748351e-01 -1.817343e-01 -1.291093e-01 -3.155623e+00 1.816038e-01 9.832874e-01 -1.288317e-02 -1.249684e+00 1.292928e-01 -1.088776e-02 9.915467e-01 6.034979e+01
9.747330e-01 -1.820286e-01 -1.294653e-01 -3.204256e+00 1.818991e-01 9.832323e-01 -1.292508e-02 -1.260110e+00 1.296472e-01 -1.095111e-02 9.914997e-01 6.071952e+01
9.747698e-01 -1.817914e-01 -1.295210e-01 -3.256174e+00 1.816210e-01 9.832796e-01 -1.322646e-02 -1.273259e+00 1.297598e-01 -1.063099e-02 9.914885e-01 6.108828e+01
9.744079e-01 -1.829418e-01 -1.306197e-01 -3.297414e+00 1.827682e-01 9.830644e-01 -1.341905e-02 -1.283287e+00 1.308625e-01 -1.079751e-02 9.913417e-01 6.145514e+01
9.742067e-01 -1.832686e-01 -1.316583e-01 -3.340799e+00 1.830797e-01 9.830034e-01 -1.364218e-02 -1.293486e+00 1.319207e-01 -1.081365e-02 9.912013e-01 6.181944e+01
9.749889e-01 -1.797714e-01 -1.306860e-01 -3.410192e+00 1.794592e-01 9.836621e-01 -1.425990e-02 -1.306756e+00 1.311144e-01 -9.549550e-03 9.913213e-01 6.217839e+01
9.751699e-01 -1.787062e-01 -1.307967e-01 -3.461099e+00 1.783264e-01 9.838615e-01 -1.470641e-02 -1.316570e+00 1.313140e-01 -8.983253e-03 9.913001e-01 6.253359e+01
9.762776e-01 -1.738241e-01 -1.291013e-01 -3.537961e+00 1.732956e-01 9.847494e-01 -1.540315e-02 -1.327257e+00 1.298099e-01 -7.334934e-03 9.915118e-01 6.289351e+01
9.770860e-01 -1.702398e-01 -1.277554e-01 -3.602714e+00 1.696422e-01 9.853818e-01 -1.562499e-02 -1.339192e+00 1.285479e-01 -6.405753e-03 9.916826e-01 6.324852e+01
9.765654e-01 -1.724838e-01 -1.287221e-01 -3.636009e+00 1.718930e-01 9.849894e-01 -1.577038e-02 -1.347687e+00 1.295100e-01 -6.725608e-03 9.915553e-01 6.360601e+01
9.773512e-01 -1.694285e-01 -1.268013e-01 -3.709697e+00 1.687405e-01 9.855269e-01 -1.622674e-02 -1.359021e+00 1.277154e-01 -5.537293e-03 9.917954e-01 6.397905e+01
9.773934e-01 -1.693414e-01 -1.265923e-01 -3.760205e+00 1.685894e-01 9.855447e-01 -1.671034e-02 -1.365879e+00 1.275922e-01 -5.009543e-03 9.918141e-01 6.434190e+01
9.771555e-01 -1.705892e-01 -1.267535e-01 -3.802744e+00 1.697843e-01 9.853310e-01 -1.720819e-02 -1.373321e+00 1.278297e-01 -4.705668e-03 9.917850e-01 6.469385e+01
9.760367e-01 -1.757560e-01 -1.283048e-01 -3.819302e+00 1.749087e-01 9.844214e-01 -1.793164e-02 -1.381258e+00 1.294576e-01 -4.939677e-03 9.915727e-01 6.503401e+01
9.761801e-01 -1.751173e-01 -1.280874e-01 -3.870816e+00 1.742337e-01 9.845369e-01 -1.815933e-02 -1.392032e+00 1.292868e-01 -4.590364e-03 9.915966e-01 6.539115e+01
9.757040e-01 -1.771136e-01 -1.289666e-01 -3.904993e+00 1.761210e-01 9.841822e-01 -1.915286e-02 -1.396342e+00 1.303188e-01 -4.026208e-03 9.914640e-01 6.574741e+01
9.755969e-01 -1.777472e-01 -1.289053e-01 -3.949740e+00 1.765918e-01 9.840721e-01 -2.043106e-02 -1.406007e+00 1.304837e-01 -2.831151e-03 9.914464e-01 6.610780e+01
9.758018e-01 -1.774398e-01 -1.277732e-01 -4.005895e+00 1.760853e-01 9.841310e-01 -2.191164e-02 -1.421134e+00 1.296335e-01 -1.117555e-03 9.915613e-01 6.647232e+01
9.757786e-01 -1.786182e-01 -1.262997e-01 -4.053116e+00 1.770808e-01 9.839184e-01 -2.338906e-02 -1.432132e+00 1.284463e-01 4.573025e-04 9.917164e-01 6.684245e+01
9.754102e-01 -1.814234e-01 -1.251423e-01 -4.088492e+00 1.798520e-01 9.834048e-01 -2.383833e-02 -1.440367e+00 1.273903e-01 7.450615e-04 9.918524e-01 6.719454e+01
9.758597e-01 -1.804791e-01 -1.229840e-01 -4.138431e+00 1.790662e-01 9.835788e-01 -2.253919e-02 -1.451973e+00 1.250323e-01 -2.718321e-05 9.921527e-01 6.756280e+01
9.764804e-01 -1.787709e-01 -1.205282e-01 -4.183278e+00 1.775072e-01 9.838905e-01 -2.122863e-02 -1.463797e+00 1.223816e-01 -6.652936e-04 9.924829e-01 6.793808e+01
9.772156e-01 -1.773107e-01 -1.166640e-01 -4.232333e+00 1.760953e-01 9.841549e-01 -2.072686e-02 -1.475049e+00 1.184905e-01 -2.893758e-04 9.929551e-01 6.831307e+01
9.781218e-01 -1.756844e-01 -1.114125e-01 -4.283631e+00 1.745185e-01 9.844465e-01 -2.020922e-02 -1.486520e+00 1.132301e-01 3.235311e-04 9.935687e-01 6.871147e+01
9.787080e-01 -1.760806e-01 -1.054816e-01 -4.338668e+00 1.750790e-01 9.843757e-01 -1.875471e-02 -1.497079e+00 1.071359e-01 -1.122319e-04 9.942444e-01 6.913664e+01
9.797622e-01 -1.737530e-01 -9.937769e-02 -4.396386e+00 1.728675e-01 9.847893e-01 -1.751942e-02 -1.510074e+00 1.009101e-01 -1.431249e-05 9.948955e-01 6.956191e+01
9.803214e-01 -1.739936e-01 -9.325374e-02 -4.445096e+00 1.731652e-01 9.847467e-01 -1.696506e-02 -1.517746e+00 9.478312e-02 4.829046e-04 9.954978e-01 7.001298e+01
9.810232e-01 -1.733330e-01 -8.688617e-02 -4.490000e+00 1.724791e-01 9.848613e-01 -1.729806e-02 -1.526355e+00 8.856915e-02 1.983750e-03 9.960681e-01 7.046548e+01
9.815233e-01 -1.738014e-01 -8.003188e-02 -4.536388e+00 1.729098e-01 9.847733e-01 -1.799354e-02 -1.532874e+00 8.194056e-02 3.822786e-03 9.966299e-01 7.093200e+01
9.821421e-01 -1.729678e-01 -7.402099e-02 -4.583841e+00 1.721401e-01 9.849176e-01 -1.746872e-02 -1.539484e+00 7.592610e-02 4.414791e-03 9.971037e-01 7.145222e+01
9.820031e-01 -1.758102e-01 -6.899747e-02 -4.610978e+00 1.751476e-01 9.844188e-01 -1.558514e-02 -1.544237e+00 7.066243e-02 3.219913e-03 9.974951e-01 7.197396e+01
9.830272e-01 -1.729421e-01 -6.122533e-02 -4.667077e+00 1.724055e-01 9.849268e-01 -1.398261e-02 -1.557824e+00 6.272066e-02 3.189704e-03 9.980260e-01 7.249584e+01
9.838992e-01 -1.701557e-01 -5.467606e-02 -4.711588e+00 1.696688e-01 9.854092e-01 -1.346216e-02 -1.562115e+00 5.616896e-02 3.968584e-03 9.984134e-01 7.305197e+01
9.849327e-01 -1.663847e-01 -4.715641e-02 -4.764682e+00 1.659683e-01 9.860501e-01 -1.263885e-02 -1.571681e+00 4.860149e-02 4.621949e-03 9.988076e-01 7.360343e+01
9.860034e-01 -1.621810e-01 -3.865894e-02 -4.818825e+00 1.618376e-01 9.867460e-01 -1.187348e-02 -1.585485e+00 4.007220e-02 5.450821e-03 9.991819e-01 7.415936e+01
9.873831e-01 -1.555056e-01 -2.987790e-02 -4.880471e+00 1.552541e-01 9.878180e-01 -1.057628e-02 -1.598283e+00 3.115860e-02 5.804178e-03 9.994976e-01 7.475982e+01
9.881117e-01 -1.520766e-01 -2.253990e-02 -4.914333e+00 1.519036e-01 9.883524e-01 -9.205860e-03 -1.607492e+00 2.367736e-02 5.672525e-03 9.997036e-01 7.535693e+01
9.895310e-01 -1.437691e-01 -1.260167e-02 -4.975415e+00 1.436665e-01 9.895879e-01 -8.705050e-03 -1.620996e+00 1.372198e-02 6.803479e-03 9.998827e-01 7.596669e+01
9.894385e-01 -1.447880e-01 -6.924045e-03 -4.975983e+00 1.447277e-01 9.894347e-01 -8.536582e-03 -1.619487e+00 8.086885e-03 7.444321e-03 9.999396e-01 7.659415e+01
9.897547e-01 -1.427762e-01 -7.951732e-04 -4.990444e+00 1.427663e-01 9.897278e-01 -7.528554e-03 -1.626131e+00 1.861903e-03 7.337898e-03 9.999713e-01 7.721329e+01
9.898761e-01 -1.418297e-01 5.443292e-03 -4.995210e+00 1.418651e-01 9.898627e-01 -6.786646e-03 -1.629033e+00 -4.425565e-03 7.490152e-03 9.999622e-01 7.784544e+01
9.907715e-01 -1.349147e-01 1.302920e-02 -5.021256e+00 1.350024e-01 9.908265e-01 -6.101021e-03 -1.636643e+00 -1.208656e-02 7.803691e-03 9.998965e-01 7.849628e+01
9.912117e-01 -1.308370e-01 1.951984e-02 -5.028082e+00 1.309560e-01 9.913759e-01 -4.939782e-03 -1.645705e+00 -1.870519e-02 7.452609e-03 9.997973e-01 7.914847e+01
9.911508e-01 -1.304746e-01 2.442200e-02 -5.013012e+00 1.306158e-01 9.914238e-01 -4.274065e-03 -1.652566e+00 -2.365489e-02 7.426142e-03 9.996926e-01 7.981968e+01
9.916834e-01 -1.246970e-01 3.185426e-02 -5.038908e+00 1.248867e-01 9.921628e-01 -4.027005e-03 -1.659486e+00 -3.110246e-02 7.971686e-03 9.994844e-01 8.050028e+01
9.917605e-01 -1.229742e-01 3.589423e-02 -5.037259e+00 1.231664e-01 9.923809e-01 -3.184545e-03 -1.666206e+00 -3.522913e-02 7.579270e-03 9.993505e-01 8.118007e+01
9.916729e-01 -1.229522e-01 3.830978e-02 -5.025481e+00 1.231622e-01 9.923815e-01 -3.160504e-03 -1.673243e+00 -3.762933e-02 7.852503e-03 9.992609e-01 8.186756e+01
9.923460e-01 -1.160598e-01 4.218386e-02 -5.044718e+00 1.163346e-01 9.932016e-01 -4.109206e-03 -1.678952e+00 -4.142017e-02 8.985196e-03 9.991014e-01 8.257443e+01
9.933048e-01 -1.060748e-01 4.575820e-02 -5.071906e+00 1.064383e-01 9.943037e-01 -5.575102e-03 -1.683473e+00 -4.490617e-02 1.040820e-02 9.989370e-01 8.327415e+01
9.938512e-01 -9.993776e-02 4.766874e-02 -5.082748e+00 1.003713e-01 9.949269e-01 -6.782799e-03 -1.688465e+00 -4.674906e-02 1.152566e-02 9.988402e-01 8.398450e+01
9.943110e-01 -9.457958e-02 4.899415e-02 -5.085885e+00 9.508010e-02 9.954376e-01 -7.982751e-03 -1.693189e+00 -4.801562e-02 1.259571e-02 9.987672e-01 8.470829e+01
9.945817e-01 -9.159850e-02 4.916231e-02 -5.077197e+00 9.213949e-02 9.957068e-01 -8.848355e-03 -1.702554e+00 -4.814075e-02 1.333020e-02 9.987516e-01 8.544126e+01
9.945645e-01 -9.321805e-02 4.638820e-02 -5.033226e+00 9.373909e-02 9.955545e-01 -9.181817e-03 -1.710087e+00 -4.532607e-02 1.348030e-02 9.988813e-01 8.620086e+01
9.947907e-01 -9.223839e-02 4.339928e-02 -5.006669e+00 9.272950e-02 9.956466e-01 -9.438027e-03 -1.721258e+00 -4.233980e-02 1.341326e-02 9.990132e-01 8.697353e+01
9.951035e-01 -8.980992e-02 4.126879e-02 -5.001680e+00 9.030662e-02 9.958604e-01 -1.032955e-02 -1.730663e+00 -4.017026e-02 1.400582e-02 9.990947e-01 8.773852e+01
9.955797e-01 -8.590138e-02 3.797305e-02 -4.996869e+00 8.633720e-02 9.962159e-01 -9.987204e-03 -1.746662e+00 -3.697145e-02 1.322155e-02 9.992289e-01 8.852754e+01
9.956928e-01 -8.589910e-02 3.488762e-02 -4.987311e+00 8.625041e-02 9.962356e-01 -8.689872e-03 -1.767863e+00 -3.400984e-02 1.166151e-02 9.993535e-01 8.930534e+01
9.958986e-01 -8.512418e-02 3.065583e-02 -4.975115e+00 8.540225e-02 9.963154e-01 -7.876196e-03 -1.785540e+00 -2.987242e-02 1.046197e-02 9.994990e-01 9.010615e+01
9.968004e-01 -7.377589e-02 3.075695e-02 -5.031350e+00 7.408586e-02 9.972107e-01 -9.061732e-03 -1.793176e+00 -3.000262e-02 1.131139e-02 9.994858e-01 9.090098e+01
9.975222e-01 -6.427194e-02 2.861072e-02 -5.067200e+00 6.456432e-02 9.978691e-01 -9.414424e-03 -1.807303e+00 -2.794467e-02 1.123833e-02 9.995463e-01 9.170885e+01
9.978750e-01 -6.026342e-02 2.477605e-02 -5.075113e+00 6.053127e-02 9.981141e-01 -1.020631e-02 -1.818102e+00 -2.411426e-02 1.168434e-02 9.996409e-01 9.251580e+01
9.980725e-01 -5.902006e-02 1.918338e-02 -5.068997e+00 5.923700e-02 9.981840e-01 -1.094395e-02 -1.832176e+00 -1.850263e-02 1.205922e-02 9.997561e-01 9.333676e+01
9.981796e-01 -5.874047e-02 1.367351e-02 -5.065463e+00 5.889492e-02 9.982016e-01 -1.118055e-02 -1.854532e+00 -1.299217e-02 1.196550e-02 9.998440e-01 9.412304e+01
9.983416e-01 -5.696977e-02 8.275968e-03 -5.070854e+00 5.706511e-02 9.983009e-01 -1.178078e-02 -1.873064e+00 -7.590759e-03 1.223351e-02 9.998964e-01 9.490710e+01
9.985356e-01 -5.390719e-02 4.546577e-03 -5.100739e+00 5.395742e-02 9.984740e-01 -1.176217e-02 -1.903045e+00 -3.905573e-03 1.199027e-02 9.999205e-01 9.569890e+01
9.987579e-01 -4.981381e-02 1.079652e-03 -5.138446e+00 4.982365e-02 9.986731e-01 -1.302197e-02 -1.912565e+00 -4.295461e-04 1.305959e-02 9.999146e-01 9.648199e+01
9.988613e-01 -4.761401e-02 -3.011269e-03 -5.160446e+00 4.756978e-02 9.987785e-01 -1.336472e-02 -1.929371e+00 3.643939e-03 1.320626e-02 9.999062e-01 9.725701e+01
9.989392e-01 -4.546930e-02 -7.284158e-03 -5.186437e+00 4.536686e-02 9.988770e-01 -1.365984e-02 -1.947178e+00 7.897081e-03 1.331489e-02 9.998802e-01 9.803294e+01
9.990251e-01 -4.260866e-02 -1.154391e-02 -5.219057e+00 4.244318e-02 9.989977e-01 -1.421977e-02 -1.965069e+00 1.213822e-02 1.371594e-02 9.998323e-01 9.880478e+01
9.991784e-01 -3.790938e-02 -1.433391e-02 -5.273212e+00 3.769389e-02 9.991765e-01 -1.501611e-02 -1.984446e+00 1.489136e-02 1.446347e-02 9.997845e-01 9.956495e+01
9.993654e-01 -3.135259e-02 -1.690575e-02 -5.333961e+00 3.107900e-02 9.993855e-01 -1.621008e-02 -1.995971e+00 1.740359e-02 1.567438e-02 9.997257e-01 1.003204e+02
9.993593e-01 -2.857481e-02 -2.154946e-02 -5.367420e+00 2.821862e-02 9.994630e-01 -1.665589e-02 -2.015536e+00 2.201383e-02 1.603712e-02 9.996290e-01 1.010865e+02
9.993639e-01 -2.556985e-02 -2.486058e-02 -5.408984e+00 2.514818e-02 9.995370e-01 -1.712889e-02 -2.037634e+00 2.528705e-02 1.649280e-02 9.995442e-01 1.018441e+02
9.994552e-01 -1.931777e-02 -2.676030e-02 -5.468903e+00 1.886366e-02 9.996755e-01 -1.711935e-02 -2.059168e+00 2.708232e-02 1.660522e-02 9.994953e-01 1.025780e+02
9.995087e-01 -1.428120e-02 -2.790058e-02 -5.531641e+00 1.378630e-02 9.997456e-01 -1.785079e-02 -2.075354e+00 2.814841e-02 1.745737e-02 9.994513e-01 1.033232e+02
9.995329e-01 -9.256639e-03 -2.912671e-02 -5.591389e+00 8.752129e-03 9.998103e-01 -1.740130e-02 -2.094581e+00 2.928226e-02 1.713825e-02 9.994242e-01 1.040880e+02
9.995406e-01 -5.828901e-03 -2.974384e-02 -5.648156e+00 5.300608e-03 9.998273e-01 -1.780948e-02 -2.115654e+00 2.984252e-02 1.764364e-02 9.993989e-01 1.048394e+02
9.994534e-01 -6.980222e-03 -3.231350e-02 -5.672919e+00 6.366081e-03 9.997979e-01 -1.906975e-02 -2.139897e+00 3.244008e-02 1.885362e-02 9.992958e-01 1.056214e+02
9.994555e-01 -4.090847e-03 -3.274231e-02 -5.723573e+00 3.424293e-03 9.997863e-01 -2.038784e-02 -2.162355e+00 3.281871e-02 2.026461e-02 9.992559e-01 1.064075e+02
9.994621e-01 -1.513814e-03 -3.275911e-02 -5.775746e+00 8.255572e-04 9.997789e-01 -2.101296e-02 -2.183526e+00 3.278367e-02 2.097461e-02 9.992424e-01 1.071875e+02
9.994716e-01 2.845958e-03 -3.237968e-02 -5.838120e+00 -3.531163e-03 9.997706e-01 -2.112410e-02 -2.206085e+00 3.231214e-02 2.122727e-02 9.992524e-01 1.080499e+02
9.994750e-01 3.619397e-03 -3.219669e-02 -5.885164e+00 -4.314443e-03 9.997586e-01 -2.154427e-02 -2.232206e+00 3.211094e-02 2.167187e-02 9.992493e-01 1.088376e+02
9.994057e-01 1.482061e-03 -3.443920e-02 -5.902021e+00 -2.242797e-03 9.997541e-01 -2.206113e-02 -2.255966e+00 3.439803e-02 2.212526e-02 9.991633e-01 1.096447e+02
9.993713e-01 4.889692e-03 -3.511579e-02 -5.949157e+00 -5.675150e-03 9.997352e-01 -2.230291e-02 -2.277942e+00 3.499744e-02 2.248818e-02 9.991344e-01 1.104696e+02
9.993399e-01 4.235808e-03 -3.608177e-02 -5.980696e+00 -5.048828e-03 9.997347e-01 -2.247148e-02 -2.304543e+00 3.597701e-02 2.263882e-02 9.990962e-01 1.112834e+02
9.992935e-01 7.221073e-03 -3.688336e-02 -6.030362e+00 -8.074226e-03 9.997021e-01 -2.303479e-02 -2.325202e+00 3.670604e-02 2.331632e-02 9.990541e-01 1.121203e+02
9.992466e-01 9.283306e-03 -3.768453e-02 -6.078341e+00 -1.017194e-02 9.996731e-01 -2.345801e-02 -2.344866e+00 3.745444e-02 2.382366e-02 9.990143e-01 1.130010e+02
9.992210e-01 9.684760e-03 -3.825662e-02 -6.123396e+00 -1.059524e-02 9.996637e-01 -2.366862e-02 -2.374514e+00 3.801453e-02 2.405552e-02 9.989876e-01 1.138815e+02
9.991503e-01 9.636596e-03 -4.007206e-02 -6.159758e+00 -1.061369e-02 9.996498e-01 -2.424249e-02 -2.399525e+00 3.982441e-02 2.464721e-02 9.989027e-01 1.147286e+02
9.990542e-01 1.006687e-02 -4.230054e-02 -6.194796e+00 -1.113511e-02 9.996231e-01 -2.509428e-02 -2.421903e+00 4.203197e-02 2.554157e-02 9.987897e-01 1.156016e+02
9.989886e-01 1.050316e-02 -4.371975e-02 -6.244650e+00 -1.162791e-02 9.996059e-01 -2.555218e-02 -2.447476e+00 4.343414e-02 2.603470e-02 9.987170e-01 1.165057e+02
9.989364e-01 1.131363e-02 -4.470082e-02 -6.305706e+00 -1.247261e-02 9.995910e-01 -2.573414e-02 -2.477533e+00 4.439139e-02 2.626430e-02 9.986689e-01 1.174426e+02
9.988459e-01 1.168576e-02 -4.658735e-02 -6.357862e+00 -1.289145e-02 9.995875e-01 -2.566432e-02 -2.505605e+00 4.626822e-02 2.623528e-02 9.985845e-01 1.183512e+02
9.987618e-01 1.237482e-02 -4.818349e-02 -6.414116e+00 -1.360105e-02 9.995898e-01 -2.520505e-02 -2.536555e+00 4.785182e-02 2.582918e-02 9.985204e-01 1.192042e+02
9.986355e-01 1.165184e-02 -5.090497e-02 -6.463851e+00 -1.295102e-02 9.995969e-01 -2.526669e-02 -2.570052e+00 5.059005e-02 2.589148e-02 9.983838e-01 1.200868e+02
9.985106e-01 1.253955e-02 -5.309833e-02 -6.519081e+00 -1.387764e-02 9.995934e-01 -2.490704e-02 -2.603498e+00 5.276442e-02 2.560682e-02 9.982786e-01 1.209681e+02
9.984388e-01 1.284777e-02 -5.435865e-02 -6.585895e+00 -1.426854e-02 9.995645e-01 -2.583016e-02 -2.632880e+00 5.400312e-02 2.656545e-02 9.981873e-01 1.218728e+02
9.983058e-01 1.378400e-02 -5.652823e-02 -6.644061e+00 -1.529671e-02 9.995340e-01 -2.641548e-02 -2.660209e+00 5.613778e-02 2.723543e-02 9.980515e-01 1.227621e+02
9.982162e-01 1.535903e-02 -5.769321e-02 -6.719096e+00 -1.693598e-02 9.994935e-01 -2.694458e-02 -2.688616e+00 5.725014e-02 2.787361e-02 9.979707e-01 1.237198e+02
9.981094e-01 1.792262e-02 -5.879052e-02 -6.795026e+00 -1.953507e-02 9.994454e-01 -2.696792e-02 -2.724473e+00 5.827458e-02 2.806542e-02 9.979060e-01 1.246494e+02
9.979636e-01 1.949872e-02 -6.073334e-02 -6.864041e+00 -2.117103e-02 9.994108e-01 -2.701462e-02 -2.754902e+00 6.017081e-02 2.824540e-02 9.977884e-01 1.256464e+02
9.978716e-01 2.067966e-02 -6.184406e-02 -6.936201e+00 -2.236440e-02 9.993940e-01 -2.667481e-02 -2.787947e+00 6.125495e-02 2.800114e-02 9.977293e-01 1.265395e+02
9.977603e-01 2.265505e-02 -6.293697e-02 -7.014530e+00 -2.437034e-02 9.993485e-01 -2.662149e-02 -2.812456e+00 6.229285e-02 2.809566e-02 9.976624e-01 1.274682e+02
9.976197e-01 2.604117e-02 -6.384924e-02 -7.095606e+00 -2.780134e-02 9.992532e-01 -2.683585e-02 -2.841746e+00 6.310272e-02 2.854706e-02 9.975987e-01 1.283632e+02
9.975601e-01 2.708306e-02 -6.434537e-02 -7.180803e+00 -2.883761e-02 9.992329e-01 -2.649708e-02 -2.876963e+00 6.357839e-02 2.828800e-02 9.975759e-01 1.293084e+02
9.974392e-01 2.842869e-02 -6.562703e-02 -7.267645e+00 -3.026393e-02 9.991734e-01 -2.714186e-02 -2.911681e+00 6.480117e-02 2.905849e-02 9.974750e-01 1.303711e+02
9.973420e-01 2.911254e-02 -6.679340e-02 -7.350127e+00 -3.102096e-02 9.991344e-01 -2.771473e-02 -2.942429e+00 6.592874e-02 2.971306e-02 9.973818e-01 1.313300e+02
9.972773e-01 2.899423e-02 -6.780402e-02 -7.430348e+00 -3.094063e-02 9.991336e-01 -2.783433e-02 -2.976658e+00 6.693823e-02 2.985644e-02 9.973103e-01 1.322916e+02
9.970922e-01 3.013615e-02 -6.999309e-02 -7.499296e+00 -3.208559e-02 9.991232e-01 -2.689642e-02 -3.011569e+00 6.912117e-02 2.906398e-02 9.971848e-01 1.332180e+02
