1.000000e+00 0.000000e+00 0.000000e+00 0.000000e+00 0.000000e+00 1.000000e+00 0.000000e+00 0.000000e+00 0.000000e+00 0.000000e+00 1.000000e+00 0.000000e+00
9.999991e-01 5.254726e-04 -1.212267e-03 -4.343470e-03 -5.253213e-04 9.999999e-01 1.251541e-04 -3.132002e-02 1.212332e-03 -1.245171e-04 9.999993e-01 1.558954e+00
9.999972e-01 7.624185e-04 -2.222628e-03 -6.650359e-03 -7.635599e-04 9.999996e-01 -5.127407e-04 -5.772414e-02 2.222236e-03 5.144364e-04 9.999974e-01 3.087672e+00
9.999967e-01 1.115737e-03 -2.295382e-03 -1.656643e-02 -1.119129e-03 9.999983e-01 -1.477045e-03 -8.685456e-02 2.293730e-03 1.479609e-03 9.999963e-01 4.582818e+00
9.999827e-01 5.418459e-03 -2.297604e-03 -3.475478e-02 -5.423413e-03 9.999830e-01 -2.155396e-03 -1.233095e-01 2.285886e-03 2.167819e-03 9.999950e-01 6.052480e+00
9.999756e-01 6.851915e-03 -1.378997e-03 -3.982362e-02 -6.855832e-03 9.999724e-01 -2.856527e-03 -1.554063e-01 1.359386e-03 2.865912e-03 9.999950e-01 7.545552e+00
9.999344e-01 1.136931e-02 1.383981e-03 -5.532688e-02 -1.136612e-02 9.999328e-01 -2.291135e-03 -1.912266e-01 -1.409937e-03 2.275254e-03 9.999964e-01 8.995344e+00
9.999182e-01 1.173945e-02 5.079340e-03 -6.179432e-02 -1.172089e-02 9.999246e-01 -3.669453e-03 -2.194357e-01 -5.122035e-03 3.609618e-03 9.999804e-01 1.042937e+01
9.997525e-01 1.785737e-02 1.327143e-02 -1.128393e-01 -1.782227e-02 9.998374e-01 -2.758553e-03 -2.534946e-01 -1.331853e-02 2.521343e-03 9.999081e-01 1.179673e+01
9.996359e-01 1.871810e-02 1.943507e-02 -1.006109e-01 -1.867916e-02 9.998231e-01 -2.182851e-03 -2.877811e-01 -1.947249e-02 1.819025e-03 9.998087e-01 1.319528e+01
9.994783e-01 1.813324e-02 2.672490e-02 -7.238269e-02 -1.806459e-02 9.998329e-01 -2.807890e-03 -3.163924e-01 -2.677135e-02 2.323651e-03 9.996389e-01 1.459560e+01
9.991476e-01 1.917165e-02 3.655930e-02 -3.444700e-02 -1.907304e-02 9.998135e-01 -3.044193e-03 -3.586755e-01 -3.661084e-02 2.344301e-03 9.993268e-01 1.596941e+01
9.984503e-01 2.405459e-02 5.018388e-02 -2.072833e-04 -2.393210e-02 9.997090e-01 -3.040403e-03 -3.942815e-01 -5.024241e-02 1.834685e-03 9.987354e-01 1.727274e+01
9.971664e-01 3.302785e-02 6.758995e-02 2.410961e-02 -3.288095e-02 9.994539e-01 -3.284964e-03 -4.299527e-01 -6.766154e-02 1.053234e-03 9.977078e-01 1.855026e+01
9.960859e-01 3.263866e-02 8.214335e-02 1.342503e-01 -3.246283e-02 9.994669e-01 -3.475489e-03 -4.571447e-01 -8.221299e-02 7.952796e-04 9.966145e-01 1.982084e+01
9.942702e-01 3.550226e-02 1.008282e-01 2.438226e-01 -3.515463e-02 9.993682e-01 -5.222970e-03 -4.894919e-01 -1.009499e-01 1.648465e-03 9.948901e-01 2.112903e+01
9.917925e-01 3.855278e-02 1.219073e-01 3.742080e-01 -3.836367e-02 9.992562e-01 -3.898963e-03 -5.194785e-01 -1.219669e-01 -8.098480e-04 9.925338e-01 2.240627e+01
9.889964e-01 3.465220e-02 1.438241e-01 5.505676e-01 -3.439283e-02 9.993992e-01 -4.289884e-03 -5.562408e-01 -1.438864e-01 -7.038397e-04 9.895940e-01 2.366291e+01
9.852363e-01 3.710762e-02 1.671300e-01 7.344498e-01 -3.617060e-02 9.993082e-01 -8.648122e-03 -5.912153e-01 -1.673353e-01 2.475253e-03 9.858969e-01 2.492685e+01
9.810917e-01 3.330640e-02 1.906562e-01 9.444933e-01 -3.134116e-02 9.994201e-01 -1.331470e-02 -6.240127e-01 -1.909891e-01 7.087552e-03 9.815666e-01 2.610724e+01
9.763924e-01 2.840926e-02 2.141282e-01 1.191859e+00 -2.650356e-02 9.995795e-01 -1.176606e-02 -6.536738e-01 -2.143724e-01 5.813130e-03 9.767347e-01 2.726607e+01
9.716270e-01 1.795291e-02 2.358359e-01 1.505569e+00 -1.605640e-02 9.998215e-01 -9.959787e-03 -6.931955e-01 -2.359726e-01 5.890522e-03 9.717418e-01 2.846512e+01
9.661985e-01 1.533286e-02 2.573429e-01 1.837652e+00 -1.287111e-02 9.998539e-01 -1.124792e-02 -7.285660e-01 -2.574777e-01 7.555434e-03 9.662547e-01 2.967750e+01
9.596517e-01 1.257527e-02 2.809102e-01 2.174614e+00 -8.985628e-03 9.998607e-01 -1.406301e-02 -7.609280e-01 -2.810479e-01 1.097143e-02 9.596310e-01 3.087318e+01
9.525279e-01 1.168150e-02 3.042270e-01 2.546465e+00 -6.782383e-03 9.998298e-01 -1.715529e-02 -7.941536e-01 -3.043756e-01 1.427751e-02 9.524451e-01 3.202913e+01
9.446377e-01 1.102201e-02 3.279302e-01 2.944696e+00 -4.860189e-03 9.997960e-01 -1.960370e-02 -8.327350e-01 -3.280793e-01 1.692459e-02 9.444985e-01 3.317930e+01
9.359701e-01 9.468270e-03 3.519521e-01 3.368249e+00 -2.902683e-03 9.998119e-01 -1.917779e-02 -8.740086e-01 -3.520674e-01 1.692824e-02 9.358215e-01 3.432661e+01
9.267689e-01 8.095655e-03 3.755448e-01 3.812818e+00 -1.556990e-03 9.998419e-01 -1.771135e-02 -9.180171e-01 -3.756288e-01 1.582961e-02 9.266350e-01 3.544056e+01
9.164897e-01 6.272058e-03 4.000091e-01 4.307506e+00 9.705348e-04 9.998393e-01 -1.790093e-02 -9.624153e-01 -4.000571e-01 1.679424e-02 9.163363e-01 3.659235e+01
9.045706e-01 1.025508e-02 4.262005e-01 4.804931e+00 -1.492537e-03 9.997807e-01 -2.088858e-02 -1.006930e+00 -4.263213e-01 1.825907e-02 9.043875e-01 3.772966e+01
8.924385e-01 1.188414e-02 4.510125e-01 5.360251e+00 -1.052422e-03 9.997051e-01 -2.425967e-02 -1.054087e+00 -4.511678e-01 2.117561e-02 8.921879e-01 3.884140e+01
8.800093e-01 7.917810e-03 4.748904e-01 5.981681e+00 6.098395e-03 9.995902e-01 -2.796690e-02 -1.102017e+00 -4.749172e-01 2.750720e-02 8.796005e-01 3.994401e+01
8.658139e-01 9.882779e-03 5.002686e-01 6.594323e+00 5.510390e-03 9.995560e-01 -2.928299e-02 -1.151098e+00 -5.003359e-01 2.811030e-02 8.653750e-01 4.102830e+01
8.513591e-01 1.016447e-02 5.244849e-01 7.259306e+00 6.950211e-03 9.995059e-01 -3.065211e-02 -1.205499e+00 -5.245373e-01 2.974124e-02 8.508678e-01 4.210515e+01
8.358455e-01 1.127849e-02 5.488488e-01 7.948724e+00 8.377432e-03 9.994104e-01 -3.329529e-02 -1.264887e+00 -5.489008e-01 3.242766e-02 8.352583e-01 4.316285e+01
8.196191e-01 1.301974e-02 5.727609e-01 8.658682e+00 1.005329e-02 9.992610e-01 -3.710098e-02 -1.327335e+00 -5.728207e-01 3.616680e-02 8.188824e-01 4.419135e+01
8.035027e-01 1.450714e-02 5.951244e-01 9.400843e+00 1.175831e-02 9.991212e-01 -4.023063e-02 -1.386808e+00 -5.951850e-01 3.932308e-02 8.026260e-01 4.517849e+01
7.859358e-01 1.593039e-02 6.181028e-01 1.014923e+01 1.307289e-02 9.990164e-01 -4.237025e-02 -1.451315e+00 -6.181699e-01 4.138068e-02 7.849545e-01 4.613523e+01
7.676102e-01 1.775989e-02 6.406708e-01 1.092061e+01 1.421367e-02 9.988984e-01 -4.472013e-02 -1.523252e+00 -6.407593e-01 4.343392e-02 7.665122e-01 4.706664e+01
7.482090e-01 2.048722e-02 6.631467e-01 1.170906e+01 1.452704e-02 9.987776e-01 -4.724661e-02 -1.592071e+00 -6.633040e-01 4.498390e-02 7.469968e-01 4.798008e+01
7.281549e-01 2.340496e-02 6.850128e-01 1.251859e+01 1.479046e-02 9.986475e-01 -4.984294e-02 -1.661508e+00 -6.852530e-01 4.642504e-02 7.268240e-01 4.886532e+01
7.066882e-01 2.628371e-02 7.070368e-01 1.333180e+01 1.571311e-02 9.984802e-01 -5.282333e-02 -1.737707e+00 -7.073506e-01 4.843937e-02 7.052012e-01 4.970356e+01
6.852846e-01 2.848733e-02 7.277180e-01 1.418718e+01 1.766851e-02 9.982902e-01 -5.571743e-02 -1.815082e+00 -7.280610e-01 5.103999e-02 6.836096e-01 5.051650e+01
6.635578e-01 3.110476e-02 7.474781e-01 1.505534e+01 1.883780e-02 9.981238e-01 -5.825772e-02 -1.893624e+00 -7.478878e-01 5.273821e-02 6.617269e-01 5.128958e+01
6.409460e-01 3.364244e-02 7.668483e-01 1.597472e+01 1.896846e-02 9.980398e-01 -5.963924e-02 -1.973365e+00 -7.673516e-01 5.277147e-02 6.390515e-01 5.207556e+01
6.175186e-01 3.653065e-02 7.857075e-01 1.688609e+01 1.886294e-02 9.979458e-01 -6.122357e-02 -2.053380e+00 -7.863301e-01 5.262744e-02 6.155610e-01 5.280279e+01
5.937898e-01 3.778789e-02 8.037324e-01 1.783634e+01 2.110126e-02 9.978217e-01 -6.250251e-02 -2.137802e+00 -8.043435e-01 5.407311e-02 5.916990e-01 5.350603e+01
5.688781e-01 4.158877e-02 8.213696e-01 1.880678e+01 2.107734e-02 9.976553e-01 -6.511282e-02 -2.220570e+00 -8.221517e-01 5.435354e-02 5.666677e-01 5.419953e+01
5.446868e-01 4.441585e-02 8.374625e-01 1.979175e+01 2.259854e-02 9.974566e-01 -6.759945e-02 -2.306919e+00 -8.383350e-01 5.574597e-02 5.422977e-01 5.484526e+01
5.211723e-01 4.600263e-02 8.522108e-01 2.081416e+01 2.649293e-02 9.971930e-01 -7.003065e-02 -2.399104e+00 -8.530402e-01 5.907559e-02 5.184906e-01 5.546144e+01
4.962100e-01 4.870843e-02 8.668351e-01 2.183579e+01 2.670848e-02 9.970961e-01 -7.131691e-02 -2.490875e+00 -8.677916e-01 5.854001e-02 4.934681e-01 5.606625e+01
4.718610e-01 5.144564e-02 8.801708e-01 2.285215e+01 2.788339e-02 9.969261e-01 -7.321827e-02 -2.589104e+00 -8.812319e-01 5.909099e-02 4.689760e-01 5.661935e+01
4.466532e-01 5.300769e-02 8.931355e-01 2.389888e+01 2.821231e-02 9.969126e-01 -7.327572e-02 -2.683948e+00 -8.942623e-01 5.792626e-02 4.437787e-01 5.716163e+01
4.212670e-01 5.448236e-02 9.052987e-01 2.493617e+01 2.707422e-02 9.969936e-01 -7.259928e-02 -2.778178e+00 -9.065325e-01 5.509394e-02 4.185254e-01 5.766291e+01
3.962286e-01 5.564154e-02 9.164643e-01 2.599236e+01 2.750340e-02 9.969948e-01 -7.242176e-02 -2.873094e+00 -9.177399e-01 5.390146e-02 3.935076e-01 5.812903e+01
3.712545e-01 5.918429e-02 9.266431e-01 2.707533e+01 2.769794e-02 9.968166e-01 -7.476327e-02 -2.973199e+00 -9.281180e-01 5.342231e-02 3.684333e-01 5.857900e+01
3.481315e-01 6.134016e-02 9.354367e-01 2.813466e+01 3.080705e-02 9.965694e-01 -7.681399e-02 -3.070919e+00 -9.369394e-01 5.555942e-02 3.450475e-01 5.897290e+01
3.269197e-01 6.215425e-02 9.430060e-01 2.923563e+01 3.597495e-02 9.962932e-01 -7.813818e-02 -3.171530e+00 -9.443672e-01 5.946950e-02 3.234719e-01 5.934217e+01
3.056541e-01 6.364103e-02 9.500134e-01 3.033825e+01 4.043739e-02 9.959958e-01 -7.973157e-02 -3.274515e+00 -9.512836e-01 6.278634e-02 3.018567e-01 5.969851e+01
2.854093e-01 6.643304e-02 9.561005e-01 3.141250e+01 4.255258e-02 9.957326e-01 -8.188934e-02 -3.378587e+00 -9.574606e-01 6.405652e-02 2.813644e-01 6.002911e+01
2.690099e-01 6.793655e-02 9.607384e-01 3.252748e+01 5.291415e-02 9.949602e-01 -8.517260e-02 -3.471827e+00 -9.616828e-01 7.374893e-02 2.640593e-01 6.031585e+01
2.537793e-01 7.174748e-02 9.645975e-01 3.361947e+01 5.716380e-02 9.943897e-01 -8.900286e-02 -3.575146e+00 -9.655715e-01 7.772714e-02 2.482541e-01 6.060206e+01
2.421205e-01 7.458412e-02 9.673753e-01 3.472748e+01 6.133159e-02 9.938705e-01 -9.197733e-02 -3.680315e+00 -9.683058e-01 8.160026e-02 2.360620e-01 6.086042e+01
2.314310e-01 7.588485e-02 9.698872e-01 3.580408e+01 6.447888e-02 9.935646e-01 -9.312311e-02 -3.782390e+00 -9.707122e-01 8.408881e-02 2.250487e-01 6.110993e+01
2.220198e-01 7.599486e-02 9.720761e-01 3.688335e+01 6.675636e-02 9.934340e-01 -9.291156e-02 -3.885809e+00 -9.727542e-01 8.552047e-02 2.154889e-01 6.135289e+01
2.126856e-01 7.739855e-02 9.740505e-01 3.793034e+01 6.660607e-02 9.933908e-01 -9.347890e-02 -3.989996e+00 -9.748479e-01 8.475929e-02 2.061247e-01 6.158837e+01
2.039858e-01 7.828508e-02 9.758387e-01 3.900958e+01 6.764661e-02 9.932878e-01 -9.382550e-02 -4.091369e+00 -9.766339e-01 8.515125e-02 1.973208e-01 6.181380e+01
1.960923e-01 7.756233e-02 9.775131e-01 4.008619e+01 7.083716e-02 9.931419e-01 -9.301259e-02 -4.201148e+00 -9.780235e-01 8.748331e-02 1.892532e-01 6.202573e+01
1.905318e-01 7.710260e-02 9.786485e-01 4.122007e+01 7.640373e-02 9.927222e-01 -9.308634e-02 -4.304610e+00 -9.787033e-01 9.250830e-02 1.832542e-01 6.222605e+01
1.862692e-01 7.494283e-02 9.796363e-01 4.233079e+01 8.137637e-02 9.924838e-01 -9.139867e-02 -4.416762e+00 -9.791229e-01 9.674401e-02 1.787706e-01 6.240986e+01
1.813442e-01 7.308060e-02 9.807005e-01 4.341458e+01 8.317806e-02 9.925217e-01 -8.934220e-02 -4.522058e+00 -9.798958e-01 9.777445e-02 1.739093e-01 6.259362e+01
1.753131e-01 7.243892e-02 9.818441e-01 4.454238e+01 8.354179e-02 9.925979e-01 -8.814911e-02 -4.624462e+00 -9.809618e-01 9.747871e-02 1.679637e-01 6.280137e+01
1.707894e-01 7.542292e-02 9.824166e-01 4.568323e+01 8.370406e-02 9.923509e-01 -9.073723e-02 -4.727751e+00 -9.817457e-01 9.772921e-02 1.631698e-01 6.298595e+01
1.664292e-01 7.862193e-02 9.829140e-01 4.683501e+01 8.264078e-02 9.921970e-01 -9.335738e-02 -4.832514e+00 -9.825843e-01 9.676617e-02 1.586331e-01 6.316692e+01
1.616002e-01 7.794063e-02 9.837737e-01 4.797786e+01 8.378223e-02 9.921937e-01 -9.237025e-02 -4.944133e+00 -9.832934e-01 9.734980e-02 1.538086e-01 6.333790e+01
1.581508e-01 7.621212e-02 9.844694e-01 4.915587e+01 8.831312e-02 9.919294e-01 -9.097676e-02 -5.053300e+00 -9.834577e-01 1.013296e-01 1.501439e-01 6.348807e+01
1.530054e-01 7.413537e-02 9.854407e-01 5.034338e+01 9.101801e-02 9.918865e-01 -8.875228e-02 -5.164527e+00 -9.840249e-01 1.032724e-01 1.450163e-01 6.366031e+01
1.489587e-01 7.404616e-02 9.860672e-01 5.158448e+01 9.423997e-02 9.915905e-01 -8.869713e-02 -5.278196e+00 -9.843425e-01 1.061392e-01 1.407280e-01 6.382501e+01
1.437608e-01 7.432088e-02 9.868177e-01 5.272997e+01 9.783037e-02 9.912241e-01 -8.890478e-02 -5.380559e+00 -9.847650e-01 1.093218e-01 1.352283e-01 6.398320e+01
1.405289e-01 7.280420e-02 9.873962e-01 5.393742e+01 1.009050e-01 9.910466e-01 -8.743444e-02 -5.501015e+00 -9.849212e-01 1.119203e-01 1.319244e-01 6.414563e+01
1.376191e-01 7.036297e-02 9.879828e-01 5.514594e+01 1.026123e-01 9.910936e-01 -8.487768e-02 -5.615002e+00 -9.851557e-01 1.130600e-01 1.291733e-01 6.431074e+01
1.354768e-01 6.859273e-02 9.884033e-01 5.636691e+01 1.038155e-01 9.911264e-01 -8.301131e-02 -5.726987e+00 -9.853265e-01 1.138577e-01 1.271536e-01 6.447649e+01
1.345893e-01 6.781709e-02 9.885781e-01 5.763305e+01 1.043216e-01 9.911412e-01 -8.219571e-02 -5.840775e+00 -9.853947e-01 1.141927e-01 1.263222e-01 6.462977e+01
1.332260e-01 6.868980e-02 9.887025e-01 5.893902e+01 1.042985e-01 9.910842e-01 -8.290932e-02 -5.954887e+00 -9.855824e-01 1.141659e-01 1.248740e-01 6.479509e+01
1.298056e-01 6.950901e-02 9.891001e-01 6.019660e+01 1.024814e-01 9.912569e-01 -8.310984e-02 -6.082960e+00 -9.862292e-01 1.121525e-01 1.215474e-01 6.498150e+01
1.298992e-01 7.014121e-02 9.890432e-01 6.148472e+01 1.049110e-01 9.909232e-01 -8.405336e-02 -6.192738e+00 -9.859614e-01 1.146799e-01 1.213615e-01 6.512483e+01
1.269891e-01 7.072258e-02 9.893796e-01 6.279265e+01 1.008172e-01 9.913691e-01 -8.380491e-02 -6.311998e+00 -9.867673e-01 1.103888e-01 1.187630e-01 6.530872e+01
1.254926e-01 7.006298e-02 9.896175e-01 6.412346e+01 1.010197e-01 9.914161e-01 -8.300055e-02 -6.434425e+00 -9.869380e-01 1.103868e-01 1.173376e-01 6.547476e+01
1.263580e-01 6.922720e-02 9.895662e-01 6.547263e+01 1.043811e-01 9.910961e-01 -8.266268e-02 -6.548872e+00 -9.864777e-01 1.137371e-01 1.180069e-01 6.562049e+01
1.270198e-01 6.819123e-02 9.895534e-01 6.688063e+01 1.064364e-01 9.909368e-01 -8.194881e-02 -6.675281e+00 -9.861730e-01 1.157336e-01 1.186105e-01 6.578155e+01
1.267050e-01 6.746991e-02 9.896432e-01 6.827484e+01 1.088680e-01 9.907111e-01 -8.148119e-02 -6.794748e+00 -9.859481e-01 1.180645e-01 1.181827e-01 6.594567e+01
1.262872e-01 6.658974e-02 9.897562e-01 6.962578e+01 1.118166e-01 9.904302e-01 -8.090223e-02 -6.911333e+00 -9.856716e-01 1.208881e-01 1.176328e-01 6.611100e+01
1.272738e-01 6.589486e-02 9.896763e-01 7.098630e+01 1.141361e-01 9.901896e-01 -8.060711e-02 -7.036719e+00 -9.852788e-01 1.232170e-01 1.185042e-01 6.626435e+01
1.285188e-01 6.546016e-02 9.895443e-01 7.239062e+01 1.199884e-01 9.894623e-01 -8.103844e-02 -7.156500e+00 -9.844215e-01 1.291488e-01 1.193101e-01 6.641609e+01
1.287793e-01 6.500196e-02 9.895406e-01 7.381029e+01 1.221879e-01 9.892059e-01 -8.088156e-02 -7.288137e+00 -9.841169e-01 1.313258e-01 1.194468e-01 6.658063e+01
1.294598e-01 6.574548e-02 9.894027e-01 7.520259e+01 1.225462e-01 9.890894e-01 -8.175939e-02 -7.409270e+00 -9.839830e-01 1.318321e-01 1.199904e-01 6.673613e+01
1.289413e-01 6.701042e-02 9.893855e-01 7.665647e+01 1.237142e-01 9.888326e-01 -8.309598e-02 -7.540126e+00 -9.839049e-01 1.331155e-01 1.192112e-01 6.691918e+01
1.273599e-01 6.858119e-02 9.894827e-01 7.814520e+01 1.211185e-01 9.890654e-01 -8.414187e-02 -7.681857e+00 -9.844337e-01 1.305610e-01 1.176609e-01 6.711820e+01
1.270089e-01 6.867703e-02 9.895212e-01 7.959912e+01 1.193368e-01 9.892959e-01 -8.397872e-02 -7.816387e+00 -9.846966e-01 1.287523e-01 1.174537e-01 6.729388e+01
1.262572e-01 6.662892e-02 9.897574e-01 8.097346e+01 1.189672e-01 9.895238e-01 -8.178911e-02 -7.950576e+00 -9.848380e-01 1.280751e-01 1.170079e-01 6.746822e+01
1.266732e-01 6.515775e-02 9.898022e-01 8.242667e+01 1.190724e-01 9.896262e-01 -8.038485e-02 -8.078864e+00 -9.847719e-01 1.280408e-01 1.176006e-01 6.763485e+01
1.277541e-01 6.511422e-02 9.896661e-01 8.389936e+01 1.197103e-01 9.895351e-01 -8.055878e-02 -8.207020e+00 -9.845549e-01 1.287650e-01 1.186223e-01 6.779551e+01
1.258608e-01 6.634303e-02 9.898271e-01 8.531009e+01 1.143303e-01 9.901432e-01 -8.090181e-02 -8.342571e+00 -9.854378e-01 1.233496e-01 1.170352e-01 6.798499e+01
1.261043e-01 6.765732e-02 9.897071e-01 8.674904e+01 1.135855e-01 9.901254e-01 -8.215849e-02 -8.468369e+00 -9.854928e-01 1.227769e-01 1.171742e-01 6.815211e+01
1.259714e-01 6.819230e-02 9.896873e-01 8.814682e+01 1.120766e-01 9.902691e-01 -8.249795e-02 -8.590637e+00 -9.856825e-01 1.213131e-01 1.171029e-01 6.832115e+01
1.241114e-01 6.843737e-02 9.899054e-01 8.950362e+01 1.082578e-01 9.907296e-01 -8.206738e-02 -8.715130e+00 -9.863451e-01 1.173504e-01 1.155519e-01 6.850080e+01
1.240098e-01 6.910104e-02 9.898720e-01 9.090520e+01 1.091769e-01 9.905655e-01 -8.282698e-02 -8.843967e+00 -9.862566e-01 1.183425e-01 1.152956e-01 6.865889e+01
1.220972e-01 7.090341e-02 9.899823e-01 9.230973e+01 1.069638e-01 9.906958e-01 -8.414664e-02 -8.976557e+00 -9.867376e-01 1.161663e-01 1.133771e-01 6.883620e+01
1.210933e-01 7.138012e-02 9.900714e-01 9.372813e+01 1.066817e-01 9.906984e-01 -8.447331e-02 -9.105766e+00 -9.868918e-01 1.158516e-01 1.123520e-01 6.899642e+01
1.185290e-01 7.114583e-02 9.903985e-01 9.514141e+01 1.059049e-01 9.908345e-01 -8.385164e-02 -9.241297e+00 -9.872867e-01 1.148269e-01 1.099079e-01 6.917204e+01
1.176436e-01 7.113184e-02 9.905050e-01 9.656751e+01 1.078545e-01 9.906159e-01 -8.394983e-02 -9.375908e+00 -9.871815e-01 1.167066e-01 1.088678e-01 6.931005e+01
1.151440e-01 7.142227e-02 9.907778e-01 9.796575e+01 1.087641e-01 9.905085e-01 -8.404297e-02 -9.505423e+00 -9.873764e-01 1.174382e-01 1.062830e-01 6.946181e+01
1.126353e-01 7.144431e-02 9.910646e-01 9.939219e+01 1.108466e-01 9.902825e-01 -8.398574e-02 -9.641959e+00 -9.874342e-01 1.193159e-01 1.036214e-01 6.961972e+01
1.087702e-01 7.197963e-02 9.914575e-01 1.008092e+02 1.097379e-01 9.904096e-01 -8.394263e-02 -9.777436e+00 -9.879912e-01 1.179310e-01 9.982819e-02 6.979224e+01
1.059772e-01 7.089288e-02 9.918382e-01 1.022305e+02 1.098828e-01 9.905115e-01 -8.253895e-02 -9.903052e+00 -9.882786e-01 1.177332e-01 9.718168e-02 6.994111e+01
1.025477e-01 7.159067e-02 9.921486e-01 1.036462e+02 1.057296e-01 9.909722e-01 -8.243391e-02 -1.003048e+01 -9.890931e-01 1.133529e-01 9.405262e-02 7.010597e+01
1.002792e-01 7.162756e-02 9.923777e-01 1.050223e+02 1.054566e-01 9.910219e-01 -8.218603e-02 -1.015770e+01 -9.893548e-01 1.128944e-01 9.182525e-02 7.024425e+01
9.964010e-02 7.212456e-02 9.924061e-01 1.064295e+02 1.043013e-01 9.911178e-01 -8.250304e-02 -1.028861e+01 -9.895419e-01 1.117298e-01 9.123240e-02 7.036859e+01
9.805598e-02 7.192300e-02 9.925785e-01 1.078320e+02 1.028164e-01 9.913156e-01 -8.198863e-02 -1.042032e+01 -9.898554e-01 1.100928e-01 8.980956e-02 7.050780e+01
9.647983e-02 7.170280e-02 9.927489e-01 1.093260e+02 1.013241e-01 9.915128e-01 -8.146066e-02 -1.055740e+01 -9.901642e-01 1.084487e-01 8.839577e-02 7.065023e+01
9.500886e-02 7.114138e-02 9.929311e-01 1.108052e+02 1.007183e-01 9.916378e-01 -8.068597e-02 -1.069553e+01 -9.903682e-01 1.076722e-01 8.704914e-02 7.079306e+01
9.496016e-02 6.939167e-02 9.930596e-01 1.122579e+02 1.011100e-01 9.917363e-01 -7.896773e-02 -1.082624e+01 -9.903329e-01 1.079070e-01 8.715925e-02 7.091080e+01
9.228688e-02 6.942082e-02 9.933096e-01 1.136901e+02 9.814236e-02 9.920752e-01 -7.845281e-02 -1.095655e+01 -9.908841e-01 1.047259e-01 8.474240e-02 7.105843e+01
9.077956e-02 7.063691e-02 9.933627e-01 1.151679e+02 9.786819e-02 9.920201e-01 -7.948523e-02 -1.108954e+01 -9.910504e-01 1.044342e-01 8.314204e-02 7.119748e+01
9.167170e-02 7.218576e-02 9.931694e-01 1.166650e+02 1.014773e-01 9.914995e-01 -8.143096e-02 -1.121709e+01 -9.906052e-01 1.082491e-01 8.356723e-02 7.130549e+01
9.137889e-02 7.399611e-02 9.930632e-01 1.181252e+02 1.002522e-01 9.914854e-01 -8.310347e-02 -1.133990e+01 -9.907570e-01 1.071507e-01 8.318257e-02 7.142226e+01
9.025890e-02 7.451265e-02 9.931270e-01 1.196120e+02 1.003079e-01 9.914462e-01 -8.350289e-02 -1.147446e+01 -9.908540e-01 1.071554e-01 8.201264e-02 7.155246e+01
9.080525e-02 7.435507e-02 9.930890e-01 1.210621e+02 1.017479e-01 9.912976e-01 -8.352449e-02 -1.160827e+01 -9.906572e-01 1.086292e-01 8.244956e-02 7.165933e+01
8.913009e-02 7.325409e-02 9.933225e-01 1.224937e+02 9.884879e-02 9.917177e-01 -8.200537e-02 -1.174462e+01 -9.911028e-01 1.054979e-01 8.115081e-02 7.179348e+01
9.113499e-02 7.066383e-02 9.933283e-01 1.239975e+02 1.028000e-01 9.914827e-01 -7.996413e-02 -1.189014e+01 -9.905183e-01 1.094017e-01 8.309452e-02 7.189133e+01
9.090765e-02 6.920598e-02 9.934517e-01 1.254583e+02 1.016247e-01 9.917299e-01 -7.838538e-02 -1.202271e+01 -9.906605e-01 1.080850e-01 8.312280e-02 7.202284e+01
9.046675e-02 6.801357e-02 9.935743e-01 1.268949e+02 1.010643e-01 9.918879e-01 -7.710022e-02 -1.215277e+01 -9.907582e-01 1.073899e-01 8.285913e-02 7.215572e+01
9.161764e-02 6.751965e-02 9.935025e-01 1.283725e+02 1.003239e-01 9.919965e-01 -7.666885e-02 -1.229089e+01 -9.907277e-01 1.066963e-01 8.411054e-02 7.227668e+01
9.083181e-02 6.848909e-02 9.935083e-01 1.298371e+02 9.670622e-02 9.923108e-01 -7.724793e-02 -1.242388e+01 -9.911597e-01 1.030950e-01 8.351007e-02 7.242843e+01
9.073274e-02 6.922341e-02 9.934665e-01 1.313049e+02 9.360042e-02 9.925725e-01 -7.770959e-02 -1.256230e+01 -9.914669e-01 1.000397e-01 8.357948e-02 7.257673e+01
9.387334e-02 6.979345e-02 9.931348e-01 1.326679e+02 9.899558e-02 9.919417e-01 -7.906689e-02 -1.268113e+01 -9.906501e-01 1.057382e-01 8.620763e-02 7.267397e+01
9.584660e-02 7.062584e-02 9.928874e-01 1.340714e+02 9.735013e-02 9.920327e-01 -7.996257e-02 -1.281552e+01 -9.906242e-01 1.043219e-01 8.820753e-02 7.279375e+01
9.773203e-02 7.138293e-02 9.926494e-01 1.354612e+02 9.867110e-02 9.918150e-01 -8.103765e-02 -1.293722e+01 -9.903093e-01 1.058658e-01 8.988866e-02 7.290948e+01
9.918306e-02 7.009954e-02 9.925970e-01 1.368264e+02 1.008164e-01 9.916747e-01 -8.010826e-02 -1.306776e+01 -9.899489e-01 1.080155e-01 9.129015e-02 7.302198e+01
9.835122e-02 6.881555e-02 9.927696e-01 1.381982e+02 1.004715e-01 9.918222e-01 -7.870334e-02 -1.319190e+01 -9.900669e-01 1.074856e-01 9.063293e-02 7.315830e+01
9.837996e-02 6.644307e-02 9.929283e-01 1.395802e+02 1.035639e-01 9.916672e-01 -7.661986e-02 -1.332477e+01 -9.897454e-01 1.103694e-01 9.067908e-02 7.327053e+01
9.664334e-02 6.592993e-02 9.931331e-01 1.409395e+02 1.028146e-01 9.918046e-01 -7.584679e-02 -1.345120e+01 -9.899946e-01 1.094386e-01 8.907276e-02 7.337975e+01
9.199538e-02 6.556592e-02 9.935985e-01 1.423072e+02 1.004397e-01 9.921298e-01 -7.476852e-02 -1.357368e+01 -9.906809e-01 1.066751e-01 8.468594e-02 7.350802e+01
8.699742e-02 6.491832e-02 9.940911e-01 1.437222e+02 1.007731e-01 9.921824e-01 -7.361278e-02 -1.370078e+01 -9.910985e-01 1.065817e-01 7.977529e-02 7.361760e+01
7.839191e-02 6.431232e-02 9.948460e-01 1.451603e+02 9.942740e-02 9.924371e-01 -7.199128e-02 -1.383196e+01 -9.919521e-01 1.045585e-01 7.140463e-02 7.373598e+01
6.794619e-02 6.438775e-02 9.956091e-01 1.465847e+02 9.703597e-02 9.927576e-01 -7.082564e-02 -1.395580e+01 -9.929589e-01 1.014222e-01 6.120618e-02 7.383830e+01
5.655361e-02 6.478244e-02 9.962956e-01 1.480432e+02 9.595604e-02 9.929205e-01 -7.000981e-02 -1.407177e+01 -9.937777e-01 9.955989e-02 4.993697e-02 7.391149e+01
4.404759e-02 6.397824e-02 9.969787e-01 1.494874e+02 9.871457e-02 9.927849e-01 -6.807043e-02 -1.419021e+01 -9.941405e-01 1.014147e-01 3.741420e-02 7.395732e+01
2.792307e-02 6.430903e-02 9.975393e-01 1.509329e+02 9.522586e-02 9.932188e-01 -6.669606e-02 -1.430797e+01 -9.950640e-01 9.685389e-02 2.160984e-02 7.401121e+01
1.150422e-02 6.504381e-02 9.978161e-01 1.523784e+02 9.281824e-02 9.935043e-01 -6.583288e-02 -1.442865e+01 -9.956166e-01 9.337289e-02 5.392242e-03 7.403960e+01
-5.194272e-03 6.576517e-02 9.978216e-01 1.537921e+02 9.131191e-02 9.936975e-01 -6.501802e-02 -1.454741e+01 -9.958088e-01 9.077528e-02 -1.116668e-02 7.404098e+01
-2.395702e-02 6.556518e-02 9.975607e-01 1.552105e+02 8.816462e-02 9.940977e-01 -6.322024e-02 -1.466095e+01 -9.958178e-01 8.643498e-02 -2.959615e-02 7.403354e+01
-4.196355e-02 6.473232e-02 9.970200e-01 1.565932e+02 8.858171e-02 9.942102e-01 -6.082158e-02 -1.477110e+01 -9.951846e-01 8.576544e-02 -4.745469e-02 7.397829e+01
-6.043932e-02 6.322218e-02 9.961677e-01 1.579715e+02 8.897288e-02 9.943608e-01 -5.770936e-02 -1.488410e+01 -9.941986e-01 8.514399e-02 -6.572356e-02 7.389738e+01
-7.931002e-02 6.136768e-02 9.949593e-01 1.593563e+02 8.960237e-02 9.945019e-01 -5.419710e-02 -1.498076e+01 -9.928149e-01 8.485233e-02 -8.437266e-02 7.378743e+01
-9.999608e-02 5.982973e-02 9.931874e-01 1.607805e+02 9.171487e-02 9.944951e-01 -5.067447e-02 -1.507955e+01 -9.907518e-01 8.602280e-02 -1.049329e-01 7.366098e+01
-1.195679e-01 6.064207e-02 9.909723e-01 1.622077e+02 9.635211e-02 9.941301e-01 -4.920973e-02 -1.517193e+01 -9.881396e-01 8.959837e-02 -1.247091e-01 7.348076e+01
-1.403590e-01 6.070378e-02 9.882380e-01 1.636315e+02 9.622243e-02 9.942303e-01 -4.740544e-02 -1.526171e+01 -9.854139e-01 8.843689e-02 -1.453902e-01 7.328605e+01
-1.620829e-01 6.398559e-02 9.847005e-01 1.650169e+02 9.843360e-02 9.939666e-01 -4.838541e-02 -1.535027e+01 -9.818554e-01 8.908516e-02 -1.674033e-01 7.306929e+01
-1.868320e-01 6.438617e-02 9.802797e-01 1.663992e+02 9.321975e-02 9.945093e-01 -4.755399e-02 -1.544142e+01 -9.779590e-01 8.249682e-02 -1.918083e-01 7.284550e+01
-2.113992e-01 6.558047e-02 9.751972e-01 1.677714e+02 9.108815e-02 9.947261e-01 -4.714805e-02 -1.552560e+01 -9.731461e-01 7.886184e-02 -2.162579e-01 7.256185e+01
-2.377370e-01 6.446267e-02 9.691881e-01 1.690798e+02 8.856199e-02 9.950779e-01 -4.446083e-02 -1.560773e+01 -9.672838e-01 7.526325e-02 -2.422758e-01 7.226292e+01
-2.643798e-01 6.326346e-02 9.623414e-01 1.704420e+02 8.802168e-02 9.952643e-01 -4.124597e-02 -1.568937e+01 -9.603934e-01 7.380231e-02 -2.686963e-01 7.190244e+01
-2.917268e-01 6.354981e-02 9.543882e-01 1.717817e+02 8.929807e-02 9.952421e-01 -3.897450e-02 -1.576781e+01 -9.523242e-01 7.385512e-02 -2.960136e-01 7.150706e+01
-3.183958e-01 6.438919e-02 9.457686e-01 1.731112e+02 9.151720e-02 9.951181e-01 -3.693944e-02 -1.583927e+01 -9.435299e-01 7.479273e-02 -3.227341e-01 7.105624e+01
-3.476961e-01 6.470045e-02 9.353723e-01 1.744029e+02 8.957159e-02 9.953456e-01 -3.555335e-02 -1.591061e+01 -9.333190e-01 7.142102e-02 -3.518731e-01 7.061301e+01
-3.747283e-01 6.724916e-02 9.246925e-01 1.757203e+02 9.399323e-02 9.949828e-01 -3.427067e-02 -1.598029e+01 -9.223578e-01 7.407265e-02 -3.791692e-01 7.007427e+01
-4.027493e-01 6.869437e-02 9.127289e-01 1.769884e+02 9.385570e-02 9.950229e-01 -3.347342e-02 -1.604722e+01 -9.104857e-01 7.218342e-02 -4.071921e-01 6.951970e+01
-4.295863e-01 7.255380e-02 9.001064e-01 1.782105e+02 9.886566e-02 9.945541e-01 -3.298204e-02 -1.611726e+01 -8.975975e-01 7.482099e-02 -4.344198e-01 6.891735e+01
-4.575423e-01 7.562069e-02 8.859664e-01 1.793660e+02 1.008465e-01 9.943614e-01 -3.279217e-02 -1.617853e+01 -8.834506e-01 7.434280e-02 -4.625885e-01 6.832782e+01
-4.856159e-01 7.732396e-02 8.707458e-01 1.804868e+02 1.015931e-01 9.943228e-01 -3.163928e-02 -1.623410e+01 -8.682489e-01 7.309721e-02 -4.907145e-01 6.772048e+01
-5.135597e-01 7.889746e-02 8.544189e-01 1.815758e+02 1.023392e-01 9.942880e-01 -3.030070e-02 -1.628884e+01 -8.519291e-01 7.187937e-02 -5.187005e-01 6.708595e+01
-5.399003e-01 8.104062e-02 8.378186e-01 1.826330e+02 1.057807e-01 9.939957e-01 -2.798100e-02 -1.633798e+01 -8.350558e-01 7.351809e-02 -5.452311e-01 6.640639e+01
-5.669509e-01 7.970500e-02 8.198864e-01 1.836934e+02 1.028390e-01 9.943697e-01 -2.555425e-02 -1.639378e+01 -8.173070e-01 6.982829e-02 -5.719556e-01 6.570040e+01
-5.927976e-01 8.027094e-02 8.013411e-01 1.847286e+02 1.017703e-01 9.945102e-01 -2.433552e-02 -1.644615e+01 -7.988954e-01 6.712673e-02 -5.977125e-01 6.494496e+01
-6.181615e-01 8.298051e-02 7.816589e-01 1.857192e+02 1.022895e-01 9.944486e-01 -2.467624e-02 -1.649523e+01 -7.793672e-01 6.470163e-02 -6.232178e-01 6.416802e+01
-6.437584e-01 8.272732e-02 7.607439e-01 1.866811e+02 9.970316e-02 9.947325e-01 -2.380145e-02 -1.654440e+01 -7.587057e-01 6.052619e-02 -6.486156e-01 6.337808e+01
-6.674176e-01 8.359060e-02 7.399773e-01 1.875931e+02 9.982866e-02 9.947540e-01 -2.233133e-02 -1.658704e+01 -7.379621e-01 5.896662e-02 -6.722611e-01 6.256908e+01
-6.898959e-01 8.508849e-02 7.188906e-01 1.884745e+02 1.013396e-01 9.946412e-01 -2.047422e-02 -1.662828e+01 -7.167803e-01 5.872702e-02 -6.948217e-01 6.173549e+01
-7.117433e-01 8.622132e-02 6.971279e-01 1.893308e+02 1.028748e-01 9.945319e-01 -1.797294e-02 -1.666618e+01 -6.948656e-01 5.892475e-02 -7.167214e-01 6.087779e+01
-7.325585e-01 8.609611e-02 6.752374e-01 1.901716e+02 1.029136e-01 9.945747e-01 -1.516319e-02 -1.670396e+01 -6.728795e-01 5.838321e-02 -7.374446e-01 5.997704e+01
-7.513596e-01 8.847742e-02 6.539346e-01 1.909669e+02 1.061003e-01 9.942754e-01 -1.261815e-02 -1.673100e+01 -6.513075e-01 5.990189e-02 -7.564458e-01 5.904706e+01
-7.711902e-01 8.655741e-02 6.306929e-01 1.917708e+02 1.031518e-01 9.946116e-01 -1.037171e-02 -1.675753e+01 -6.281922e-01 5.705854e-02 -7.759632e-01 5.810038e+01
-7.897939e-01 8.773859e-02 6.070646e-01 1.925383e+02 1.022396e-01 9.947017e-01 -1.074922e-02 -1.677898e+01 -6.047914e-01 5.357641e-02 -7.945798e-01 5.712600e+01
-8.074310e-01 8.881531e-02 5.832384e-01 1.932485e+02 1.011735e-01 9.948032e-01 -1.142443e-02 -1.679998e+01 -5.812221e-01 4.978381e-02 -8.122207e-01 5.616372e+01
-8.236390e-01 8.926759e-02 5.600448e-01 1.939118e+02 1.018760e-01 9.947588e-01 -8.732684e-03 -1.682411e+01 -5.578890e-01 4.986253e-02 -8.284163e-01 5.519279e+01
-8.402931e-01 8.744601e-02 5.350333e-01 1.945783e+02 9.970465e-02 9.949988e-01 -6.032421e-03 -1.684852e+01 -5.328850e-01 4.827631e-02 -8.448094e-01 5.418569e+01
-8.553917e-01 8.758806e-02 5.105226e-01 1.951894e+02 9.960336e-02 9.950199e-01 -3.823471e-03 -1.686733e+01 -5.083151e-01 4.757921e-02 -8.598558e-01 5.317283e+01
-8.696252e-01 8.772792e-02 4.858558e-01 1.957779e+02 1.001472e-01 9.949726e-01 -4.041333e-04 -1.688180e+01 -4.834487e-01 4.830565e-02 -8.740389e-01 5.212657e+01
-8.828348e-01 9.018551e-02 4.609438e-01 1.963224e+02 1.022838e-01 9.947544e-01 1.274075e-03 -1.689118e+01 -4.584110e-01 4.827189e-02 -8.874284e-01 5.106691e+01
-8.960850e-01 8.961531e-02 4.347422e-01 1.968565e+02 1.005019e-01 9.949347e-01 2.062876e-03 -1.690086e+01 -4.323552e-01 4.554091e-02 -9.005526e-01 4.999437e+01
-9.084048e-01 8.985792e-02 4.083214e-01 1.973529e+02 9.974738e-02 9.950084e-01 2.942795e-03 -1.691252e+01 -4.060188e-01 4.340224e-02 -9.128335e-01 4.891067e+01
-9.211976e-01 8.500208e-02 3.796967e-01 1.978297e+02 9.334819e-02 9.956271e-01 3.586447e-03 -1.692184e+01 -3.777314e-01 3.874783e-02 -9.251041e-01 4.785243e+01
-9.323982e-01 8.343556e-02 3.516705e-01 1.982440e+02 9.113292e-02 9.958243e-01 5.360165e-03 -1.693085e+01 -3.497548e-01 3.704657e-02 -9.361085e-01 4.680759e+01
-9.434959e-01 7.699278e-02 3.223160e-01 1.986507e+02 8.415007e-02 9.964184e-01 8.309305e-03 -1.693626e+01 -3.205218e-01 3.496271e-02 -9.465957e-01 4.574489e+01
-9.525701e-01 7.659577e-02 2.945222e-01 1.990020e+02 8.363910e-02 9.964312e-01 1.137330e-02 -1.693857e+01 -2.926000e-01 3.546744e-02 -9.555769e-01 4.463469e+01
-9.604972e-01 7.944348e-02 2.667092e-01 1.993074e+02 8.604908e-02 9.962041e-01 1.315283e-02 -1.693392e+01 -2.646519e-01 3.558334e-02 -9.636873e-01 4.353813e+01
-9.683506e-01 7.749232e-02 2.372594e-01 1.996124e+02 8.311601e-02 9.964446e-01 1.377662e-02 -1.692499e+01 -2.353483e-01 3.306066e-02 -9.713486e-01 4.238599e+01
-9.751970e-01 7.737938e-02 2.073720e-01 1.998655e+02 8.197078e-02 9.965416e-01 1.362715e-02 -1.691865e+01 -2.056004e-01 3.028760e-02 -9.781672e-01 4.124318e+01
-9.816203e-01 7.134335e-02 1.770076e-01 2.000969e+02 7.552738e-02 9.969987e-01 1.700482e-02 -1.691350e+01 -1.752631e-01 3.006120e-02 -9.840626e-01 4.009749e+01
-9.862011e-01 7.298723e-02 1.485943e-01 2.002669e+02 7.680791e-02 9.968427e-01 2.013034e-02 -1.690341e+01 -1.466559e-01 3.126578e-02 -9.886933e-01 3.894002e+01
-9.903982e-01 7.087790e-02 1.186918e-01 2.004314e+02 7.416126e-02 9.969700e-01 2.347284e-02 -1.688383e+01 -1.166685e-01 3.204979e-02 -9.926537e-01 3.776175e+01
-9.932622e-01 7.312165e-02 8.990755e-02 2.005357e+02 7.565825e-02 9.968170e-01 2.513223e-02 -1.686435e+01 -8.778366e-02 3.176514e-02 -9.956330e-01 3.657817e+01
-9.956269e-01 7.204517e-02 5.946861e-02 2.006198e+02 7.378139e-02 9.968943e-01 2.753246e-02 -1.684985e+01 -5.730034e-02 3.179974e-02 -9.978504e-01 3.537582e+01
-9.973586e-01 6.724751e-02 2.745078e-02 2.006940e+02 6.802827e-02 9.972741e-01 2.857433e-02 -1.682900e+01 -2.545440e-02 3.036628e-02 -9.992147e-01 3.417119e+01
-9.978586e-01 6.528220e-02 -4.047399e-03 2.007155e+02 6.512301e-02 9.973794e-01 3.151601e-02 -1.680471e+01 6.094228e-03 3.118495e-02 -9.994951e-01 3.299650e+01
-9.970078e-01 6.891954e-02 -3.500881e-02 2.006796e+02 6.770944e-02 9.971032e-01 3.465012e-02 -1.678522e+01 3.729547e-02 3.217601e-02 -9.987861e-01 3.182362e+01
-9.954589e-01 6.682284e-02 -6.779645e-02 2.006293e+02 6.443135e-02 9.972408e-01 3.687074e-02 -1.675529e+01 7.007320e-02 3.233508e-02 -9.970176e-01 3.063715e+01
-9.928703e-01 6.345918e-02 -1.009037e-01 2.005348e+02 5.994733e-02 9.974982e-01 3.746640e-02 -1.672447e+01 1.030288e-01 3.115037e-02 -9.941905e-01 2.945189e+01
-9.891614e-01 5.850408e-02 -1.346737e-01 2.004075e+02 5.369841e-02 9.977935e-01 3.904692e-02 -1.669012e+01 1.366609e-01 3.139194e-02 -9.901204e-01 2.826981e+01
-9.840426e-01 5.783496e-02 -1.682713e-01 2.002316e+02 5.131961e-02 9.977640e-01 4.281750e-02 -1.665678e+01 1.703714e-01 3.349863e-02 -9.848104e-01 2.712275e+01
-9.773820e-01 5.779742e-02 -2.034302e-01 2.000145e+02 4.927701e-02 9.976925e-01 4.670684e-02 -1.661863e+01 2.056603e-01 3.562599e-02 -9.779747e-01 2.597004e+01
-9.693186e-01 6.276240e-02 -2.376601e-01 1.997236e+02 5.247531e-02 9.974009e-01 4.937299e-02 -1.657740e+01 2.401411e-01 3.538687e-02 -9.700928e-01 2.477173e+01
-9.600490e-01 5.631233e-02 -2.741072e-01 1.994303e+02 4.415685e-02 9.977565e-01 5.032062e-02 -1.652762e+01 2.763260e-01 3.620655e-02 -9.603817e-01 2.354304e+01
-9.495433e-01 5.427084e-02 -3.089049e-01 1.990738e+02 4.088763e-02 9.979299e-01 4.963961e-02 -1.647699e+01 3.109594e-01 3.450457e-02 -9.497966e-01 2.234816e+01
-9.377541e-01 5.148643e-02 -3.434622e-01 1.986704e+02 3.619659e-02 9.980535e-01 5.078494e-02 -1.642032e+01 3.454084e-01 3.519163e-02 -9.377924e-01 2.115491e+01
-9.254770e-01 5.301017e-02 -3.750763e-01 1.981962e+02 3.595531e-02 9.979824e-01 5.232908e-02 -1.636925e+01 3.770936e-01 3.494337e-02 -9.255157e-01 1.999306e+01
-9.117408e-01 5.270473e-02 -4.073707e-01 1.976820e+02 3.372749e-02 9.979910e-01 5.363202e-02 -1.631662e+01 4.093790e-01 3.515891e-02 -9.116867e-01 1.879534e+01
-8.974776e-01 5.392074e-02 -4.377516e-01 1.971263e+02 3.398989e-02 9.980029e-01 5.324455e-02 -1.625998e+01 4.397483e-01 3.290667e-02 -8.975180e-01 1.763783e+01
-8.830933e-01 4.981302e-02 -4.665457e-01 1.965273e+02 2.838716e-02 9.981991e-01 5.284544e-02 -1.620788e+01 4.683379e-01 3.342355e-02 -8.829170e-01 1.645068e+01
-8.681857e-01 5.120430e-02 -4.935906e-01 1.958841e+02 2.856420e-02 9.981696e-01 5.330641e-02 -1.615050e+01 4.954166e-01 3.218084e-02 -8.680592e-01 1.531067e+01
-8.537772e-01 5.312548e-02 -5.179210e-01 1.952029e+02 2.919114e-02 9.981001e-01 5.425889e-02 -1.608892e+01 5.198195e-01 3.120630e-02 -8.537059e-01 1.420665e+01
-8.386909e-01 5.477997e-02 -5.418457e-01 1.944968e+02 2.906993e-02 9.980130e-01 5.590233e-02 -1.602753e+01 5.438314e-01 3.113336e-02 -8.386168e-01 1.310233e+01
-8.241317e-01 6.058597e-02 -5.631485e-01 1.937744e+02 3.448626e-02 9.977854e-01 5.687767e-02 -1.597122e+01 5.653473e-01 2.745381e-02 -8.243960e-01 1.205710e+01
-8.092037e-01 6.627921e-02 -5.837777e-01 1.930040e+02 4.168347e-02 9.975892e-01 5.548175e-02 -1.591214e+01 5.860477e-01 2.056215e-02 -8.100156e-01 1.100239e+01
-7.945919e-01 7.266217e-02 -6.027802e-01 1.922150e+02 4.870025e-02 9.972415e-01 5.601529e-02 -1.585128e+01 6.051876e-01 1.515375e-02 -7.959387e-01 9.985818e+00
-7.799928e-01 7.690981e-02 -6.210444e-01 1.914038e+02 5.021687e-02 9.969110e-01 6.038771e-02 -1.579647e+01 6.237704e-01 1.591507e-02 -7.814456e-01 8.978403e+00
-7.634282e-01 7.475572e-02 -6.415519e-01 1.905836e+02 4.496620e-02 9.970210e-01 6.266764e-02 -1.572941e+01 6.443255e-01 1.899409e-02 -7.645154e-01 7.959094e+00
-7.468391e-01 6.780965e-02 -6.615385e-01 1.897177e+02 3.783599e-02 9.975090e-01 5.953296e-02 -1.566006e+01 6.639275e-01 1.943158e-02 -7.475444e-01 6.928281e+00
-7.320729e-01 6.473930e-02 -6.781431e-01 1.887660e+02 3.830013e-02 9.978110e-01 5.391060e-02 -1.559138e+01 6.801487e-01 1.349352e-02 -7.329499e-01 5.921834e+00
-7.161153e-01 8.382594e-02 -6.929301e-01 1.876369e+02 7.378067e-02 9.962912e-01 4.427513e-02 -1.549112e+01 6.940715e-01 -1.941875e-02 -7.196441e-01 4.943441e+00
-7.010326e-01 8.290994e-02 -7.082932e-01 1.867398e+02 7.501814e-02 9.962816e-01 4.237155e-02 -1.543346e+01 7.091724e-01 -2.343099e-02 -7.046456e-01 4.047747e+00
-6.860328e-01 8.207403e-02 -7.229265e-01 1.857369e+02 7.408222e-02 9.963327e-01 4.281239e-02 -1.537598e+01 7.237892e-01 -2.418530e-02 -6.895972e-01 3.107294e+00
-6.704473e-01 7.882606e-02 -7.377580e-01 1.848023e+02 7.000189e-02 9.966253e-01 4.286970e-02 -1.533000e+01 7.386475e-01 -2.290258e-02 -6.737027e-01 2.257623e+00
-6.554206e-01 7.773807e-02 -7.512527e-01 1.837685e+02 6.801086e-02 9.967225e-01 4.380359e-02 -1.526491e+01 7.521957e-01 -2.238357e-02 -6.585595e-01 1.366421e+00
-6.388824e-01 8.141090e-02 -7.649847e-01 1.827070e+02 7.026532e-02 9.964036e-01 4.735629e-02 -1.520337e+01 7.660888e-01 -2.349680e-02 -6.423051e-01 4.711474e-01
-6.217076e-01 8.214335e-02 -7.789301e-01 1.816309e+02 6.837684e-02 9.963807e-01 5.049959e-02 -1.514108e+01 7.802591e-01 -2.186480e-02 -6.250741e-01 -4.035520e-01
-6.053529e-01 8.269890e-02 -7.916494e-01 1.805155e+02 6.634119e-02 9.963694e-01 5.335548e-02 -1.507235e+01 7.931877e-01 -2.022007e-02 -6.086415e-01 -1.252377e+00
-5.900218e-01 8.124642e-02 -8.032891e-01 1.793119e+02 6.300967e-02 9.965232e-01 5.450947e-02 -1.498931e+01 8.049249e-01 -1.845320e-02 -5.930897e-01 -2.169605e+00
-5.766343e-01 8.254415e-02 -8.128219e-01 1.780716e+02 6.497355e-02 9.963652e-01 5.508974e-02 -1.489936e+01 8.144147e-01 -2.104529e-02 -5.799015e-01 -3.049859e+00
-5.624450e-01 8.294368e-02 -8.226640e-01 1.768739e+02 6.427433e-02 9.963310e-01 5.650981e-02 -1.482065e+01 8.243327e-01 -2.109252e-02 -5.657125e-01 -3.882153e+00
-5.508496e-01 8.559598e-02 -8.302036e-01 1.757119e+02 6.856236e-02 9.960058e-01 5.719867e-02 -1.474128e+01 8.317836e-01 -2.541285e-02 -5.545181e-01 -4.636100e+00
-5.393386e-01 8.524143e-02 -8.377635e-01 1.743201e+02 6.768975e-02 9.960326e-01 5.776755e-02 -1.461585e+01 8.393640e-01 -2.555173e-02 -5.429689e-01 -5.493529e+00
-5.270962e-01 8.448189e-02 -8.455959e-01 1.730465e+02 6.382855e-02 9.961713e-01 5.973852e-02 -1.452740e+01 8.474052e-01 -2.248521e-02 -5.304704e-01 -6.316342e+00
-5.155449e-01 8.631151e-02 -8.525044e-01 1.714889e+02 6.656959e-02 9.959413e-01 6.057632e-02 -1.440059e+01 8.542728e-01 -2.552106e-02 -5.191982e-01 -7.239394e+00
-5.048834e-01 8.760603e-02 -8.587304e-01 1.701186e+02 6.555738e-02 9.958548e-01 6.305127e-02 -1.429397e+01 8.606945e-01 -2.446258e-02 -5.085338e-01 -8.059823e+00
-4.946867e-01 8.785111e-02 -8.646197e-01 1.687670e+02 6.402932e-02 9.958581e-01 6.455183e-02 -1.419910e+01 8.667095e-01 -2.342809e-02 -4.982627e-01 -8.864571e+00
-4.867833e-01 9.196287e-02 -8.686685e-01 1.671952e+02 7.451874e-02 9.951895e-01 6.359850e-02 -1.409220e+01 8.703385e-01 -3.377340e-02 -4.912946e-01 -9.693657e+00
-4.804269e-01 9.345591e-02 -8.720413e-01 1.656771e+02 7.660014e-02 9.949780e-01 6.443022e-02 -1.397729e+01 8.736832e-01 -3.584447e-02 -4.851729e-01 -1.055490e+01
-4.751580e-01 9.445890e-02 -8.748157e-01 1.640291e+02 7.849160e-02 9.948077e-01 6.478226e-02 -1.385363e+01 8.763926e-01 -3.788388e-02 -4.801050e-01 -1.145440e+01
